0,1,2,3,4,5,6,7,8,9,10,11,12,13,14,15,16,17,18,19,20,21,22,23,24,25,26,27,28,29,30,31,32,33,34,35,36,37,38,39,40,41,42,43,44,45,46,47,48,49,50,51,52,53,54,55,56,57,58,59,60,61,62,63,64,65,66,67,68,69,70,71,72,73,74,75,76,77,78,79,80,81,82,83,84,85,86,87,88,89,90,91,92,93,94,95,96,97,98,99,100,101,102,103,104,105,106,107,108,109,110,111,112,113,114,115,116,117,118,119,120,121,122,123,124,125,126,127,128,129,130,131,132,133,134,135,136,137,138,139,140,141,142,143,144,145,146,147,148,149,150,151,152,153,154,155,156,157,158,159,160,161,162,163,164,165,166,167,168,169,170,171,172,173,174,175,176,177,178,179,180,181,182,183,184,185,186,187,188,189,190,191,192,193,194,195,196,197,198,199,200,201,202,203,204,205,206,207,208,209,210,211,212,213,214,215,216,217,218,219,220,221,222,223,224,225,226,227,228,229,230,231,232,233,234,235,236,237,238,239,240,241,242,243,244,245,246,247,248,249,250,251,252,253,254,255,256,257,258,259,260,261,262,263,264,265,266,267,268,269,270,271,272,273,274,275,276,277,278,279,280,281,282,283,284,285,286,287,288,289,290,291,292,293,294,295,296,297,298,299,300,301,302,303,304,305,306,307,308,309,310,311,312,313,314,315,316,317,318,319,320,321,322,323,324,325,326,327,328,329,330,331,332,333,334,335,336,337,338,339,340,341,342,343,344,345,346,347,348,349,350,351,352,353,354,355,356,357,358,359,360,361,362,363,364,365,366,367,368,369,370,371,372,373,374,375,376,377,378,379,380,381,382,383,384,385,386,387,388,389,390,391,392,393,394,395,396,397,398,399,400,401,402,403,404,405,406,407,408,409,410,411,412,413,414,415,416,417,418,419,420,421,422,423,424,425,426,427,428,429,430,431,432,433,434,435,436,437,438,439,440,441,442,443,444,445,446,447,448,449,450,451,452,453,454,455,456,457,458,459,460,461,462,463,464,465,466,467,468,469,470,471,472,473,474,475,476,477,478,479,480,481,482,483,484,485,486,487,488,489,490,491,492,493,494,495,496,497,498,499,500,501,502,503,504,505,506,507,508,509,510,511,512,513,514,515,516,517,518,519,520,521,522,523,524,525,526,527,528,529,530,531,532,533,534,535,536,537,538,539,540,541,542,543,544,545,546,547,548,549,550,551,552,553,554,555,556,557,558,559,560,561,562,563,564,565,566,567,568,569,570,571,572,573,574,575,576,577,578,579,580,581,582,583,584,585,586,587,588,589,590,591,592,593,594,595,596,597,598,599,600,601,602,603,604,605,606,607,608,609,610,611,612,613,614,615,616,617,618,619,620,621,622,623,624,625,626,627,628,629,630,631,632,633,634,635,636,637,638,639,640,641,642,643,644,645,646,647,648,649,650,651,652,653,654,655,656,657,658,659,660,661,662,663,664,665,666,667,668,669,670,671,672,673,674,675,676,677,678,679,680,681,682,683,684,685,686,687,688,689,690,691,692,693,694,695,696,697,698,699,700,701,702,703,704,705,706,707,708,709,710,711,712,713,714,715,716,717,718,719,720,721,722,723,724,725,726,727,728,729,730,731,732,733,734,735,736,737,738,739,740,741,742,743,744,745,746,747,748,749,750,751,752,753,754,755,756,757,758,759,760,761,762,763,764,765,766,767,sentiment,num_hashtags,num_targets,num_urls,num_negations,num_newlines,num_pos_exclam,num_neg_exclam,num_pos_cap,num_neg_cap,num_pos_words,num_neg_words,num_JJ,num_RB,num_VB,num_NN,num_pos_JJ,num_pos_RB,num_pos_VB,num_pos_NN,num_neg_JJ,num_neg_RB,num_neg_VB,num_neg_NN,total_score_JJ,total_score_RB,total_score_VB,total_score_NN
0.14053468,-0.058242876,0.60339344,0.14960591,-0.039140552,-0.31115478,-0.04442297,1.2736061,-0.49960744,-0.33457065,0.47082174,-0.63615495,0.004090973,0.77361053,-1.1413726,0.35170865,0.2947401,0.19792587,0.1190854,0.087780915,0.57867,-0.15162274,0.16093309,-0.11856181,-0.041676804,-0.37808403,0.020881988,0.12221881,-0.5492016,0.035659388,0.071413994,0.55313575,-0.11304082,-0.27674344,-0.058971196,-0.29751366,-0.24529035,0.24338004,-0.40983745,0.4606702,-0.08179983,-0.3561601,0.3271787,-0.025056604,-0.60495156,-0.25154585,0.16864236,-0.478929,-0.17942473,-0.6543343,-0.5650684,-0.36534604,-0.19912806,-0.40466595,0.55992854,0.2457458,0.24705054,-0.7295719,-0.08838796,0.19392411,0.15644109,0.091315016,-0.07298222,0.15739137,-0.36725527,-0.13567217,-0.20779741,-0.2968679,-0.10746982,-0.2584357,-0.08062651,-0.16731127,0.0325895,0.8331069,-0.24810578,-0.596958,-0.2653248,0.38060153,-0.44021115,0.013032173,-0.0689634,0.34929928,-0.16506958,0.55658466,0.1862535,0.10574014,-0.49491563,0.05068297,-1.0151137,0.7427831,0.36394376,0.04298219,-0.37350193,-0.30412325,-0.038687766,-0.011844922,0.31326354,0.043822397,0.077523865,0.48684552,0.66389924,-0.42311242,-0.25954932,-0.5967196,0.048332114,-0.16582645,-0.29974976,0.36686844,0.5068296,-0.364294,-0.25558463,0.2120497,0.34368867,0.5541369,-0.0071717147,-0.05660455,-0.1316971,0.16031134,0.4444319,-0.29275712,-0.96399105,0.045955747,0.28724712,0.37864003,-0.0793143,0.31703648,-0.6167535,-0.48477903,-0.26483637,0.30187488,0.19503659,0.51861787,-0.16741969,-0.8461418,0.19255789,-0.11223123,-0.09889462,-0.66633695,-0.6790817,-0.5665987,-0.6097867,0.06905149,0.38129383,0.20435917,-0.19551246,-0.4915029,-0.5895563,-0.14736602,-0.2823639,0.20262511,-0.2917813,-0.40658846,-0.22498026,0.01717792,-0.17789851,-0.37184647,-0.75434256,0.16345097,0.22209838,0.39542162,-0.019973073,-0.3827611,0.2807158,-0.09052013,-0.044428837,-0.33178276,0.11241519,-0.2797602,-0.34806246,0.16007107,0.10751716,0.39236075,0.469993,-0.24095358,0.5351432,-0.52922463,0.19159703,0.14179446,0.063968875,0.60964215,-0.34036383,0.06926012,-0.045730382,-0.1569414,0.52364784,0.25931063,0.384567,-0.05478212,0.8779847,-0.6393761,-0.24580367,0.15768309,0.18378194,-0.6024997,0.3962464,-0.40361094,0.32766894,-0.67676175,-0.37383747,-0.12821311,0.18980744,0.03571592,0.00082509086,-0.04368184,-0.46492517,0.87464595,-0.09179301,0.43883574,0.25877205,0.20604308,0.49419007,0.31077766,-0.31143048,-0.0073243403,0.27789855,-0.3234078,-0.080303945,0.27264732,0.028392142,0.14478149,0.2652088,-0.58201617,-0.31118888,0.49332246,-0.23715284,0.58531886,0.010529586,-0.4876161,-0.0945213,0.15546247,0.09154565,0.22900908,0.9060166,-0.35803795,0.39125392,0.57856536,0.061431356,0.09148843,-0.12475727,0.120110705,-0.31869408,-0.06305577,0.30690408,0.3616538,0.2209829,0.12300353,-0.28180203,-0.9881285,-0.3276068,-0.81954074,0.12379213,-0.25013334,0.16667473,-0.811052,-0.15593839,-0.08794472,-0.3614184,-0.26300925,-0.01370695,-0.32543206,0.09885813,-0.20851582,-0.6215828,-0.32041466,-0.12302886,-0.0659827,-0.13386968,0.35726735,0.25112882,-0.013238102,0.8106568,0.23565127,0.175329,0.42499325,0.5554949,0.21005805,0.37291226,0.66132814,0.106717736,-0.79199284,0.41297418,0.7904616,-0.026802901,0.025692072,-0.030747939,0.1340347,-0.30978456,0.3560603,0.23429689,-0.91246516,0.13306695,0.15830544,-0.4749632,-0.16688578,0.14373554,0.23698355,-0.35065866,0.23724036,-0.014913515,-0.65663433,-0.44053233,0.70531523,0.09461298,0.4166591,-0.313142,-0.5394498,-0.36358875,0.14908504,-11.028303,-0.13174763,-0.008364234,-0.044094466,0.46915436,-0.29602897,0.013814156,0.2544455,-0.2573059,0.02878854,0.024738919,-0.4408683,-0.037688736,0.52282053,0.5499261,0.12214383,0.24059746,0.15331247,-0.35627463,0.060729243,0.36278155,-0.8029848,0.60560703,-0.27201006,0.048747733,0.16003804,-0.20659645,0.34156433,-0.32249427,-0.18092415,-0.14497307,-0.180437,-0.34706283,0.37930602,-0.09589319,0.07872961,-0.03303655,-0.27558988,0.42768928,-0.65324897,0.17987506,-0.034487657,-0.18541844,0.5313185,0.24362959,-0.2306083,-0.17492668,-0.14572498,0.14668436,0.5304976,-0.092396654,-0.42383334,0.010623376,-0.62709224,-0.1076756,-0.09184465,0.7126809,1.4781654,-0.15257807,-0.7487608,-0.20356356,0.16339408,-0.9969883,-0.12230795,-0.12159813,0.71949685,-0.40174708,0.6161574,0.28903326,0.024153104,0.15210469,0.66235787,0.33746547,-1.4909048,-0.17883241,0.8056179,-0.16910201,0.41153607,-0.39018285,-0.1380719,-0.008209939,-0.08525719,-0.04769271,-0.4053475,-0.51202554,-0.25159058,0.4396814,-1.1438142,-0.6120086,-0.6783729,0.15733632,-0.5379138,0.22698681,0.11467906,0.47454765,-0.14831315,0.73961896,-0.5254,0.04010015,-0.1771373,0.43920326,0.3343367,-0.16587617,0.37729904,0.16289327,-0.20873846,0.2765063,0.08051413,-0.11700753,0.4087584,0.7837875,-0.6672196,0.30429494,0.13285176,-0.40228525,-0.4611072,0.9645256,-0.0038911803,-0.18305288,-0.18935435,-0.012000461,0.23323809,-0.56099564,-0.7387682,-0.3731539,-0.27224737,-0.07315321,0.44622073,-0.62124044,0.6699704,-0.19559497,0.11026133,-0.5145103,-0.007844678,-0.2734396,-0.3552426,0.005757472,-0.90188724,0.3716682,0.13380893,-0.07671875,0.010098046,0.97753114,0.61238223,-0.3411593,0.387685,-0.20972827,0.27751938,-0.37183747,0.14082985,-0.30541256,-0.6879386,0.78231204,0.08307807,0.0813552,-0.48030162,0.20017502,-0.24949057,0.15833184,-0.8541802,-0.46103704,0.05831441,-0.08799471,0.91944647,0.32434803,0.34431055,-0.21556136,-0.21566677,0.5468058,0.13435513,-0.21627629,0.25601196,-0.4900694,0.5241726,0.017659863,0.4185478,-0.26842353,-0.08241113,-0.034355395,0.09735478,0.016454907,0.13406546,0.102566846,-0.0575129,0.6883202,0.1477258,-0.084617674,-0.41288993,0.42643362,0.7572626,-0.47027066,1.1900332,-0.21826828,-0.36102626,0.16534896,-0.49118084,0.20902425,-0.24922632,0.00974007,0.4765657,0.09494394,0.078636296,0.44669586,0.4200507,-0.26396266,-0.33060086,0.083433956,0.16603434,0.5031065,-0.13115954,-0.2823433,-0.38910288,-0.03930245,0.024499515,-0.07141948,-0.273349,0.3571137,0.19187753,-1.0713727,0.27682313,-0.17108138,-0.71070755,-0.55813724,0.04805215,-0.3634414,-0.4649828,0.06492265,-0.19438562,-0.07680712,-0.2151511,-0.0035222364,-1.3718424,0.35763803,0.37487626,-0.17122674,0.015596669,0.633718,0.37814778,0.74155915,-0.31563452,-0.28286088,-0.3826472,-0.356174,-0.6842807,-0.1708041,0.23855713,-0.0366396,0.4058278,-0.2717421,0.55082935,0.6495872,0.04853658,-0.113894165,-0.09175566,-0.27426127,-0.08982412,-0.20193112,0.019409498,-0.35815838,0.1690492,-0.38535455,0.43101048,0.1778273,-0.36722857,0.14610218,0.29661098,0.112152904,0.17645523,0.29821768,-0.44768625,0.033168122,-0.44633967,0.35028416,-0.35177332,0.33187756,-0.44996443,-0.9195531,-0.4526264,0.28104776,0.48588553,0.14783454,-0.6517148,-0.005232128,-0.3250382,-0.041666135,-0.28024888,0.10373688,-0.20111375,-0.17329131,0.09616566,0.22514941,0.26961014,-0.48281828,-0.23680662,0.2522276,0.16579917,0.9602373,-0.92627937,0.59593517,0.4211615,-0.42061096,-0.61153734,0.500682,-0.14670578,0.124162346,0.7512673,-0.17766477,0.21106924,0.11198464,0.1619274,-0.4638186,-0.40086657,0.82440585,0.4564638,0.021687109,-0.5787006,0.029553197,-0.44980526,-0.34996292,0.42381686,-0.31402618,0.11965407,0.46098182,0.14451884,0.22936188,0.52587885,-0.370171,-0.41736707,-0.21852666,0.36536857,-0.33782125,0.057256136,-0.31577927,-0.03903751,0.3575425,0.0903058,-0.36453944,-0.3204665,0.15373163,-0.026343167,0.17839493,0.32204252,0.145126,0.38558602,-0.34740576,-0.4419256,-0.86709225,0.15064433,1.0622149,1.155966,0.061745916,-0.03563004,0.21398242,-0.34920156,0.8132434,-0.20468476,-0.25531045,0.16943169,-0.6373442,0.43364015,0.56497645,0.15762511,-0.28196532,-0.37010098,0.28560656,0.3039246,-0.057080537,-0.15413345,-0.4563148,-0.13198197,0.377984,0.025871504,0.2781759,0.3346542,-0.41045633,0.30916795,-0.3859173,0.19095469,-0.5115937,0.09207256,-0.12932193,-0.08377527,-0.084295414,-0.24355438,0.3029064,-0.20487073,-0.80042666,-0.48078114,-0.032102503,-0.2056677,-0.49873775,-0.04209674,-0.1388119,-0.29046178,0.37026533,-0.11070306,0.25960615,0.0807503,0.045453433,0.124128476,0.6685826,-0.044537995,0.13377832,0.049406715,0.15367548,-0.17788409,-0.39143214,0.38648352,-0.13802007,0.0785076,-0.568843,1.1950331,-0.23584983,0.47362456,-0.37780273,-0.1689256,-0.08341906,-0.26116762,-0.23079313,-0.18289174,-0.48167273,-0.38761234,-0.07066363,-0.39097345,-0.12624905,-0.83452904,-0.91845393,0.41369995,-0.08820707,0.20369694,-0.13394621,0.040863246,0.31724,-0.6105757,-0.092206694,0.17772456,-0.35872817,-0.3948654,0.07039474,0.27364367,0.46018624,-0.49472728,0.07010353,-0.06428071,0.6283719,-0.105568044,0.32538703,0.28331584,-0.2822137,-0.14738838,-0.42920393,-0.025530096,-0.31147483,0.41137615,-0.04024461,-0.07612314,-0.1805024,-0.6446055,0.008639799,-0.29945314,-0.2,0,0,0,1,0,0,0,0,0,0,1,2,1,1,0,0,0,0,0,1,0,0,0,-0.2,0.0,0.0,0.0
-0.054191764,0.123485334,0.78498656,0.17402235,0.29120144,-0.20242988,0.13030429,0.78384453,-0.51981544,-0.074260764,-0.057960574,-0.17597231,-0.24287204,0.77087545,-0.2467283,0.5753956,-0.19063337,-0.07475994,0.01477628,-0.013196441,0.20897943,-0.13080226,-0.8596044,-0.2552309,-0.2322791,-0.21302836,-0.16475904,0.23047712,-0.26313448,-0.17794919,0.22988984,-0.16296586,-0.027751917,0.035601173,-0.49316216,0.25850335,0.009316461,0.30064544,0.3497824,0.26087248,0.45788226,-0.56351537,0.49441525,-0.21025258,-0.32062513,-0.019459454,0.14693518,-0.060427368,0.11938026,-0.8526005,0.20828655,0.32796407,-0.2842877,-0.5633455,0.07872675,-0.109876186,0.6085779,-0.50200295,-0.14213,-0.19979647,-0.11709365,-0.1696213,0.04282443,-0.41325366,-0.44607493,-0.22090691,-0.21454854,0.48816782,-0.52646905,-0.057655994,-0.14586431,0.54996556,0.1779697,0.034936294,-0.10795481,-0.068601,0.11429389,0.15065281,-0.3718648,-0.22239682,-0.16950965,-0.46155304,1.0392541,0.7827477,0.07406573,-0.027073395,0.03561477,-0.33403343,-0.42571738,0.63081574,-0.55090576,-0.13439417,-0.018193515,0.27368274,0.46244505,0.105998136,-0.1573394,-0.65153974,-0.39811522,-0.38843656,0.5296684,-0.77255577,-0.09343144,-0.089103565,-0.30112106,0.28250298,0.0467248,-0.54071075,-0.24159567,-0.15480459,0.17632438,0.069200195,0.32675502,-0.5478951,0.2378773,0.18768717,-0.17444609,0.2762755,0.1665658,-0.61768824,-0.47692078,-0.063127264,0.026186273,0.29424646,0.2368809,-0.0044335662,-0.48074535,-0.41125253,0.19567357,0.26096964,0.6292906,0.5527836,0.15946178,-0.69965625,-0.020590454,0.008812008,-0.21034998,0.35555622,-0.019227235,0.19321448,-0.27899235,-0.55601066,-0.3591404,0.07424329,0.5108124,-0.5929829,-0.6628798,0.17453839,-0.31469822,8.684583e-06,-0.35790083,-0.022823464,-0.5589416,-0.7733978,0.3285956,-0.10528031,-0.68426955,0.12273037,0.21904367,0.27495995,-0.0314482,-0.18526249,-0.22386537,-0.18770283,0.37504148,0.16692477,0.4467593,0.3582713,-0.23468494,-0.35515565,-0.22579746,-0.20723534,0.5024491,0.5043602,0.7349484,0.18340117,0.433606,-0.49083418,0.1423396,1.0958806,-0.6890182,-0.39602265,0.3637823,0.26739028,-0.23172025,-0.2808772,0.7006641,-0.8782848,0.22947209,0.10263575,0.2150018,0.20484991,-0.003870341,-0.39044312,0.432955,0.12469949,0.17012274,-0.19548188,0.5475542,0.14111705,0.20784548,0.4594317,0.119436115,-0.42483142,-0.2808388,0.7696265,-0.08848461,0.09940773,-0.57807314,0.19082886,-0.46667862,0.32305393,-0.37840366,0.09924351,0.6394985,-0.1266653,0.04412556,-0.07767703,-0.19882679,0.2412753,-0.42725044,-0.20074819,-0.4920704,-0.031492822,-0.46438938,0.9254018,0.25965375,-0.53000593,1.0348628,-0.06054637,0.32315627,0.2076438,-0.037173882,0.025783671,-0.13456176,0.6239387,-0.071012706,-0.16752687,-0.069531776,0.009420352,-0.4868238,0.20533516,0.3893329,0.03720858,-0.009381463,0.5586507,0.090888225,-0.3670541,-0.39542046,0.03151317,0.059441462,0.09707755,0.31086105,-0.10075056,0.23743604,-0.3724955,0.29437009,-0.43180326,-0.30575952,-0.23889208,0.60096675,-0.38517135,0.7015249,-0.6562446,0.2797118,-0.3933584,-0.22666031,0.14648506,-0.1992524,0.44341722,-0.2142771,-0.19913618,0.41756633,0.7352842,-0.008060639,-0.9387364,0.2867235,0.18239927,0.3339284,-0.640915,-0.06470481,0.48834038,-0.56862724,-0.13312237,-0.13656306,-0.5907271,0.19511801,-0.23645163,-0.16710928,-0.30667594,-0.20205863,-0.10362684,-0.75781333,-0.14386085,0.9399243,-0.16703258,-0.055028353,0.48202708,-0.8842199,-0.068063326,-0.05206755,0.7337839,0.12978122,-0.40028068,-0.037284248,0.2897179,-0.5987913,-0.48541787,-7.854691,-0.14808732,-0.10746524,-0.06423233,0.51838386,-0.34975693,0.17248838,0.36796632,-0.8209901,0.046551134,-0.10857019,-0.2922035,-0.39061916,-0.34861723,-0.39876604,-0.368056,0.1988584,0.020698145,-0.039984632,0.7966417,-0.4757635,-0.16983496,0.74677044,0.14931569,0.7155331,-0.20609367,-0.1908987,-0.014143392,-0.20756,-0.29027435,-0.7445264,0.07616729,0.20216787,0.64038706,0.014043424,0.102453955,0.08350296,-0.54212326,0.29080662,-0.017804328,0.11959715,-0.30678615,-0.32383633,0.3096612,1.0604444,-0.44357708,-0.49831384,0.11447375,-0.31227618,0.36495978,-0.019423865,-0.33929595,0.16414021,-0.6305659,-0.21035782,-0.11462972,0.0095975455,0.42141062,-0.3080231,-0.5023942,0.8460744,0.013110433,-0.37924537,-0.057362657,-0.043120526,-0.13520144,-0.20397131,-0.16748564,-0.0857874,-0.025115335,-0.07922262,0.12638526,-0.14238226,-1.2218822,-0.52169555,0.602079,-0.16189219,0.050934836,0.50642884,-0.203306,-0.4881801,-0.5501213,0.13733086,0.12139324,-0.6822265,-0.07780902,-0.34287164,-0.5870447,-0.3652752,0.77845913,-0.21431725,0.2576893,0.0757359,-0.08096035,-0.37002286,-0.2603434,0.34555286,-0.086549535,0.12666513,0.9215766,-0.26579398,0.0943908,0.18046433,0.20627034,-0.11435826,0.019843835,-0.29055542,0.48573828,-0.039310776,0.07532458,0.03449998,0.2678549,0.10223558,-0.31354326,0.15758279,-0.08206518,0.064442106,0.3615235,-0.022365626,-0.267658,-0.44079062,0.35999525,-0.68244547,-0.13936608,0.24252641,0.27223396,-0.32193765,-0.27376884,0.1257246,0.11115957,-0.11952828,-0.060416516,0.26748872,-0.7072507,-0.11920331,-0.008803461,-0.33423433,-0.85549456,-1.0150448,0.7945544,0.60273844,0.22324097,0.33783412,0.20239328,0.04556614,0.013344913,0.34334272,0.2894298,0.2220812,0.8054504,-0.37103,-0.7183947,0.5145935,-0.38173115,0.22692907,0.010372949,0.8733911,-0.37986842,0.009825832,-0.50825375,0.4235674,-0.69220775,-0.13799663,0.019379072,-0.055164523,0.24771476,-0.20551717,0.14865541,-0.40528458,-0.6854772,0.18562976,0.6347433,-0.13896698,0.33531272,0.013094147,-0.07279154,0.09947797,-0.5274597,-0.19720605,0.44762743,0.112721905,0.34728605,0.09613029,0.03270941,0.58728117,-0.27220893,-0.00863693,0.5376706,0.5431851,0.35233456,-0.117046595,0.5515914,-0.081840314,-0.19772854,-0.09245551,-0.24767311,0.66866195,0.34090286,0.12871255,0.29480985,-0.189125,-0.53999823,-0.22602254,0.56975555,-0.041748557,0.51414275,0.23803861,0.17203893,0.3664662,0.013494432,0.46390712,-0.27256522,-0.57052386,-0.3858396,0.3158281,-0.1160849,-0.33772513,-0.13382852,-0.4356269,0.36831895,-0.5057985,0.31983617,-0.11383791,-0.12774523,-0.28385973,-0.32311127,-0.20416105,-0.13939576,0.08638409,0.3447496,0.3156903,-1.6383137,0.22243495,-0.22188649,-0.121613316,-0.17547087,-0.4999924,0.59588873,-0.22149529,0.11834502,0.52247936,-0.59955966,0.115818456,-0.15547162,0.25115907,-0.05341083,-0.18752919,0.14152919,0.16141741,-0.43051443,0.505918,0.34804723,-0.06522738,-0.43021166,0.5460555,-0.93380755,-0.39578015,-0.045713466,0.07245593,-0.020977568,-0.42656296,0.624224,0.056695834,0.06646837,-0.3117878,-0.17129166,0.2637613,0.19470884,-0.21763995,-0.059799574,-0.28803414,0.05224015,0.42652187,0.15927102,-0.5752147,-0.55468285,-0.57005155,-0.86192864,0.4352037,0.25026146,-0.53768176,0.16944402,0.051600255,0.25581577,0.14243409,-0.49136314,-0.1417362,0.007929728,0.40737492,0.6479049,0.3835226,0.57653475,-0.49504283,0.180261,0.30087933,0.4379648,0.5698973,0.34877685,-0.22707276,0.19312598,-0.20749226,-0.54398155,0.340021,0.1999684,0.040477537,0.016349737,-0.009103499,0.34413195,-0.10381344,0.029785676,-0.996506,0.18675435,0.0077256225,0.39985055,0.24405976,0.08362415,0.20837207,-0.44653195,-0.12955683,0.3903088,0.0010879878,0.42428458,0.792495,0.1051553,0.20583984,-0.29189846,0.07536453,-0.121811055,0.20503119,0.20750561,-0.4048962,0.4365564,0.769979,0.3489483,0.14896148,-0.42741877,-0.09566047,-0.1713695,-0.68392545,0.4471612,0.18106817,0.411666,-0.23944034,0.40288812,0.3007777,-0.1938824,0.103584304,0.124694884,0.3678559,-0.07544831,-0.17955048,-0.42807293,0.112191886,-0.27134302,0.6935796,-0.5901452,-0.07128595,-0.27228227,0.20667426,0.2651284,0.1428146,0.15602133,0.05438133,-0.48289013,0.08649895,-0.09403289,-0.23892076,0.25166622,0.11975529,0.17626637,-0.07925029,-0.63462055,-0.10027707,0.15295906,-0.20542099,-0.28230652,0.10575884,0.5422766,0.020776033,-0.27659208,-0.24342774,0.06522496,-0.6165266,0.14933509,0.7000656,-0.32638872,0.037036423,-0.21868768,-0.39773142,0.011690827,0.19078147,0.14174126,-0.021956604,-0.48961553,0.07151599,-0.19461744,-0.19010563,-0.09663136,0.112113096,-0.026588965,-0.033460286,-0.41396224,-0.5846276,-0.26126143,-0.34438664,-0.16690072,-0.41611192,0.223685,-0.079095855,0.16638534,0.1864237,0.26018277,-0.14830597,0.4046049,-0.13676436,-0.43393707,0.59912896,-0.45965174,-0.53822607,-0.49090195,-0.1766717,0.20427698,-0.1584006,0.22993162,0.42758712,-0.17809619,-0.4810441,-0.5795215,-0.007017468,-0.45797244,0.028303917,0.27860108,0.17971736,-0.25737613,-0.24014029,-0.4805704,-0.2912516,-0.39003786,0.2864072,0.11492546,0.56480664,-0.3007472,-0.32066143,-0.16930121,-0.0070587266,0.120158404,0.18948154,0.5743942,-0.6398727,-0.5411305,-0.23306367,-0.09274299,-0.683984,-0.5648145,-0.36504972,-0.005785956,-0.16531059,-0.06151535,0.06949534,-0.1504224,0.0,0,0,0,0,0,0,0,0,0,0,0,1,0,0,1,0,0,0,0,0,0,0,0,0.0,0.0,0.0,0.0
-0.22969659,-0.50600696,0.7301332,0.27610472,0.34622595,-0.42205536,-0.07539336,0.4393592,-0.5106618,-0.16471182,0.14987767,-0.5626879,-0.2651819,0.68154657,-0.38342535,0.061684635,-0.67126966,0.30849567,-0.17600997,0.40150917,0.002122576,-0.2311074,0.031404495,-0.053472295,-0.11425332,-0.16083416,0.04112347,-0.5810508,-0.44475698,0.109324366,0.24412018,0.18453409,-0.15838389,-0.16384102,-0.24214761,-0.6855215,-0.005730873,-0.13034421,-0.04419148,0.13492626,-0.25214416,-0.2087004,0.81891114,-0.04805098,-0.03376076,0.66079694,-0.1692189,-0.22445859,-0.0072399983,-0.17109829,-0.69072837,-0.033881027,-0.40582126,-0.5394583,0.0045038555,0.09546705,0.4540516,-0.49141443,0.37483472,0.29489684,0.17126325,-0.2789391,0.4404961,-0.29482022,-0.37733617,-0.5119433,0.10273631,0.4024362,-0.6895436,0.24142835,0.15836626,0.028996862,0.17071605,-0.10624496,0.11189707,0.004857244,-0.13541563,0.3567064,0.15662755,-0.047558922,-0.38255286,0.24620864,0.5217117,0.25185022,0.36455366,0.38452172,-0.08613405,0.012195989,-0.24568646,0.74297965,0.20565623,-0.19310206,-0.20908767,-0.09145343,0.4116061,-0.24345902,-0.70109034,0.08629835,0.019540573,0.20144095,0.25570047,-0.09593448,0.22013164,-0.21158922,0.034959305,0.24605086,-0.06735292,0.20038351,0.3256616,0.022791829,0.11362275,0.030803574,0.2519021,0.16902179,-0.016096856,0.09818289,-0.15126802,-0.05207973,0.51008046,-0.33164576,-0.34985048,0.27366233,0.1395912,0.36336824,0.531436,0.6296874,-0.40134257,-0.25322893,0.26320523,0.3855288,0.12843412,0.60792446,0.2581762,-0.5170753,0.24518421,0.032559022,-0.14590494,0.23542693,0.096989855,-0.5078169,-0.0020494668,0.34509796,0.21637312,-0.16089278,0.23526151,0.134268,-0.10567531,0.17531317,-0.41002953,0.21298261,-0.34349072,-0.012923503,-0.32714164,-0.42474675,0.24434859,-0.36525467,-0.46102613,-0.1378042,0.065954305,0.11295834,0.050943956,0.14313745,-0.21559659,-0.13907754,0.15091436,0.03645481,-0.0393205,0.3546593,-0.266798,0.051619284,-0.008491701,-0.36484718,-0.36871928,0.14724034,0.10842876,-0.060597554,0.34298354,-0.020209357,0.11086743,0.7568054,-0.53474647,0.019325187,-0.07604823,-0.47546652,-0.16573991,0.40220934,0.6699765,-0.2664173,0.7934911,-0.20595719,-0.050411038,-0.20382243,0.250298,-0.20925471,0.34771463,-0.39442748,0.124726325,-0.36286655,0.35853928,-0.057928223,0.16412106,0.3830485,0.16175961,-0.3965891,-0.43575084,0.44656897,-0.4227442,0.15284336,-0.4454618,-0.1631242,-0.21070257,0.21927732,-0.32596076,0.12866649,-0.1683477,0.08344618,0.37702826,-0.4460348,0.055833384,-0.44806448,0.03217934,-0.64751023,-0.084472075,0.38505894,-0.18143165,1.158985,0.41353643,-0.36763328,0.7695138,0.021041062,0.007240697,0.12062042,0.346789,-0.19839723,0.09347415,0.25011215,-0.16884598,-0.37940982,0.15916008,0.24447796,-0.3342613,0.40903947,0.60896844,-0.07592652,0.14245485,0.266655,-0.30414224,-0.50517213,0.17533474,-0.3514794,0.26254538,0.13421959,0.010136661,-0.4031728,0.06665042,-0.082317695,0.23829198,-0.3941125,-0.40129054,-0.0781511,0.061421473,-0.39731115,0.26227024,0.3185128,-0.07228513,-0.21999146,-0.36552942,0.2037589,0.47187117,0.033804454,-0.2259609,-0.057067387,-0.118248425,0.13800758,0.12796022,-0.19146152,0.5003426,0.32806766,0.2684286,-0.72798604,-0.3535498,0.2412391,0.16888572,-0.1884517,-0.10358875,-0.3179866,0.20041467,-0.5732224,-0.16583493,-0.20433487,0.2790718,0.09125359,-0.52550316,-0.18369244,0.95173633,0.30977637,-0.47687313,0.3032122,-0.2563864,-0.22740449,-0.5155427,0.0845207,-0.040842444,0.31045023,-0.08559578,-0.016991083,-0.14246936,-0.7191185,-11.897664,-0.14103328,-0.5496522,-0.48434094,-0.037074886,-0.56822675,0.03999702,0.14885655,-0.6612532,-0.09939558,0.057593506,-0.46572658,0.23837052,-0.31752566,-0.31199297,0.3832368,0.09207454,0.47386938,-0.48214796,0.29491153,-0.05303763,-0.95714664,0.75964826,-0.15252303,0.3745868,-0.16107863,0.306866,-0.22087604,-0.17266369,-0.1758642,-0.3952576,-0.13015923,-0.4276992,0.8916379,0.023421073,-0.15919864,0.61299014,-0.44606453,-0.10501185,-0.00471502,0.2828804,-0.056547828,0.14750804,0.13454536,0.6233088,-0.70964986,0.6085436,-0.03688634,0.059465926,-0.0030443103,-0.25058267,-0.49215704,-0.3200883,-0.4375583,0.31907666,-0.34550485,0.1409761,0.91907704,-0.27801147,-0.40950096,0.6204979,0.058707315,-0.52863896,0.14676669,-0.71459764,-0.07921771,-1.0156959,-0.677687,-0.07591194,0.13026403,-0.5883563,0.2230761,0.2609099,-1.5762864,-0.5820308,0.12685606,-0.24261782,0.7405107,-0.1785188,0.26634216,-0.48114306,-0.29996365,-0.20408541,0.05105084,-0.28938568,-0.7879845,-0.48108155,-0.58625627,-0.23451842,0.046079442,-0.009865764,-0.18251817,-0.06270367,0.06975803,0.06879564,-0.49771833,0.6560226,-0.06783915,0.3782338,-0.058456507,0.29627365,0.37807143,0.47081068,-0.22172056,-0.27930877,0.43190804,-0.04237149,-0.2746248,-0.1400282,-0.043578878,0.10708873,-0.6323391,-0.21921149,0.12384435,-0.37757504,0.23078717,0.18583833,0.15232962,-0.2320107,-0.6138561,-0.49140868,0.5513022,-0.5013798,-0.73532665,0.09824259,-0.06941182,-0.07439104,0.276883,-0.54577523,-0.3135909,-0.31195045,-0.42436033,-0.02552519,-0.11082728,0.08641848,-0.08312626,-0.14686406,-0.20295146,0.16771434,0.13638103,0.14945494,-0.03936852,0.5792724,0.21168728,0.5592306,-0.0939194,0.8036875,0.32036674,-0.12825832,0.41987306,-0.5345156,-0.7334674,0.28815264,-0.17788485,0.3311653,0.33953685,0.0634061,-0.35163325,-0.4567132,-0.42123806,0.19508342,-0.07203179,-0.06474307,0.2420097,0.14797285,0.2134368,0.05081044,0.43796647,0.2198507,-0.3460656,-0.32129383,0.52925116,-0.0493563,0.3403295,0.22286399,0.7338795,0.2874133,-0.48565537,0.1356348,0.94676536,0.026654582,0.2763787,-0.067699134,-0.23992184,0.51952493,-0.19131224,0.00478019,0.1798669,0.02442158,0.35213244,-0.7092833,0.9848528,-0.47300613,-0.15289354,0.20109963,-0.27682358,0.5242884,-0.37743476,0.29105237,0.16801268,-0.4500137,-0.0102788955,-0.2642449,0.20468453,0.039929572,-0.21961647,0.31075552,0.357172,0.32560423,-0.079113126,0.5077189,-0.435989,-0.2826236,-0.23859392,0.08894144,0.035875537,-0.39502156,-0.31950405,-0.4481907,-0.09752374,-0.25857183,-0.09967484,0.15928401,-0.1232019,-0.30730638,0.0706167,0.0916828,-0.058417015,-0.27604616,-0.13418382,0.17762372,-1.1718316,0.22627367,-0.12121269,-0.071519695,0.038340345,-0.55284137,0.24827988,0.21309666,0.13427752,-0.59918207,-1.081345,-0.33141804,-0.28562137,-0.26216647,0.1337219,-0.19245483,0.14820236,-0.20801026,0.31076175,0.25804695,-0.090938844,-0.18760952,-0.22371578,0.32119596,-0.69199514,-0.33428368,-0.12663324,-0.23682433,0.31697893,-0.5003757,0.38490927,-0.060537856,0.24770707,0.14658807,0.15511358,0.16070062,0.19963016,-0.120386735,-0.56282544,-0.06980937,-0.06261076,0.14416404,0.06980576,-0.0070855236,-0.4815665,-0.5413797,-0.23216608,0.4174417,-0.4710959,-0.27181217,-0.19920099,0.2773975,0.1350724,0.021253651,-0.15679562,-0.13186194,-0.08211791,0.2633094,0.13520263,0.030009793,0.36476657,-0.54287475,0.3809024,-0.32049438,0.27335423,0.55859447,-0.5515981,0.12174458,0.28754857,0.16146363,-0.040121675,0.31311253,0.18737558,0.07634386,-0.063971736,-0.07815552,0.28563964,-0.07255128,-0.30406946,-0.30598605,-0.3473532,0.58681846,0.43581325,0.2129931,-0.4572446,-0.070048675,0.22627108,-0.35579345,-0.13276847,-0.18031238,0.5302597,0.762655,-0.16733247,0.17215571,-0.026792696,0.04172539,-0.49430704,-0.280353,0.2400415,-0.23879899,0.3012158,-0.062293436,0.17600784,0.19117087,-0.16877963,0.0746815,0.54051465,-0.6061933,0.39374638,-0.13805403,0.019672075,0.027955046,0.0017433866,-0.11816706,0.3933173,-0.4264244,0.12978578,0.8025312,0.88135976,0.23185195,-0.10532357,0.016177163,-0.18653195,0.096799426,-0.24177456,0.07141842,-0.085046425,0.30537796,0.4125714,0.30976564,0.26150906,0.10363499,-0.43624672,0.36548436,0.61766934,-0.12507534,0.26636508,-0.007842391,0.046231374,0.21380654,-0.22711904,0.19222891,0.47169617,0.16631958,0.09818068,0.07420409,0.0809822,-0.5355132,-0.004577035,-0.4790204,-0.27229467,-0.20286156,-0.24201696,0.35162535,-0.13822362,-0.22794864,0.16566522,0.13562675,-0.4421367,-0.5064848,0.0012694302,-0.252156,-0.14735092,0.012116303,-0.31587294,0.18779142,0.101843886,-0.011442401,0.3203576,0.6107924,-0.6397815,-0.5699677,-0.52272475,0.26952827,0.089806065,0.20511547,0.23948948,-0.2508777,0.1165414,-0.080284506,0.39609587,0.10910388,-0.1848051,-0.19816309,0.20417029,0.3070675,-0.26238945,-0.3878781,0.27290863,-0.46804795,-0.31732354,0.047239747,0.09678986,0.21972641,-0.017663443,-0.264377,-0.33863297,0.16700155,-0.16380903,0.016285118,0.8105031,0.31010783,0.14165026,-0.04823773,-0.02718646,-0.19602466,-0.2053508,-0.1673922,0.42148533,-0.18400277,-0.06689468,-0.25151196,0.41895843,-0.41017663,-0.066709645,0.10196102,-0.07690912,-0.86955774,-0.5397195,0.03828809,0.32603937,-0.6135979,-0.49543598,0.33969328,0.74743474,-0.25068247,-0.14468752,0.44147235,-0.05269943,0.3,0,0,0,0,0,1,0,1,0,2,0,0,1,0,1,0,0,0,0,0,0,0,0,0.0,0.0,0.0,0.0
0.21932264,-0.3772864,0.11555639,-0.09775788,0.12237258,-0.31049082,-0.013162885,0.5600798,-0.005557584,0.072255045,-0.23626813,-0.14184137,0.12852116,0.26980093,-0.09236841,0.7607469,-0.3949958,-0.011592781,0.3152333,0.49543735,0.5885593,0.18936019,-0.21288213,0.15012139,0.43487558,-0.056044172,0.20887929,-0.30724218,-0.7706378,0.029912509,0.41766986,0.2268777,0.08903282,-0.07662648,-0.44858944,-0.40182862,0.059673715,-0.36605912,0.37910375,0.587821,-0.39952675,-0.25297108,0.28267324,-0.16555196,0.115235776,0.38351622,-0.09966443,-0.21179368,-0.23945038,-0.16725808,-1.0082052,-0.075442284,-0.009372201,-0.24860007,-0.15313962,0.35972416,0.6231752,-0.64126664,-0.39085674,0.017318228,-0.14962834,0.29250503,-0.11640143,-0.2266652,0.05968886,-0.07555532,0.19982833,0.31986734,-0.86726344,0.40720636,0.33247188,0.06330674,-0.11311206,0.4548969,0.0892871,0.20607553,-0.31584817,0.7355592,-0.05419755,-0.29349017,-0.092829674,-0.014923356,0.26983052,0.020513091,0.10570994,0.14523481,0.555643,0.027164334,-0.65981615,0.73954356,-0.22689219,-0.18369797,-0.04448946,-0.0046620085,0.8123897,-0.5279375,-0.44630736,0.1861899,-0.3831629,-0.10112017,0.5277281,-0.41670597,0.06356839,-0.14435142,-0.26887685,-0.20382927,-0.42664078,-0.119343325,0.10969043,0.2422155,-0.34421155,0.55629265,0.13648765,-0.4242337,-0.34302917,0.13588315,0.16383094,-0.067995384,-0.16339453,0.19988087,0.22939058,0.2777186,-0.026158903,0.21740551,0.7045614,0.2843603,0.1367921,0.029968046,0.22875379,0.13969995,0.50185466,0.5435212,0.090792276,-0.24059819,0.29536426,-0.0034624871,0.0700986,-0.182131,-0.05938072,-0.1602953,-0.25306138,0.124367565,0.3949475,-0.072695464,0.5267414,0.090807766,-0.22848849,-0.2820516,-0.13084866,0.06893936,-0.3959611,-0.29982316,-0.41716594,0.2996877,0.19232997,-0.10614671,-0.059070192,0.10288321,0.109072015,-0.00029382057,0.1552286,0.09867628,-0.18567696,-0.10730938,-0.029888619,-0.050156146,0.023911638,0.3885991,0.031672597,-0.23233974,0.17672473,-0.4567808,0.5858188,-0.048070494,0.22916242,0.580984,-0.15632918,-0.099313594,0.25779566,0.986344,-0.56308275,-0.13828613,-0.10349603,-0.72007287,0.24991898,-0.04196721,0.26969618,-0.18407051,0.6282721,0.451175,-0.4157068,-0.31627122,0.13736835,-0.053371154,0.1315734,-0.13728487,-0.27452418,-0.29393867,0.1832316,-0.43227658,0.17498936,-0.054303948,0.17278951,-0.0013750035,-0.6091597,0.058005814,-0.23840475,-0.35985386,-0.45178145,0.14094651,-0.29304007,0.67729205,-0.17510074,0.07745465,0.098195136,0.15909114,0.12179337,-0.39190328,-0.1238964,0.08136043,-0.20184414,-0.3292941,-0.019774724,0.0039434195,0.40341446,1.3215152,0.31104589,-0.27344078,0.5740799,0.43008515,-0.08134431,-0.2974639,0.38678524,-0.18223901,0.069166616,0.019695958,-0.28217864,-0.13001376,0.19416413,-0.15449613,-0.26967448,0.42270696,0.36048982,0.07005074,-0.00760849,0.040737785,0.017003737,-0.40867412,-0.18503527,-0.030036917,-0.14901778,0.18608224,-0.4510759,-0.33367428,-0.23608097,-0.07480503,-0.10407097,-0.39566767,-0.25456825,0.30394793,0.25890046,0.19793382,-0.032399982,0.38395536,0.18043043,-0.4939405,0.025688313,0.14592557,0.5943835,0.13504478,-0.21939658,-0.68681383,-0.05597064,0.42258456,0.038528703,-0.29965392,0.118740365,-0.42318553,0.018328987,-0.24220008,0.29917124,0.33059803,0.0716585,-0.2356292,-0.33655158,-0.28274357,0.14605427,-0.10119979,-0.26100865,-0.2204795,-0.5414921,-0.13118589,-0.3865249,0.001006789,0.4812147,0.51723504,0.3503056,0.2670217,-0.23587552,-0.48380378,0.0033239168,-0.13079026,0.23719889,-0.13168213,0.12913166,0.009704295,-0.16098832,-0.49698922,-7.118502,-0.36477596,-0.0023225225,-0.27463037,-0.36008525,-0.3391066,-0.15375602,-0.08484193,0.20661634,-0.39916012,-0.09670684,-0.36557814,0.05871477,0.08324975,-0.24691145,0.1359342,0.5267151,0.11226457,-0.12186491,0.31617305,-0.48044938,-0.31416497,0.19534948,-0.13359007,0.16793603,0.030426182,-0.48993477,0.15451586,0.14732155,-0.49451652,-0.32609147,0.12742467,-0.1287779,0.84177345,-0.33406094,-0.36878026,-0.19604178,-0.49754173,0.2698908,-0.09925695,-0.188195,-0.05570195,-0.01959572,-0.06467532,1.0507301,-0.5230429,0.03695213,0.35356042,-0.12169937,-0.05591307,-0.14068775,-0.65053236,0.22640917,-0.439532,-0.12838152,0.030942246,0.048843946,0.66081023,-0.22215044,-0.44400597,0.36747772,-0.49498677,-0.2594937,-0.03749857,-0.17965265,-0.17088489,-0.81586164,-0.80934715,-0.3496705,-0.36002836,-0.7493731,0.84815043,-0.0964352,-1.2196574,-0.13748756,-0.3239166,0.024781788,0.011482389,-0.36599073,-0.4735116,-0.7561782,-0.35406524,0.0035252303,-0.15500602,-0.32385135,-0.32315773,-0.0034065265,-0.5976623,-0.55885905,0.27392012,-0.15048434,0.15918799,0.20119682,0.28375855,0.029400056,-0.18788378,0.64806336,-0.39501378,0.039355814,0.14447635,0.2932021,0.001392538,0.3920667,-0.1573175,-0.04527863,0.0803784,-0.4566946,0.16638567,0.21749516,-0.10541592,-0.2087531,0.07653438,-0.28077748,0.082564086,-0.26234215,-0.052504864,0.064797275,0.34320515,0.26302376,-1.0131183,-0.2018927,0.008317586,-0.14207798,-0.3174056,0.48366436,-0.0945914,-0.25238374,0.021499572,-0.12379098,0.10168058,0.003046466,0.10670526,-0.07512939,0.32677183,-0.10821853,-0.56863683,-0.34027538,-0.08509718,-0.02134709,0.4916013,0.3248748,0.40902475,0.071435,-0.25088012,0.2568213,-0.04866742,-0.097235136,0.41651803,0.042154595,0.33251303,-0.52672595,-1.0664604,0.08168128,0.23514944,0.24813052,-0.07333601,0.69216627,0.1361683,-0.05337158,-0.18626133,0.07581364,-0.01950792,0.09905538,0.30258578,-0.3067818,-0.009098577,0.51657593,0.2786788,0.26216006,-0.75489515,-0.29492763,0.56182885,-0.07102315,-0.03234844,0.3707241,0.549907,0.26196438,-0.19158629,-0.37206239,0.5388667,-0.08096192,-0.002625752,0.21443352,0.2458197,0.29933444,0.18965553,0.24589306,0.2677421,0.4267149,0.5544457,-0.26257223,0.31446302,-0.11342996,-0.24129876,-0.010557129,-0.6407379,0.69584906,-0.44563538,-0.13958755,0.1325128,-0.20600106,0.30926505,-0.25475186,0.45041087,-0.03640832,0.010931476,-0.08592144,0.13327518,0.10374396,-0.015713604,0.06914552,-0.40221405,-0.32370436,-0.553396,0.42936724,-0.36897618,-0.603441,-0.20087127,-0.6177285,0.30745518,0.1470024,0.3523433,0.3357582,0.06731391,-0.015981458,0.22133921,0.21288143,-0.16337456,-0.39084846,-0.22022872,0.05561209,-1.2245984,-0.0029527755,0.009748521,-0.13991705,-0.41329998,-0.6970687,-0.44127283,-0.05098718,-0.4805218,-0.15478066,-0.7502903,-0.27218753,-0.40557444,-0.41283652,-0.049194034,-0.45098227,0.3466688,-0.11376704,0.014200533,0.26010925,-0.29696855,-0.27907354,-0.4129892,0.20884615,-0.3234001,-0.2242117,-0.33948386,-0.26063278,0.12955041,0.009400829,0.098739594,0.019424064,0.43295407,-0.04272008,-0.020781286,0.08542154,0.07939704,-0.12005557,-0.6679112,-0.49917728,-0.2602867,-0.27374,0.52708983,0.06322992,-0.146597,-0.39520726,-0.49879485,0.02773847,-0.30828017,-0.33397213,-0.15439636,0.052755337,0.20900136,0.34655887,0.0068822857,-0.3099485,0.41476077,0.18766977,-0.0038104942,-0.10296834,0.41582257,-0.30299985,0.13047765,-0.015511155,0.6546607,0.24514873,-0.34022206,0.030206598,0.2260681,-0.24161422,-0.22396237,0.5288107,0.17022768,0.14227103,-0.022728385,0.093475446,-0.4378392,0.03740008,-0.05254928,0.15333466,0.28859687,0.3129425,0.71575516,0.3111241,-0.19077644,-0.92216754,-0.07086852,-0.065572515,-0.026651373,-0.28462392,0.15599671,0.63577944,-0.22325793,0.020189637,-0.24956408,-0.047849275,-0.26559743,0.16658843,-0.008573697,-0.33011365,0.20530838,0.0021253985,0.009173755,0.19586222,-0.29747775,-0.11153735,-0.09692544,-0.22125055,0.15343161,0.27927417,0.45144135,-0.2675265,0.32888722,-0.22430775,-0.23724714,-0.14212732,0.4250055,0.17697929,0.3694601,0.20201944,0.38624346,-0.12516977,0.13989958,0.1756183,0.0004019338,0.43086353,0.3941063,0.34077403,0.45074967,-0.0077926693,0.49434146,0.012842471,-0.7623669,0.29926565,0.03375367,0.06448976,-0.26106688,0.11766349,0.017389482,0.3503599,0.12268761,-0.09662183,-0.25988293,0.16252564,-0.1905566,0.3251239,-0.2222701,-0.3083335,-0.09971782,-0.21505268,-0.13266371,-0.5026442,-0.040757198,0.1463391,-0.42164826,-0.29068598,-0.04948791,0.036678202,-0.42975765,-0.32207385,0.10172753,0.49944064,0.09798812,-0.16306259,-0.2035555,0.360001,0.16780354,0.46443236,-0.16331998,0.14370127,-0.44955236,-0.03623108,0.047506586,-0.13930155,-0.26168162,-0.1989752,-0.06125178,-0.45623627,-0.14238083,0.5943953,0.20596313,-0.03687104,0.18820545,-0.15902728,0.22557956,0.2658123,0.152868,-0.20387337,0.04160242,-0.4504433,-0.35274106,0.39984277,0.06928496,0.18470694,-0.22598329,-0.09729182,0.03236492,0.27013966,0.088228196,-0.3965242,0.3666364,0.007112144,0.0018225509,-0.23730399,-0.17884754,-0.0047042905,0.30534387,-0.1459414,-0.027051892,-0.5509398,0.5168233,0.024746342,-0.3323258,-0.022867572,0.30447727,0.14478812,-0.019371733,-0.60084504,-0.44485646,-0.21037903,0.15448958,-0.5234289,-0.41373894,0.38865417,0.19752264,-0.47991562,-0.3709429,0.020386051,0.2337121,0.0,0,0,1,0,0,0,0,0,0,0,0,0,0,0,1,0,0,0,0,0,0,0,0,0.0,0.0,0.0,0.0
0.28668615,-0.07577588,0.42694455,-0.20206855,0.36705744,-0.005371375,0.12038957,0.01102216,0.05811347,-0.1625914,-0.046784353,-0.086721055,-0.12860341,0.5351909,0.42894292,0.8008735,-0.22202033,0.2898534,-0.18772072,0.04417844,0.29420933,0.41183114,-0.47366595,0.18743774,0.30928248,0.4881041,-0.03250074,0.0728209,-0.4113001,0.19263147,0.53117704,-0.0411176,-0.31966144,-0.42625675,-0.64711565,-0.26847947,-0.19459963,-0.06682092,0.55735064,0.30902842,0.22390942,-0.33747205,0.16083163,-0.115505554,0.15558237,-0.24618728,-0.020011323,-0.46302727,0.22356951,-0.82759804,-0.6830521,0.17779619,-0.24598572,-0.59455836,0.0544413,0.6555918,0.39797255,-0.5639038,-0.029793896,-0.26862445,-0.2826586,-0.26097944,0.19324428,0.108440496,-0.44666928,-0.42598137,-0.08945602,0.053588506,-0.636029,0.06868057,0.25400606,0.41135857,0.67647684,0.14462408,0.13585736,0.08462656,-0.14333346,0.61791915,0.0058117784,-0.2969767,-0.2521384,-0.18105082,0.63000447,0.62059695,0.41381702,-0.066469185,0.13387462,-0.029164815,-0.6038479,0.7305617,-0.6069548,0.02115683,-0.04367959,0.13452502,0.7906765,-0.48224735,-0.6115557,-0.37091082,-0.3066217,-0.13393539,0.29714808,-0.4987373,0.11911426,-0.123171985,-0.25871372,0.15769786,-0.31434935,-0.21367884,0.09089518,0.0055512143,0.38851416,0.17684357,-0.0067740353,-0.41145694,0.6824971,0.08622729,-0.24585585,0.70627385,0.0897994,-0.17684379,-0.36354858,0.12155305,0.31348217,0.20664841,0.25135425,0.12637873,0.00093658926,-0.32737648,0.047172222,0.31833568,0.5548167,0.24946778,0.01565932,-0.3003334,-0.2826516,-0.05433687,-0.23942268,0.32504418,-0.10333631,-0.17001815,-0.4643236,-0.3019413,0.12261636,0.1362317,0.563123,-0.23778509,-0.34440535,0.31850693,-0.03388932,0.29684404,-0.17812115,0.114110954,-0.34292752,-0.44492337,0.3304923,0.022669666,-0.40350658,0.34159985,0.10513051,0.2321966,0.028417895,-0.09300028,-0.032111436,-0.25405502,0.4321961,-0.03796094,0.32121503,0.46481842,-0.28980777,-0.5880412,-0.04115233,-0.90653247,0.5733459,-0.020694058,0.41943085,0.24374741,0.3622254,-0.3156045,-0.10606224,1.1648242,-0.45079508,0.046762183,0.090902336,-0.41108906,0.46802843,-0.6117155,0.56420153,-0.70878404,0.552788,0.3298582,-0.2601177,-0.13938197,0.091326326,-0.13244821,0.3100209,-0.0028675424,-0.0714693,-0.41952515,0.7464461,-0.06075187,-0.026820546,0.22216913,0.029536206,-0.42103568,-0.32880455,0.6838801,-0.10685068,-0.24660748,-0.9451335,-0.22306791,-0.46142402,0.65908015,-0.47312835,-0.0071082907,0.13061894,-0.16671479,0.21984725,-0.10909857,-0.08162747,-0.003981355,-0.59391904,-0.44687015,-0.2654763,-0.08427078,-0.5505539,1.5080504,0.37096477,-0.89066905,1.0830832,0.06290893,-0.03912927,-0.26225588,0.038609136,-0.5284756,0.03821762,0.36316139,-0.016839633,-0.59745044,-0.26883414,0.44645476,-0.79366577,0.859047,0.072107986,-0.38126636,-0.07609134,0.4498561,0.04651862,-0.5003194,-0.30333307,0.35740185,-0.36246568,0.08084002,-0.07783021,-0.26272163,0.3927772,-0.30998638,0.35896605,-0.40474856,-0.44787288,-0.05790298,0.65950865,-0.07489467,0.4825494,-0.51551306,0.46694905,-0.61256194,-0.2291342,0.20769638,0.56972593,0.4754305,-0.53228736,0.05551698,0.117704876,0.52658373,-0.513591,-0.6627236,0.6441713,-0.36496976,0.3749033,-0.47271842,-0.15589339,0.43108073,-0.3212099,-0.0116685005,-0.20650545,-0.35110664,0.59784895,-0.38238326,-0.09269771,-0.06259036,0.23776497,-0.07972793,-0.42809165,-0.013136685,0.85200006,0.14194243,-0.14570712,0.5493531,-0.6950572,-0.283469,-0.2743162,0.10514883,-0.056075737,-0.21567547,0.03453834,-0.083424814,-0.61547065,-0.29887575,-9.541736,-0.15062603,-0.2953664,0.11908303,0.19030416,-0.019363666,-0.20115028,0.2296345,-0.4818839,0.10411273,-0.15105349,-0.26081002,-0.09922907,-0.41937095,-0.20109409,-0.42688954,0.4046807,0.43756625,-0.5364227,0.36967197,-0.44981453,-0.6738818,0.40175235,-0.004944785,0.683172,0.12687546,-0.08397467,-0.025497835,-0.12758335,-0.08409589,-0.51737803,0.022277689,-0.06214305,0.9361185,-0.26902652,-0.006990773,0.3391074,-0.5226742,0.18790333,-0.117631204,-0.068891995,-0.561201,-0.19629173,-0.051875953,0.99756086,-0.47171962,-0.1762036,0.18175738,-0.22183308,0.17459214,-0.13465902,-0.2636131,-0.0019966636,-0.63251585,0.042747807,0.22455801,-0.04312616,0.58255655,-0.2469103,-0.3893087,1.0431545,-0.025455303,-0.35134917,0.49770316,-0.029964982,-0.10355068,-0.44133815,-0.4365796,-0.48501304,-0.2904074,-0.35229275,0.58595395,-0.03769385,-1.1168416,-0.39220715,0.17945036,0.0017220206,-0.13690022,-0.16490978,-0.092518814,-1.0619377,-0.806931,-0.043763626,-0.021486327,-0.78603315,0.009259826,-0.33311042,-0.21209687,-0.124070615,0.59476286,-0.23310682,0.4218255,0.08302317,0.16928503,0.14930463,-0.340163,0.635988,-0.3988732,-0.15982401,0.45945683,-0.07609392,0.25261807,0.6949825,0.010041968,-0.6787101,0.23837982,-0.47238436,0.26238775,0.15185052,-0.071235634,-0.29659325,0.23235525,-0.043117825,0.027043069,-0.15199423,-0.11544737,-0.15956552,0.6634162,-0.020654567,-0.4243194,-0.85636675,0.49425521,-0.26043022,-0.48261467,0.050146915,0.41997597,0.036656234,0.1923585,0.17819828,-0.18557236,-0.42192894,-0.23054022,0.20712857,-0.54455805,-0.09572847,-0.20257686,-0.25518823,-0.4507475,-1.0549891,0.42910382,0.70540637,0.043018483,0.4016142,0.33205372,0.1916725,-0.17847206,-0.080514394,-0.04055046,0.042311247,0.30859247,-0.28638208,-0.78592736,0.35470486,-0.8960707,0.33470738,0.2151093,0.619396,-0.66067404,-0.0027135953,-0.44891742,0.8642238,-0.09191374,0.061705567,-0.20409861,-0.045546174,0.021314692,0.2167254,-0.01006254,-0.05071053,-0.5424014,0.010124287,0.354746,0.22009012,0.28492746,-0.08632878,0.2054996,0.52163064,-0.5099339,-0.09483902,0.61983186,0.30902767,0.61397713,0.17640968,-0.40613976,0.33010402,-0.49239236,0.09592427,0.52109945,0.44502625,0.3537055,-0.3962368,0.37094533,0.10390534,-0.12323094,-0.35589603,-0.4878574,0.39851555,0.25499436,0.078124054,0.48445362,-0.3320876,-0.34438205,-0.24581748,0.2505703,-0.19626684,0.028535778,0.07063175,0.5565968,0.64242435,0.113163225,0.04550511,-0.37030953,-0.6298127,-0.3497323,0.14998908,-0.30784523,-0.013540646,-0.4895723,-0.64249766,-0.0449869,-0.31967214,-0.10195793,-0.09838459,-0.37304214,0.08213792,-0.06974165,0.019404376,-0.44134617,-0.28006935,0.040971328,-0.09051632,-1.953081,0.29046202,-0.52981305,-0.002594061,-0.40626317,-0.09020069,0.22256075,-0.05971801,-0.28466007,-0.06738463,-0.6291248,0.13194075,-0.48378414,0.33099133,0.114373535,-0.15182099,-0.16533111,-0.17328909,0.15680921,0.4509784,-0.309122,-0.13625361,-0.6527655,0.24023871,-0.4684539,-0.16827862,0.0048879725,-0.019540617,0.4413481,-0.6585214,-0.09941359,-0.12776142,-0.05212223,-0.252821,0.098177865,0.14871924,0.32636058,-0.09911351,-0.5992789,-0.041580647,-0.14208823,-0.09040816,0.043304898,-0.64809173,-0.37459314,-0.35596305,-0.5195712,0.44220647,-0.27664497,-0.2383686,0.00072745606,-0.05481548,0.474349,0.1548957,0.3148823,-0.08413139,-0.07778942,0.39190277,0.2812364,0.23278081,0.696489,-0.6263968,0.27781522,0.01871223,0.060444627,0.83128947,-0.060978554,-0.3403177,0.10239979,-0.20107254,-0.12521769,0.5339336,0.28653562,0.19303542,0.12524158,0.192203,-0.04238219,-0.28466165,-0.21764351,-0.7138129,-0.09819882,0.20013462,0.28835675,0.31224796,0.062867835,-0.39314145,-0.2331257,0.07145411,0.17978908,-0.44531956,0.3169804,0.8033152,-0.21270283,0.41251296,0.12820256,0.3405863,-0.33781207,-0.10447656,0.42642334,0.118304856,0.5477713,0.44423774,-0.0075122286,0.12328987,-0.06698216,0.29556382,0.1190985,-0.24877732,0.54218286,-0.18188417,0.5377016,0.037477504,0.14459643,0.08155901,-0.07248517,0.0099622635,0.46747833,0.47150722,0.2879523,-0.11858752,-0.19755697,-0.14402272,-0.1655654,0.684716,-0.3207919,-0.15893233,-0.44671547,0.067134835,0.65411776,0.3323511,0.15615167,0.40013397,-0.5447438,-0.11172932,0.04528078,0.106615216,0.3076437,-0.017742729,0.028999465,-0.107898444,-0.32492125,0.032562304,0.15191156,-0.14293532,-0.029259546,-0.032233626,-0.09771067,-0.16630961,0.15041712,-0.44468522,-0.037854422,-0.2654086,-0.24642128,0.37661648,-0.43800667,0.011341228,-0.14567138,-0.16528048,-0.027968815,-0.2554629,0.26407602,0.3805598,0.05997925,-0.04230962,-0.4470177,-0.011267862,0.10541548,0.42621663,0.09529833,0.12759943,-0.07196979,-0.3430184,-0.36974162,-0.008231903,-0.066387855,-0.34553653,0.20917864,-0.3306592,0.1546703,0.5462059,0.32327166,0.01910644,0.43283924,-0.2532795,0.024645686,0.5433115,-0.056863345,-0.3315706,-0.2374141,-0.22493194,-0.1592676,-0.21634227,0.2357375,0.14892088,-0.39508495,-0.4671279,-0.3845755,0.09161,-0.38276574,0.14244083,0.48028982,0.060969282,-0.091963604,-0.59673834,-0.28216103,-0.11298628,-0.15787788,-0.25433066,0.34493613,0.37482575,-0.18933025,0.06583938,0.0035539316,-0.40884247,0.24837787,-0.047899038,0.41964555,-0.56283534,-0.28684777,-0.5241258,-0.03173334,-0.4925744,-0.3427853,-0.23012939,-0.018103639,-0.48326835,-0.007825423,0.17027724,0.20171092,0.0,0,0,1,0,0,0,0,0,0,0,0,0,0,0,0,0,0,0,0,0,0,0,0,0.0,0.0,0.0,0.0
0.3006777,-0.25624517,0.58741575,-0.0035231924,0.3888995,-0.5703365,0.0023261036,0.45958564,-0.13772438,0.14782462,-0.3256667,0.004596004,0.022268897,0.15589201,0.08170305,0.5332834,-0.34273165,0.16658811,-0.0012073801,0.15415244,0.4979185,-0.052663956,-0.2190692,-0.12520866,0.1972453,0.19626953,0.33802807,-0.3809848,-0.8687693,-0.120077826,0.360242,0.21429639,0.18982737,-0.28717828,-0.105864264,-0.38668036,-0.21271844,-0.3826244,0.118593626,0.45222014,0.116606854,-0.21576881,0.30917436,0.042860217,-0.17266089,0.03819565,-0.12816574,-0.47169492,-0.009814445,-0.24779803,-0.85923964,0.12916775,0.24421762,0.016931683,0.35209984,0.26779535,0.35111198,-0.4648942,-0.23538451,-0.008314975,-0.08237423,0.3037619,-0.17594843,-0.14345698,-0.15682709,0.02131583,0.11679422,0.57511187,-0.9866496,0.17436151,0.09935666,0.012864108,-0.09667904,0.29607183,0.24998738,0.3189816,0.032330293,0.6069001,0.24645159,-0.025911596,0.1202088,0.442218,0.347503,0.28458032,0.39746803,0.34689948,0.029873697,-0.07641251,-0.46346858,0.7493052,-0.24186012,-0.015762795,0.16532183,-0.2540463,0.71592087,-0.47195885,-0.33000824,-0.48700622,-0.18358158,-0.071832985,0.49259254,-0.27734348,-0.19321027,0.029816236,-0.22571188,-0.038769197,-0.71755934,-0.4172403,-0.059162617,0.4291206,-0.2528603,0.32216805,0.057443824,-0.44685993,-0.10119832,0.07529459,0.07798681,0.19176713,0.14803071,0.20778014,0.049761523,0.53821826,0.031517938,0.1707446,0.34329525,-0.008810549,-0.130916,-0.081566446,0.093945116,0.2313282,0.9803663,0.5369812,0.373896,-0.33853328,-0.08580035,0.101369865,-0.1493639,-0.3977744,-0.10172858,-0.1645261,-0.013260769,-0.14330038,0.0917646,-0.017921489,0.26127097,0.2674958,-0.017878117,-0.27054694,-0.49141118,0.35874107,-0.50713885,-0.05817952,-0.16085404,0.124829665,0.18336554,-0.027153766,-0.07619672,0.110171616,0.23635389,0.06349972,0.121509306,0.36808965,-0.28567544,-0.02456403,0.106784105,0.04923849,-0.20090763,0.42139226,-0.040881075,-0.0025691777,-0.09481591,-0.3997398,0.08487424,-0.010584707,0.2921125,0.28278416,0.14789179,-0.080095164,0.5255285,0.5709092,-0.61501145,-0.26718652,0.4731421,-0.41867578,-0.09787163,-0.0016216353,0.6526069,-0.46663254,0.28173408,0.07394022,-0.45419025,0.24711566,0.24548137,-0.5137213,0.09653862,-0.31294498,-0.2232904,-0.48989445,0.1298128,-0.1853955,0.27656758,0.061358653,-0.3149613,-0.09491654,-0.62478226,0.28608793,0.20508356,-0.49584195,-0.3053285,-0.33710217,-0.36305982,0.21066447,-0.27311453,0.44583118,-0.1012705,0.07284871,0.15324463,-0.041002184,0.035110496,0.09164568,0.25690576,-0.40789074,-0.0023692676,0.12826279,-0.011311743,1.1446201,0.09116102,-0.16206184,0.9485932,0.24954414,-0.31037748,-0.03967511,0.4243798,-0.07971368,0.34812692,0.10917136,-0.50935024,-0.73816526,0.16498302,-0.06560231,-0.10504705,0.4834525,0.26308158,0.22941728,-0.009077613,0.35210142,-0.027393667,-0.2792922,-0.13056073,-0.19981937,0.18976125,-0.071434,-0.57034403,-0.43954095,-0.2878074,-0.2850304,-0.42952156,-0.3067393,-0.15248828,0.19530205,0.07934619,0.041119646,0.08933163,-0.026039032,0.02032573,-0.6010384,0.39671767,-0.012689219,0.38056016,0.23672487,-0.025241148,-0.23905748,-0.06101997,0.4253774,0.18107423,-0.17313138,-0.004277311,-0.16383088,0.009093088,-0.0523582,0.20247369,0.09603708,0.06464648,-0.16338755,-0.46392673,-0.14707512,0.23451221,-0.09648041,-0.45966846,0.017217608,-0.53351784,0.401281,-0.53460085,-0.20889637,0.920581,0.36059797,-0.20908596,0.3426162,-0.21354294,-0.21895531,0.5833143,-0.2774552,-0.0576219,-0.09965232,-0.29625285,0.24015327,-0.5679323,-0.6632481,-8.570331,-0.52210873,-0.45620552,-0.35143265,-0.1291303,-0.39421067,0.1830048,-0.28933886,0.1413673,-0.01874251,-0.1925151,-0.016164064,0.15873809,-0.32060906,-0.2153574,0.4469907,0.6772867,0.0030237956,0.19401442,0.255685,-0.24034153,-0.19853434,0.2070701,0.11907083,0.2544025,0.046979636,-0.17358677,-0.03871014,0.04866145,-0.3993594,-0.13875858,0.07291604,-0.2285539,1.0944346,0.19986038,-0.37649605,-0.08819947,-0.37638974,-0.17650953,-0.29622614,0.117268085,0.021489358,0.04436657,-0.059790593,1.0589156,-0.53428286,0.10900136,0.2540794,-0.35402384,0.14615749,-0.20436746,-0.49135822,-0.14000094,-0.44133273,-0.12130037,-0.32657197,0.01203569,1.0725704,-0.16148715,0.060607303,0.45157334,-0.3540211,0.017850868,-0.21777911,-0.6460154,-0.28323543,-0.656208,-0.5172283,-0.16553316,-0.12177207,-0.5345927,0.51716036,0.027759876,-1.1340704,0.16881554,-0.44116277,0.17221648,0.35485667,-0.24919008,-0.058317546,-0.30024436,-0.40340966,0.075996816,-0.15529768,-0.4798389,-0.40379125,0.076079816,-0.2966572,-0.5899304,0.0306594,-0.35429093,0.18570705,0.25850403,0.08092644,0.12512517,-0.05602792,0.6642923,-0.6030454,-0.056016456,0.2548873,0.47620952,-0.14538354,0.42396018,-0.41838473,-0.19392838,0.20397772,-0.17582186,0.08304885,0.2540641,-0.23172279,-0.17075247,-0.0075099133,-0.3016982,0.17982927,-0.36573,-0.19036679,0.39559048,0.23489866,0.15992278,-0.58518624,-0.46098605,0.24889483,-0.30554372,-0.29049325,0.10649893,0.029522436,-0.09395098,-0.028802836,-0.5035069,0.16564006,-0.07119691,-0.15496068,0.012871282,0.017669506,0.07018736,0.023323352,-0.12076055,-0.1762622,0.5048979,0.1978522,0.049845353,0.36814222,0.40309075,0.03264855,0.14045109,-0.16664837,0.38309258,0.57108235,-0.030922472,0.12499425,-0.12908208,-0.6734747,0.20767443,-0.15793325,0.44542378,-0.08095908,0.5021016,-0.083066486,-0.06842133,-0.5560054,0.33794323,-0.44489068,0.016194366,0.46585834,0.06878208,0.083827704,0.0910826,0.42949024,5.0386934e-05,-0.6237404,0.0052967835,0.30936414,-0.22841999,0.1822287,0.31384152,0.25163367,0.29417175,-0.4753357,-0.23985493,0.36372167,-0.009078393,-0.11237409,0.072904594,-0.25209853,0.26069412,-0.32777733,0.10562377,0.40502036,0.5393023,0.7057536,-0.24168302,0.75428885,0.0108339265,-0.33264282,0.40585282,-0.7329827,0.48325607,-0.3620829,-0.15169024,0.35481933,-0.28618965,0.048753858,-0.7594068,0.0075367386,-0.5456083,-0.13278703,-0.0010315034,0.29112935,0.24549225,-0.3162763,-0.4791029,-0.55588865,-0.40334132,-0.006879942,-0.28764457,-0.05155245,-0.5286691,-0.16577809,-0.3737556,0.26416844,0.05131657,0.17734055,0.21839407,0.35246027,-0.25901017,0.30543253,0.32383618,-0.32692623,-0.12900007,0.06911296,0.13070503,-0.874139,-0.13879205,-0.19049774,-0.24599531,0.06998257,-0.8007189,0.21544912,-0.09595006,-0.38155544,-0.46302792,-0.14220244,-0.2372098,-0.37543708,-0.3273024,0.13171835,-0.43774253,-0.11755822,-0.33197415,-0.032638684,0.17983288,-0.48648947,0.05011267,-0.29863158,0.42959613,-0.44288158,0.1766325,-0.16457869,-0.28293833,0.004934159,0.35225368,0.16268726,0.10431947,0.38437712,0.12844858,-0.06646423,-0.29529133,-0.0123282485,-0.14837883,-0.5294349,-0.5747925,-0.09361567,0.3733459,0.40321174,0.2641131,-0.1946965,-0.055884995,-0.36832634,-0.30635905,-0.29407108,-0.33934182,-0.02716232,0.5045514,0.047858763,0.36934075,-0.33039355,-0.4102819,0.24653171,0.06618851,-0.0121286465,0.30686846,0.5389904,-0.4381498,0.119487956,-0.21286291,0.32083756,0.56926066,-0.30698085,0.3261869,0.33868232,-0.12852271,0.050203867,0.55784297,0.036611315,0.05163724,0.20501631,-0.01372468,-0.13017231,0.053052854,-0.21497385,-0.22242224,-0.3200122,0.29223168,0.7973903,0.17429897,-0.5066769,-0.69069815,-0.16053894,-0.5755478,-0.052697506,-0.08210186,0.48327392,0.42566368,-0.057210322,-0.27992126,-0.11612112,0.17844662,-0.17424704,0.40842208,-0.17348576,-0.28938618,0.029213443,-0.22979112,0.39666805,0.14574733,-0.26910445,-0.28312773,-0.2235343,-0.40128517,0.09342864,-0.15751107,0.107576884,-0.24751833,0.4149216,-0.17320798,0.04768286,-0.2647459,-0.12135549,0.12675656,0.14875753,0.2165538,0.2017824,-0.18258303,0.35601503,0.08902362,-0.14749226,0.13117751,-0.11669264,-0.1155481,0.47323608,0.4276916,0.2270731,-0.12973061,-0.60535246,-0.21088718,0.037443124,0.25065336,-0.27542588,0.06883067,0.20204145,0.46447137,0.16684075,0.101387404,0.12429143,-0.15913504,-0.09555609,0.078267075,-0.08627414,-0.21526894,-0.057332125,-0.33268306,0.015924733,-0.63943774,0.0986231,0.4095918,-0.34271446,0.06153074,-0.13544077,-0.3177385,-0.38510796,-0.4425665,0.4143499,0.03939392,-0.1918253,0.01719424,-0.14986646,-0.08535518,0.19895144,0.20074302,-0.15604764,-0.07842454,-0.021913186,-0.01986912,0.024231417,-0.10340194,0.0023840056,-0.13400395,0.46585667,-0.54449666,-0.043258324,0.36818385,0.39042893,0.06240748,0.13174446,-0.046872687,0.2710834,0.7833475,-0.085583,-0.37143952,0.112708636,-0.41592383,-0.3967521,0.24793217,-0.018058319,0.0769874,-0.60261,-0.30239722,-0.083990164,-0.23013175,0.33835003,-0.20133162,-0.17567533,0.13845938,0.31695327,-0.6112843,-0.41114235,0.034709662,0.25637904,0.045168802,0.2603091,-0.32894295,-0.102202415,0.2643698,-0.26830298,0.016353218,0.22365162,-0.025924481,-0.0020985857,-0.70099413,-0.21492746,-0.26687762,-0.10877198,-0.8180066,-0.32484776,0.13051085,0.23990554,-0.3369474,-0.3576954,-0.11545236,0.311319,0.13333333333333336,0,0,1,0,0,0,0,1,1,1,1,0,0,1,2,0,0,0,0,0,0,0,1,0.0,0.0,0.0,-0.13333333333333333
0.30584678,-0.054566678,0.29801875,0.030871278,0.43057016,-0.3045111,-0.6735868,1.0021195,-0.48857725,0.043067485,0.47467166,-0.3764248,0.18547031,0.5155807,0.018148936,-0.1968446,-0.25427988,0.45579746,-0.09623227,0.46592805,-0.18884245,0.084873535,-0.20558931,0.19096962,-0.11468772,0.3775761,-0.05652113,-0.06460916,-0.41881907,-0.15940242,-0.25240922,0.59011424,-0.16916868,-0.0031319482,0.11436811,-0.6693031,-0.21887107,-0.0409194,-0.26648998,0.23617464,-0.0039458377,-0.2548468,0.43522424,0.010241491,-0.2255792,0.095391095,0.17836095,-0.3241261,0.10668509,-0.24643692,-0.33601376,-0.058466617,-0.48568547,-0.5204752,0.33332705,0.68372214,0.6053285,-0.56632096,0.2517606,0.27377295,0.23271811,-0.3536764,-0.06662866,-0.31286716,0.24655403,-0.5499085,0.25966403,-0.034250706,-0.8724903,0.0920615,0.23758948,0.049213428,-0.11440856,-0.33953017,0.074069016,-0.20368508,-0.22755389,0.22074272,0.18341662,-0.060081836,-0.045817778,0.50204986,0.40402803,0.4898793,0.36151287,0.5345539,-0.32831314,-0.13471305,-0.22062743,0.21660872,-0.08103993,0.030612214,0.17810482,0.2709701,0.44203654,-0.32090038,-0.16431446,-0.009293613,-0.16807507,0.1526566,0.21761213,-0.6365006,-0.2794425,-0.26187062,0.1762171,0.048924822,-0.6040466,0.37723053,0.044448305,-0.07490869,0.11032356,-0.04335059,0.23334831,-0.21634063,-0.2705654,0.19137987,-0.19531503,-0.08564792,0.5724134,-0.041328248,-0.17063653,0.30040097,-0.27737164,0.3757613,0.083435945,0.14967674,-0.0312441,-0.37133113,0.19734591,-0.13444623,0.39732498,0.24547105,0.37929463,-0.11118033,0.576514,0.23821823,0.21479513,-0.2714718,-0.028496606,-0.8351532,-0.16792378,0.13788497,0.26671913,0.31001866,0.38361552,-0.108515605,0.11173249,0.005166395,-0.39942786,0.36531654,-0.2795929,0.11536606,-0.5376791,-0.07227388,0.12236343,-0.22321485,-0.12902945,-0.130329,0.62495327,0.6387744,0.00030120675,-0.4174325,-0.39137894,0.13558961,0.015458881,-0.29550067,0.46630514,0.337622,-0.5916949,0.07231346,0.047150504,-0.06630823,0.1934813,-0.048020057,0.70949316,-0.20856546,0.18089446,0.0283046,0.3553983,0.8170385,-0.4618405,0.00015023291,0.43204904,-0.048927154,0.16442212,0.46167147,0.49118966,-0.25720567,1.0401711,0.1560903,-0.30006814,0.020428615,-0.35002464,-0.06766766,0.5442593,-0.4583511,-0.20846447,-0.7441158,0.4417569,0.107790604,-0.48520008,0.045029458,-0.12184374,-0.41000497,-0.20521611,0.4853569,-0.20479201,0.010667583,-0.8322797,0.09227624,0.16004097,0.63652074,-0.04109767,-0.23907927,0.2267305,0.1195708,-0.4560983,-0.090290725,0.3225783,0.19802219,0.30443022,-0.6788899,-0.5798795,0.71487695,-0.19557905,1.0686562,0.019066956,-0.8846049,0.5153311,0.12740105,-0.059275344,-0.3404059,0.31395704,-0.64779586,0.1270315,0.25390676,-0.26580337,-0.5416838,0.42157584,0.6154178,-0.48309666,0.55580336,0.18537113,-0.299774,0.23314776,0.37136763,-0.047023233,-0.61420816,-0.2266847,-0.2759993,0.053981017,-0.115855895,-0.28193054,-0.43125057,0.30910408,-0.014718378,0.14345364,0.20960589,-0.5386354,-0.06667468,0.15179765,-0.021350326,-0.037780665,-0.111815855,-0.037443027,-0.233918,-0.113955066,0.35248387,0.5142401,0.15989116,0.12898849,-0.47085977,-0.0048944685,0.17353329,0.20349246,-0.7348732,-0.18342987,0.37477016,-0.09767394,-0.6431193,0.12797882,0.30010036,-0.415465,0.09909004,-0.21300243,-0.0003424393,-0.01904743,0.012730691,-0.04653044,-0.62894034,0.122541815,0.23737355,-0.7582528,-0.18802273,0.6798174,0.70555353,-0.2624796,0.28662673,-0.37822562,-0.525379,-0.503775,0.17593242,-0.03405245,-0.004467903,0.13916305,-0.13675041,-0.22573511,-0.49096787,-10.946417,-0.6385849,-0.36357793,-0.22821698,0.46464917,-0.23241264,-0.32230416,0.23229183,-0.35549802,-0.09875039,-0.025077078,-0.5149083,-0.002389641,-0.10225474,-0.35077623,0.34796298,0.22431576,0.27818438,-0.15786386,0.37336284,-0.06528754,-0.61585045,0.6016167,0.024311395,-0.053461626,0.48902172,-0.2255492,-0.05835092,0.35062188,-0.13405456,-0.37536427,0.35513124,-0.042942535,0.6128859,0.10240355,0.21756254,-0.1346622,-0.4327842,0.12303173,-0.25663418,0.27277842,-0.25449106,-0.21757936,0.19981396,0.8548687,-0.6942936,0.12626387,0.3173558,-0.27153698,0.19847584,-0.24419732,-0.40004337,-0.036143336,-0.29468328,0.029099157,-0.53055024,0.24962877,0.7573769,-0.05697845,-0.11941536,0.3666423,-0.16451307,-0.27357253,-0.4742625,0.13736625,0.15373589,-0.15074992,-0.53429735,0.1160088,-0.06957645,-0.30706102,0.27625307,-0.09260724,-1.6564586,-0.11764994,-0.23248692,0.14830932,0.7841618,-0.12742259,-0.012044075,-0.17229086,-0.4343515,0.074006006,-0.31744388,-0.65243834,-0.6908888,-0.46633902,-0.55053115,-0.0011953247,0.047950126,0.45857403,-0.30434337,0.44867802,0.23382963,0.44729093,-0.43149143,0.26087946,-0.4790397,-0.17038575,-0.011467678,0.1913766,0.27219164,-0.06904925,-0.007401831,-0.02653049,0.056192454,0.118089475,-0.30088973,0.02617211,0.28900227,-0.19539487,-0.24783339,0.21651842,-0.16445461,-0.39141142,-0.049937043,0.3132507,0.26794723,-0.16371903,-0.7151516,-0.10403815,0.33811775,0.04704419,-0.87496495,0.040881213,0.18216978,-0.13990562,0.098080054,-0.33535254,-0.1989991,-0.17027903,-0.08255271,-0.27258024,-0.3139929,-0.10329916,-0.28061822,-0.20147985,-0.0853685,-0.18597172,0.18468788,0.28825518,0.33733463,0.46432105,0.03572104,-0.05996864,-0.1711956,0.26394603,0.3722209,0.0253934,0.32381946,-0.65587485,-0.9088238,-0.00014800765,0.17358506,0.30228376,-0.09469997,0.36774167,-0.5142448,0.012007449,-0.82787603,0.20781505,-0.035582658,0.06629426,0.38827774,0.36342916,0.05722553,-0.10416372,0.30567408,0.116744585,-0.017387401,-0.09871915,0.25556833,0.0372857,0.05518385,0.08378623,0.4595464,-0.12439266,-0.23293746,-0.04417294,0.27624977,0.30589744,0.2716838,-0.060063027,0.030972924,0.693741,0.36268044,0.08758541,0.05656784,-0.36469054,0.46339977,-0.60059446,0.5783175,-0.032195427,-0.44332555,0.5232838,-0.31437957,0.4919137,-0.20811397,-0.004853862,-0.17425142,-0.30188778,-0.2819696,-0.073671624,0.23288961,-0.03460618,-0.170433,-0.23006901,0.5603676,0.7996865,0.17960455,0.28341058,-0.4056343,-0.21925706,-0.5560262,0.104266435,0.21459606,0.006323148,-0.36644173,-0.81383467,0.20777123,-0.17486225,-0.09598592,0.09860338,0.39387357,-0.6963586,-0.14409143,0.23206948,0.1242314,-0.2410255,-0.47068822,-0.3079345,-1.4577473,0.28315973,-0.12385031,-0.06301567,0.28807145,0.13247505,-0.25702482,0.047979213,-0.4415575,-0.6954859,-0.7975184,-0.37680474,-0.3790443,-0.10805613,-0.05134881,-0.37475726,0.6569227,-0.5308461,-0.028035684,0.056914974,0.18375756,-0.23927659,0.14766766,-0.27506903,-0.7838112,-0.25352937,-0.14792314,-0.27613276,0.24812312,-0.39150798,0.16877231,-0.060006943,-0.1368423,0.056633383,0.022406066,-0.49371278,-0.0076744747,0.07079091,-0.0993308,0.11767518,-0.37106442,0.36008647,0.22502625,0.028012734,-0.1821018,-0.19050851,-0.6526527,0.39033422,-0.116969965,-0.09150002,-0.07809896,0.27442625,-0.568392,-0.0023225802,-0.36615443,-0.24892503,0.08322628,0.2376288,-0.04611634,-0.1643131,0.31247267,-0.6087132,0.34413028,-0.61165005,-0.026361048,0.20040426,-0.6187296,0.15543394,0.34098503,0.110035,0.1389538,0.6787091,0.5636415,0.23379688,0.18145826,-0.0968023,-0.12308543,-0.023095982,-0.19533436,-0.28362647,-0.4801168,0.77915525,0.25242877,0.09219759,-0.43115407,-0.1330223,-0.17915133,-0.15181236,0.08778101,0.1950227,-0.18725955,0.42518455,-0.40110385,-0.14684248,0.758712,0.19137084,-0.60287356,-0.05448103,0.2592282,0.11551301,0.1164791,0.074391164,-0.037579674,0.12164088,-0.21399695,-0.0860289,0.4375272,-0.43959436,0.22515102,-0.14016291,-0.12389197,-0.05937493,0.32599053,0.14469753,0.12448557,-0.14348254,0.28772977,0.5766879,0.38950446,-0.06724362,-0.20179805,0.33785954,0.07474238,0.16940399,-0.07580637,0.35825375,0.18791966,0.5541434,0.6085136,0.35395816,-0.034408964,0.28082904,-0.40025645,0.18871464,0.6958018,0.03535053,-0.23595308,-0.044813346,-0.31725594,0.359277,-0.083642446,0.4993768,0.49118102,-0.31561813,-0.032938257,-0.19985588,-0.06643085,-0.40607724,0.19014032,-0.19746357,0.048950303,-0.37491074,-0.15062028,0.2902995,-0.66008186,-0.34673232,0.13579088,0.29247522,-0.18625164,-0.42147872,0.3143382,-0.10686463,0.17014933,0.23413548,-0.39321503,0.2103656,0.12546675,0.109729394,0.21255738,-0.014981169,-0.35068372,0.0055606244,0.012506661,-0.073941715,-0.09886586,-0.05737616,0.25044152,-0.3134337,-0.28467622,0.15528122,0.79355454,-0.06327227,-0.06580637,-0.07676924,0.2720788,0.17758214,-0.111838095,-0.3555903,0.16806959,-0.5435654,-0.6140544,0.028197803,-0.08367764,0.18507151,-0.02827708,-0.15684484,0.11653423,-0.102758974,-0.38102967,-0.3579005,0.5948683,0.5966247,-0.019228147,-0.5347268,0.09492924,-0.13154474,-0.2733033,-0.26272544,0.12011821,-0.1783081,0.18474331,-0.0839099,-0.5728781,0.09078952,0.22113253,0.28646305,-0.5236719,-0.7633078,-0.38203636,-0.65099573,-0.043748036,0.068048894,-0.14258131,0.2633131,0.56767493,0.032734126,-0.6752827,0.46674836,-0.10271573,0.0,0,0,0,0,0,0,0,0,0,0,0,1,0,0,2,0,0,0,0,0,0,0,0,0.0,0.0,0.0,0.0
0.4052683,0.22813936,0.74550384,-0.15098362,0.4684306,-0.03005675,-0.19869833,0.49298272,-0.31936347,-0.117394686,0.11465038,-0.23562281,-0.17114906,0.28559354,0.09745708,0.3643945,-0.073958285,0.40052864,0.01180101,-0.2928512,0.1728387,0.17472589,-0.36172456,-0.44939274,0.35567647,0.46760488,-0.14668563,-0.3119891,-0.5111467,0.006873636,0.52753943,0.2594182,0.19190161,-0.13333158,-0.26823056,-0.25499782,0.16939367,-0.022605708,0.4455002,0.3321351,-0.23399985,0.06636682,0.092659235,-0.03781952,-0.23216265,0.041365135,-0.110432826,-0.6625432,0.15199989,-0.70145255,-0.6225008,0.13306424,-0.42071998,-0.40731782,0.060990755,0.2507494,0.4530467,-0.44160256,-0.118772246,-0.109544344,-0.13254791,0.025274457,0.36665207,0.18150356,-0.4500916,-0.13366438,-0.12757295,0.37434304,-0.6683951,0.5954153,0.108222276,-0.10476239,0.32843104,0.018540045,-0.27048245,-0.10121764,-0.35689762,0.32114503,0.053009447,-0.1739382,-0.11901297,-0.22291872,0.5565572,0.18619215,0.7395058,-0.03908765,0.104047,0.27394274,-0.14913292,0.59477824,0.038578533,-0.14072084,-0.42021003,-0.23578635,0.5859248,-0.51976794,-0.31006208,-0.27607748,-0.067849085,-0.32932368,0.29757515,-0.46277165,0.23492964,-0.18280804,-0.18100096,-0.016193928,-0.26929578,0.5837586,0.44884354,0.13694948,0.22655044,-0.089593366,0.14281069,-0.26404956,0.14581412,-0.13129583,-0.1858957,0.39133587,0.37394392,-0.28694436,-0.3116958,0.08372924,0.37466908,0.033189923,0.50089216,-0.051566776,0.15054613,0.17146276,0.09324612,0.034531623,0.42399883,0.12735799,0.3101911,-0.42231506,0.17155614,-0.13844927,-0.057942368,-0.0067851664,-0.20572579,-0.41432187,-0.44450456,0.15479808,0.25021225,0.21070614,0.6944677,-0.2374192,-0.4125694,0.286611,-0.08566535,0.51667094,0.08889851,0.45445064,-0.46000198,-0.16546158,-0.22414593,-0.43779936,-0.16759987,0.16675213,0.09016893,0.45404106,0.4958517,-0.22173876,0.15142564,-0.030656679,0.089269765,-0.1829267,0.1610839,0.3199025,-0.19244753,-0.34240746,0.0875074,-0.68092996,0.42861107,0.1774114,0.3462006,0.46809998,0.29758805,-0.46060437,0.34115973,0.75735414,-0.5884911,-0.16413994,0.24236585,0.002564531,0.09474025,-0.28341267,0.5855577,-0.7644381,0.49493802,0.091846064,0.16165712,-0.0076673287,0.18400559,-0.24978486,0.2755279,-0.11450427,-0.3073768,-0.74431574,0.33070302,-0.28135592,0.062258482,0.29794753,0.013975527,-0.35685754,-0.21053955,0.6685508,-0.014081348,-0.20539431,-0.71956915,-0.12901342,-0.14193974,0.24024093,-0.057564974,-0.20883074,-0.27947393,-0.122800514,0.5308413,-0.08811374,-0.0060988213,0.13273542,-0.5849148,-0.62928545,-0.20110771,0.04266496,-0.38736767,1.1642858,0.2731447,-0.37777865,0.59002566,0.27712372,-0.12597032,-0.37502617,0.2517945,-0.23917423,0.33983505,0.48506892,0.0065672575,-0.5131347,0.13813774,0.2433849,-0.6912376,0.37586856,0.11200551,0.15733966,-0.092571266,0.1524085,-0.15440959,-0.9522882,-0.34993827,-0.11639656,-0.27551678,0.02363708,0.00785724,-0.18999413,0.05442817,-0.2518545,0.22566664,-0.29101953,-0.21072423,0.035444498,0.11501453,0.33603817,0.35637107,-0.36317196,-0.12673351,-0.26461196,-0.38258058,0.459988,0.74149865,0.5243311,-0.5020763,0.116780475,0.046096865,0.44445923,-0.26499683,-0.34450385,0.5105169,-0.08438283,0.06497846,-0.48787254,-0.18609102,0.42376631,-0.18438457,-0.24931692,0.16289598,-0.35542777,0.9999019,0.060984794,-0.20937887,-0.16040026,-0.103218354,-0.037874702,-0.29696488,-0.3254419,0.98962945,0.38317776,-0.047650777,0.2528224,-0.31863135,-0.20708738,-0.2780697,-0.03826093,-0.075234875,0.15588036,0.25302684,-0.264655,-0.6875319,-0.14462578,-10.045152,-0.21881865,0.053496595,-0.32898888,0.09232748,-0.4483295,0.18747704,0.25175896,-0.58082795,0.10324031,-0.36788827,-0.41796318,-0.2161203,-0.3207978,0.19965889,-0.20727949,0.25073853,0.064933375,-0.30525273,0.17948581,-0.38777047,-0.38272038,0.7519267,0.098301284,0.4783664,0.5106683,0.12130542,-0.1705812,-0.23559378,-0.13051587,-0.63215727,0.11960778,-0.11373762,0.7927815,-0.3890786,-0.16559806,0.4060823,-0.5840895,-0.053309117,-0.02577477,-0.07113516,-0.20115875,-0.0020904562,0.3916548,0.46150714,-0.3642612,-0.49690995,-0.10391058,0.36757752,-0.10565822,-0.5202373,0.045082316,-0.28908467,-0.548796,0.23461689,0.23814203,0.32851475,0.7255939,0.07904444,-0.070303574,0.65089,-0.35470954,-0.3652074,0.20948033,-0.03624535,0.05245054,-0.80398536,-0.20129468,-0.31239057,-0.092807226,-0.2156281,0.42236224,0.04588749,-1.226392,-0.44730872,0.28070644,0.11719795,0.13940924,0.04816648,0.11980296,-0.5824403,-0.7514175,-0.005549322,0.09079907,-0.58554435,-0.50831187,-0.24634002,-0.19296253,-0.32588553,0.6208574,0.24573089,0.2651293,0.1771993,0.14694785,0.123728216,-0.08941234,0.6642595,-0.31135064,-0.0015937616,0.21580279,0.40637934,0.16464023,0.38677728,0.14739016,-0.3542815,0.255972,-0.50077146,0.4192968,0.049886227,-0.019366784,-0.110117845,-0.018218614,-0.32062247,-0.032989815,-0.17551973,-0.3552273,-0.29311687,0.5365657,0.005003556,-0.8576832,-0.30987188,0.08191378,-0.1868678,-0.7048529,-0.6162674,0.21609169,-0.07523317,0.0319207,-0.31274235,-0.1260463,-0.34655416,0.11915371,0.24321556,-0.456266,0.09891197,0.059185937,-0.16176803,-0.13148275,-0.25909603,0.24299398,0.40420943,0.034337875,0.41363943,-0.013304028,0.30459633,-0.05698698,0.055356998,-0.10526132,-0.113034464,0.13742447,-0.3994889,-0.5522879,0.38883695,-0.30605006,0.08493239,-0.10765637,0.57268167,-0.4957558,-0.42907318,-0.26881275,0.14440058,-0.18318427,-0.22004196,0.3207719,0.14294645,-0.18221468,-0.06862939,0.10484014,-0.14721534,-0.17937249,-0.0014373708,0.25701153,0.30985034,0.28709027,0.17110091,0.25853938,0.28105438,-0.47440803,0.015372623,0.5627677,0.23863907,0.039504632,-0.10441822,-0.31578526,0.2859414,-0.46660435,-0.06383946,0.29895303,0.24663529,0.20564665,-0.6607287,0.5625319,0.13559027,-0.45315516,-0.184346,-0.5676886,0.28113022,0.2372021,0.08562489,0.36829853,-0.32396877,0.044420734,-0.17318863,-0.28648415,-0.35163733,-0.14312461,0.3197766,0.2935993,0.4678869,0.39448646,-0.31399906,-0.47470096,-0.3160205,-0.45085013,0.43759072,-0.30747828,-0.038811628,-0.1449396,-0.89883804,-0.05672051,-0.20430824,-0.11705828,-0.23822758,-0.08436452,-0.18337765,0.23080286,0.052232865,-0.45748657,0.1499209,-0.3528233,-0.08202979,-1.3636193,-0.10074325,-0.17826262,-0.34209195,-0.30188406,-0.015661854,0.09271279,-0.5498939,0.088039935,-0.41150296,-0.53562105,-0.3378579,-0.43927735,0.08975683,0.40280202,0.12531674,-0.14385808,-0.15891458,0.06274144,0.44847724,-0.3531419,-0.12812385,-0.3676379,0.44732407,0.14622802,0.02995061,-0.21069758,-0.12144631,0.42286074,-0.4563496,-0.015486509,0.39892873,0.30814445,-0.41992512,0.23722908,0.39982212,0.4313324,0.113661416,-0.2609257,-0.20103113,-0.30042398,-0.0740276,0.010565154,-0.24962921,-0.2762695,-0.8163983,-0.4078684,0.1715122,-0.39528492,-0.16903366,-0.076302834,0.33728406,-0.26696154,-0.0040184236,-0.095234916,-0.2968603,0.055892065,0.088320225,0.40356973,0.06349902,0.2160413,-0.23601803,0.22262534,-0.094173335,0.023530051,0.3789768,-0.25946024,-0.23945686,0.19421118,-0.38474926,-0.4695232,0.33974442,0.11903916,-0.05228646,0.13540219,-0.12828262,-0.2548732,-0.45649123,-0.07602319,-0.396281,-0.25769404,0.48910508,0.7542117,0.2311885,-0.15337224,-0.30248427,-0.11190332,-0.53420144,0.20716083,-0.49555835,-0.001349453,0.88561296,0.107995026,-0.038746063,0.17008407,0.28810796,-0.076568544,-0.07005309,0.11216192,-0.17969066,0.28627357,0.14370991,0.21589763,-0.10980954,-0.29736933,-0.061152,-0.37347373,-0.2087695,0.4670068,0.28658238,0.58456373,0.2337848,0.22052826,0.064346805,-0.30421594,-0.06361115,0.045654174,0.3086677,0.65394616,0.28650522,0.22501843,-0.059688244,-0.25489634,0.45332867,0.06397982,-0.13321628,0.030184262,-0.2527048,0.66243726,0.10843351,0.42472664,0.4622073,-0.61168176,0.22669029,0.15333205,-0.11029914,0.034552325,-0.14396402,0.2815492,0.07734185,0.066510886,0.28959134,0.21036917,-0.107323796,0.0674304,-0.14781517,0.30093414,-0.10290846,0.07206839,-0.28433695,-0.089432046,-0.25980124,-0.1482815,0.3424026,-0.2639429,0.26611817,-0.11525345,0.062348604,-0.21223155,-0.3038576,0.32641184,-0.29580727,-0.2001437,0.26660296,-0.29570016,0.019010928,0.10040841,0.29534677,-0.041622877,0.3775048,-0.5341585,-0.49995986,-0.1227278,0.15032251,0.16937801,-0.035505816,0.1332158,-0.0779889,-0.32219487,0.39280072,0.174798,-0.043226272,0.32518956,0.07268681,0.15552117,0.026928155,-0.116855964,-0.29895908,0.042266306,-0.4378128,-0.19316229,-0.20582801,0.17862779,0.027505202,-0.5239618,-0.13873613,0.2066901,-0.35510993,-0.34979427,-0.08213505,0.48073426,0.45891362,-0.21097572,-0.12408612,-0.31206977,-0.2882287,-0.20433329,-0.3190361,0.072653264,0.036253203,-0.007706592,0.13509773,-0.19540904,-0.3296338,0.40384874,0.06421465,-0.23400666,-0.66674006,-0.2352673,-0.13678747,-0.087156095,-0.18917194,-0.026393928,-0.015594507,0.35728073,-0.5726949,-0.27485907,0.26645112,0.4209775,0.0,0,0,1,0,0,0,0,0,0,0,0,0,0,0,1,0,0,0,0,0,0,0,0,0.0,0.0,0.0,0.0
0.002434338,-0.22741398,0.20397921,-0.0062648896,-0.12222783,-0.12860042,-0.35206607,0.50548196,0.08094467,0.11330267,0.23656192,-0.34055924,0.11105363,0.5127696,-0.29818368,0.086632684,-0.27419695,0.06375579,0.36051983,-0.040726878,-0.275715,0.16281061,-0.3665989,0.12010333,-0.20876558,0.0042230976,-0.13675843,0.08217284,-0.5565528,0.23438159,0.3313013,0.12239375,-0.19627842,0.0770019,-0.32671055,-0.31221724,-0.18883957,0.23293619,-0.059028808,0.19720852,-0.3122436,0.023882361,0.18437707,0.01681263,-0.2699297,-0.16791956,-0.033450022,-0.23134996,0.036691118,-0.50719637,-0.6185955,0.14918686,-0.16952263,-0.1951093,0.46214026,0.19335385,0.22859941,-0.28682706,0.047103632,0.0380777,-0.0332209,-0.15572584,0.1576474,-0.43586212,0.27208042,-0.07109549,0.35685632,0.23585871,-0.7590107,0.2450067,0.05737906,-0.5278446,-0.22991055,-0.0996228,-0.3320941,0.20019631,0.09093689,0.668385,0.16247846,-0.21722104,-0.4030786,0.2873907,0.20279706,0.06999114,0.10875224,0.074614204,0.0837912,-0.023541687,-0.30601212,0.7190473,0.08607595,-0.21519211,0.1748856,0.11309025,0.30871806,-0.2703499,0.10123454,-0.2553115,-0.33925262,-0.05169623,0.21911076,-0.2666927,-0.07064698,-0.020251647,0.16978393,-0.11379875,-0.080271006,-0.15649258,0.060059186,0.27658427,0.081736974,0.3734187,-0.08612895,0.0351601,-0.37237954,0.31025943,-0.6618873,0.08932614,0.31107298,0.022305937,-0.16135265,0.31169567,-0.08929199,0.042617172,0.108379185,0.018560182,0.031310335,0.07232105,0.34192526,-0.12746534,0.12182007,0.36048013,0.68878883,-0.3804052,-0.08072247,0.33513296,-0.26063827,0.047399804,-0.4027998,-0.52006185,-0.45423904,-0.10628502,0.22863403,0.48139432,0.094289206,0.27738225,0.060737394,-0.3748082,-0.22816306,-0.05544343,-0.2681302,-0.15104114,-0.2956849,-0.18565866,0.35679242,-0.29421037,-0.10153679,0.012791216,0.10322655,0.5590877,0.40481755,0.022564247,-0.18116054,-0.31615487,0.20815109,0.18859033,0.42913857,0.31149688,0.01788957,0.0066475575,-0.24517895,-0.2046821,0.15108597,-0.04961797,0.45686242,0.16376312,-0.009622149,-0.08914842,0.13683487,0.48635238,-0.7377353,-0.058321495,0.2891759,-0.18249275,0.1959819,-0.12984937,-0.008423248,-0.54456705,0.13837405,0.10683086,-0.592508,-0.06698792,0.18388596,-0.41452327,-0.06350262,-0.46301982,0.005085389,-0.09564002,0.33154237,-0.44954595,-0.08757394,0.18843256,-0.17948054,-0.3772588,-0.14666006,0.43995598,0.05731769,0.13489275,-0.5932839,0.100739956,-0.2629651,0.524267,-0.17637268,-0.21812706,0.046597514,0.2305499,-0.060564887,-0.43728888,-0.26239675,0.10476718,-0.18605644,-0.47079355,0.071841314,0.24012615,-0.022302557,0.7440551,-0.0072199153,-0.27040973,0.8212017,0.5380619,0.082375765,0.20000674,0.22257783,-0.1601791,-0.2027557,-0.19773167,-0.43777087,-0.17260365,0.11857979,0.21817079,-0.26234198,0.46557415,-0.0021441386,0.3405311,0.14408171,0.26650262,-0.02144741,-0.6278009,-0.3389425,-0.17609562,-0.33251435,0.16945653,-0.046757624,-0.06881577,0.18126708,-0.054862536,-0.19054806,-0.21488944,-0.46091834,-0.07180668,0.28069502,0.07640912,-0.25917777,-0.05426698,-0.12905055,-0.32448167,0.17075785,0.28676203,0.17773817,0.21078628,0.030652693,-0.29921934,-0.005157843,0.26148015,0.04677963,-0.46520102,-0.053025547,-0.45026624,0.0090156505,-0.19178014,0.08665977,0.37197453,-0.07750108,-0.11745488,-0.25012058,-0.022666514,0.4727113,-0.5027871,-0.3119514,-0.26197204,-0.264667,-0.19314854,-0.13934462,-0.1516078,0.48598716,-0.046709575,0.23187493,0.403207,-0.3552313,-0.1596354,0.010557583,0.14562814,0.29356995,-0.18345499,-0.23564973,-0.104146674,-0.36893654,-0.28024194,-9.038294,0.08030634,0.0026279734,-0.1086525,-0.2334682,-0.4353429,0.28565225,-0.26233572,-0.31500104,-0.2420676,-0.10549633,-0.5743655,-0.021264639,-0.08869911,-0.01927376,-0.32779798,0.68917066,0.13962969,-0.031878743,0.2352342,-0.13077989,-0.3253833,0.045696016,0.16419409,0.1030817,0.4548506,-0.1700342,-0.03646866,-0.16136272,-0.15005814,-0.14709507,-0.25505358,0.082785994,0.5424192,-0.3023562,-0.43489498,-0.44687298,-0.5348541,0.29975027,0.022179205,0.13170208,0.5113831,-0.06889663,-0.19467288,0.9182924,-0.42418233,-0.3015243,0.07022384,0.18029684,-0.2592361,-0.024615966,-0.1475162,-0.25987646,-0.2848568,-0.11030688,-0.05900509,0.20171227,0.7177546,-0.4386817,-0.05614481,0.08270768,-0.23257166,-0.050573513,0.13218227,0.07541396,-0.024016948,-0.5853043,-0.4278188,0.04553829,-0.33722976,-0.011054831,0.7077865,0.083646506,-1.6059303,-0.24842834,-0.21547276,0.28966653,0.18967399,-0.09022818,-0.24006832,-0.18436648,-0.48455167,-0.17815495,-0.2527913,-0.64929587,-0.5795554,-0.060851086,-0.019274345,-0.27095026,0.010757783,-0.0045652087,0.36998993,0.24750848,0.21873695,-0.2647392,-0.27002543,0.28421554,-0.33973172,-0.28802922,0.64388436,0.113032304,0.1114475,-0.21739773,0.27059722,-0.1768739,0.11448108,0.013163883,0.27518302,0.23714815,-0.29293212,-0.036954425,-0.34621555,-0.2596963,-0.31694043,-0.022298276,0.26370132,0.04251005,0.11704929,-0.33930606,-0.43131268,-0.06409567,0.28168994,-0.4232691,-0.10716613,-0.052875277,0.28585073,-0.31403953,0.022023808,-0.17631142,-0.05256036,-0.08923847,-0.0016122246,-0.13609435,0.3204213,-0.08089373,-0.1638008,0.16426687,-0.43686762,-0.030271506,0.018140959,0.36785564,0.25528604,0.4895333,0.14513579,0.03667841,-0.056226525,0.55823046,0.764312,-0.26518947,0.024740852,-0.13252082,-0.2716519,-0.051754236,0.03960513,-0.029005144,0.068157785,0.5427672,-0.18070225,-0.18776157,-0.47446603,0.08152765,-0.228415,-0.28734174,0.23915136,0.027848454,-0.081812054,-0.054520264,0.14024757,-0.18306325,-0.64857614,-0.27876782,0.41642573,-0.37057132,-0.2001721,0.3871305,0.045603782,0.3065877,-0.31708488,0.06202681,0.23039505,0.46358475,0.09471399,-0.13032703,-0.20374203,0.31201917,0.10992496,-0.08118765,0.20984146,-0.0774928,0.45773816,-0.34004086,0.6512949,0.07715736,-0.25963467,-0.022536028,-0.2732793,0.5605734,-0.14030333,0.028214043,0.22951324,-0.16279419,0.24228217,-0.2618936,-0.14486243,-0.17667702,0.2783694,0.40636224,0.62464964,0.00907176,0.18078281,-0.14414255,-0.21071197,-0.32842565,-0.13869734,0.40919316,-0.35773376,-0.33480984,-0.4894144,-0.44483647,0.22995844,-0.2158269,-0.21281977,0.19084479,-0.11264984,0.097434156,-0.17102045,0.18706334,-0.020532222,-0.2512344,-0.28763542,0.061889395,-1.447289,0.42541572,-0.034520354,-0.19411449,0.06639199,-0.41194865,0.2910948,-0.020051427,-0.110101804,-0.6125331,0.10431038,0.15450911,-0.24156326,0.20911555,0.08223745,-0.05542447,0.26477742,-0.3606407,-0.039302878,0.23198389,-0.10065018,-0.27722138,0.16145971,0.25521556,-0.9043449,-0.25590312,-0.31791094,-0.15068217,0.22313896,-0.13453612,-0.19138548,-0.23908344,0.13093418,0.09159396,-0.07924482,0.09302981,0.6425214,-0.04832406,-0.11054519,-0.0027818594,-0.1020841,0.2507766,0.14186373,0.14337812,-0.08623455,-0.20380373,-0.56208014,-0.107695214,-0.3242486,0.10889673,-0.3450903,0.57621515,0.058265362,0.29911453,-0.2487498,-0.23817855,0.25213918,0.009312784,0.11711731,-0.12868252,0.26647216,-0.52048254,-0.13350567,0.081616975,0.082863875,0.3044532,-0.37922844,-0.12178504,0.29289758,-0.038788244,0.1116533,0.3769425,0.10333041,-0.06277244,-0.10032086,-0.048668083,0.14847453,-0.035765246,-0.029238472,-0.0123809995,0.30855903,0.13221917,0.3596484,0.22159733,-0.29557833,-0.14320643,0.087251596,0.14710492,0.19914879,-0.17969374,-0.105671205,0.3413755,-0.15599075,-0.07933485,0.0432521,0.14277105,-0.4884362,0.22063707,0.013028179,-0.16010943,0.42019588,-0.042034246,-0.39854735,-0.2923653,-0.4513096,-0.22123066,0.29293895,0.017201649,0.38360566,-0.122851916,-0.3092001,0.2608743,0.35955602,0.0045390804,-0.38951424,-0.22997822,0.21595846,0.19188495,0.63959527,-0.13361704,-0.13243514,0.0021950877,0.17488466,0.84295464,-0.1504055,-0.097153775,0.09761774,0.31997284,0.6286908,0.35322693,0.0025934123,0.3268295,-0.69372827,0.14616923,0.2593081,0.35179886,0.21841215,0.37092644,-0.10665328,0.35862216,0.24957201,0.48928338,-0.12047014,0.02245049,0.18674082,0.35523427,-0.039596256,-0.031668197,0.08720347,-0.12925592,0.05655939,-0.46536407,0.20207985,0.0047716238,-0.106303304,0.09958287,-0.0923305,0.03204076,-0.37065402,-0.20940052,-0.21222137,-0.11078197,-0.16627762,0.091321506,-0.3870163,0.2780185,-0.07862991,0.35008958,-0.1674034,0.112381294,-0.22551237,0.02287277,0.43832743,-0.28733128,0.12066076,0.08752922,0.22967769,-0.2133484,-0.24156535,0.3579067,0.59356743,-0.1547475,0.23814005,-0.032518104,-0.33243805,0.23678465,-0.06660657,-0.26365292,-0.18788445,-0.5054222,-0.17141545,0.38548207,-0.1035957,0.24002734,0.033202942,-0.33884797,-0.26514962,-0.05355269,-0.5875565,-0.17395228,0.28434184,0.34502912,0.17026624,-0.18089552,-0.080814496,0.066020936,-0.018669646,0.1387475,0.115074255,-0.18745217,0.21728043,0.19088225,-0.5050822,0.35104632,0.3634449,-0.18641534,-0.27463323,-0.26852357,-0.33536395,-0.48486283,0.016285619,0.05778405,-0.20208755,0.15567777,0.31736326,0.11818038,-0.24905282,0.540057,0.2596606,0.0,0,0,1,0,0,0,0,0,0,0,0,0,0,0,1,0,0,0,0,0,0,0,0,0.0,0.0,0.0,0.0
0.19257407,-0.8284409,0.2990696,0.3444395,0.15316926,-0.13038541,-0.002758062,0.63080084,-0.2632863,-0.098968714,0.22300893,-0.3007213,0.20446034,0.26340222,0.109514385,0.44410965,-0.3744542,0.21761118,0.36439693,0.15745865,0.17929547,0.0877877,0.13862808,0.10012842,0.1495078,0.2234113,0.020774543,-0.14354986,-0.7798637,-0.32315853,0.3105029,0.12148874,0.12781747,0.07743929,-0.19772173,-0.75277555,-0.38557875,-0.31864327,0.2425148,0.50510305,-0.4072177,-0.1603831,0.24325106,-0.18293932,-0.37185708,0.43940058,-0.1142801,0.21220051,0.1746857,-0.30455962,-0.7076017,-0.1570057,0.09102088,-0.32816374,0.23634806,0.33655,0.36206922,-0.6253029,-0.40556598,0.24654894,-0.025378156,0.0707946,-0.27326855,-0.7752572,-0.22715284,-0.24883002,0.22625193,0.60385424,-0.58636034,0.23486091,0.30751792,-0.073264524,-0.24314022,0.02854702,0.36165017,0.25381416,-0.20246433,1.1324987,0.24008648,-0.24193245,-0.055841077,0.15891595,0.3062967,0.10133055,0.083578646,0.4123128,0.5050498,0.16779178,-0.5697923,0.65197426,-0.16010696,-0.15848857,0.21739924,0.049962144,0.93387824,-0.4621748,-0.53633505,-0.15993305,-0.1504058,0.22481468,0.3712352,-0.24167477,-0.13554488,-0.35189915,-0.16612585,0.24260437,-0.36814374,-0.0026311246,0.13406357,0.090598546,0.09102315,0.59282,-0.042018685,-0.15842429,-0.1016535,0.33723065,0.0039806175,-0.30231577,-0.23508425,0.08045331,-0.045215033,0.30988505,0.20700413,0.2977985,0.44379136,0.3132988,0.05964937,-0.44608733,0.3309338,0.20111907,0.56954813,0.013096179,0.25692713,-0.52797025,0.2653904,0.3347502,-0.07368673,-0.28424785,-0.12492074,-0.18019351,-0.37168574,-0.42938536,0.28257728,0.040748958,0.29470316,-0.23153883,0.091150835,-0.75188637,-0.6273878,0.11488535,-0.31249547,-0.41270497,-0.3508186,-0.15233092,-0.067919254,-0.47582638,-0.3625167,-0.18780965,0.34961373,0.2647568,0.10156802,0.2365213,-0.15666722,-0.342126,-0.15941557,0.18721296,0.28118545,0.32937336,-0.24853706,-0.19137779,0.068846025,-0.145928,0.50163925,-0.07336297,0.37143424,0.5093103,-0.13553502,-0.027244013,-0.06348497,0.9111838,-0.59189284,0.019827358,0.5381392,-0.5455402,0.19495359,-0.09246012,0.4193013,-0.54297346,0.5843943,0.011432329,-0.5835619,-0.094167605,0.06307745,-0.19254151,0.60777044,-0.29742438,-0.1345761,-0.17382538,0.14348096,-0.37328425,0.23396458,0.12604016,-0.037945975,-0.096061975,-0.8189378,-0.018463084,-0.20487812,-0.06096295,-0.13130623,-0.17613944,0.080107756,0.46686482,-0.25407037,0.28138232,-0.016728932,0.37532192,-0.20222408,-0.25040424,-0.35799682,0.117919944,0.16044126,-0.43702736,-0.14185467,-0.12300965,0.048341706,1.3430821,-0.14796099,-0.4575011,0.31921205,0.30188206,-0.4213234,0.21250686,-0.06738486,-0.23225439,0.100644186,0.40230176,-0.21534336,-0.44523898,0.19525103,-0.30421594,-0.24064575,0.36100155,0.16618593,0.1614488,0.033025183,0.16544431,0.06738943,-0.63213444,-0.32496062,-0.45205104,-0.37879848,0.033120345,-0.3325837,-0.18411255,0.57282877,0.109347574,-0.077617615,-0.3272889,-0.19468927,0.37246653,0.7470395,0.1951887,0.052846998,0.18949404,0.34104973,-0.4611124,0.08052735,0.01307295,0.4072048,0.19618383,0.2400585,-0.47045922,0.2982777,0.49606496,0.638995,-0.25024465,0.42318437,-0.017038045,0.104553245,-0.44364995,0.040619902,0.41439992,-0.11886028,-0.27662718,-0.34024698,-0.21255602,0.30164105,-0.12295831,-0.2781393,-0.035560474,-0.49692416,-0.3308939,-0.38301158,-0.036336146,0.5519263,0.44619575,0.12403861,0.29153746,-0.5828143,0.06626197,0.251789,-0.1252997,-0.061895117,-0.0009451206,0.25476027,0.15166552,-0.059701055,-0.42295566,-6.9778624,-0.46221313,0.09185351,-0.2730928,-0.19942288,-0.3290435,-0.0922605,0.10821366,-0.108053,-0.036082204,0.17691973,-0.24453188,-0.12256806,-0.12342869,-0.35075274,-0.2573137,0.59525025,0.46992448,-0.17700295,0.18688428,-0.6366794,-0.6964092,0.13214749,-0.3212696,0.24352512,0.29509002,-0.27136275,0.048281778,0.20007385,-0.06372951,-0.5579642,-0.2620882,-0.09688915,0.61313707,-0.34202346,-0.19752245,-0.111419395,-0.2610478,-0.23086062,-0.3284873,0.15313947,0.04156334,-0.20338148,-0.24475099,1.19202,-0.88129634,0.045270953,0.34715936,0.00029851374,-0.2718646,-0.021071985,-0.574789,-0.21914385,-0.36531922,-0.064083174,-0.093258046,0.10422816,0.8388249,-0.0003634882,-0.4410913,0.062831156,-0.05698838,-0.24290071,0.2203852,-0.1288138,-0.4829554,-0.60481626,-0.3765178,-0.11661652,-0.11293979,-0.3880979,0.38550985,0.1852997,-1.1069152,-0.19958688,-0.11756809,0.36215714,0.4682094,-0.6687857,-0.33755225,-0.5866245,-0.32461494,-0.09956245,-0.35003486,-0.59728575,-0.39002278,-0.2621057,-0.87134707,-0.65921646,0.13250779,-0.37108934,-0.04305124,0.27091426,0.3073596,-0.19570135,0.027924392,0.6053797,0.054434046,-0.1487417,0.41480842,0.37859985,0.38245514,0.5158586,-0.13994116,-0.10750398,-0.20885721,-0.27843305,0.19047998,-0.11219058,-0.46036103,-0.18066016,-0.03575922,-0.65377074,0.0056593735,0.03484802,-0.32431644,0.33514187,-0.033360925,-0.09939295,-0.6577449,-0.46087173,0.2704953,-0.3971506,-0.32523277,0.3913183,-0.1154386,-0.17167737,0.01882206,-0.22339202,-0.51514006,-0.34192342,-0.4765079,0.009989809,0.51938516,0.0038336108,-0.48641628,-0.24129525,-0.25359267,0.3299198,0.09838444,0.09768436,0.572757,0.21209347,0.05766138,0.31805667,0.006404425,0.37598082,0.470697,-0.4372256,0.22797056,-0.27219218,-0.9657636,0.09123373,-0.036613297,0.4004827,-0.051749215,0.25046206,0.036471605,-0.4776144,-0.5627409,0.1762105,-0.3234159,-0.09910743,0.3526376,-0.22612523,-0.112619646,0.28933454,0.42545405,0.39937374,-1.065008,0.011172449,0.5997226,-0.3498696,0.06875743,0.27660882,0.5716889,0.19390534,-0.4274263,-0.20493923,0.65472543,-0.30226448,0.36961502,0.25965026,-0.16751397,0.23347014,0.15682021,0.41299748,0.07048643,0.44996825,0.9467195,-0.33399278,0.7496744,-0.27945745,-0.789216,0.08701569,-0.79875046,0.71277595,-0.34346727,-0.2840587,0.31924406,-0.39574814,0.47277558,-0.5829065,0.24830846,0.13135761,0.064350665,-0.029265147,0.73868996,0.43210247,0.13266093,-0.36250955,-0.24851395,-0.30330145,-0.3710383,0.27491775,-0.058550205,-0.38599038,-0.2844858,-0.38432494,-0.0535347,-0.3444228,-0.15701419,0.35189548,-0.001745341,0.041630052,0.17675747,0.36514065,-0.13426998,-0.43408477,-0.19153398,0.10614688,-1.1389165,0.48540413,0.08314558,-0.38565066,0.19606318,-0.57393986,-0.40984043,0.042755447,-0.2799097,-0.23408407,-0.54268897,-0.07563303,-0.62526405,-0.2790867,0.09620242,-0.2028055,0.14499675,-0.22339916,0.016501866,0.19008978,-0.15197578,-0.1810501,-0.196043,0.37660697,-0.72709656,0.18959577,0.091096334,-0.42812848,0.16223396,-0.08736582,0.09925451,0.021894045,0.27098924,0.21193558,-0.054337393,0.13196558,0.01594742,0.00456388,-0.5223382,-0.3983062,-0.037370574,-0.019584108,0.37669906,0.13870561,0.10180059,-0.5217843,-0.48714793,-0.062000934,-0.046559263,-0.23675607,-0.088075854,0.0798145,-0.19345167,0.41868633,-0.24657086,-0.1490445,0.47445783,0.31525758,0.26868597,0.11024202,0.493266,0.114696115,-0.06337944,0.27043563,0.47664016,0.5104945,-0.41426954,0.11451977,0.02546922,-0.29968858,-0.3306135,0.54906714,0.353554,-0.18808144,0.15555404,0.41220096,-0.39525422,-0.0189484,-0.3329833,-0.024732541,-0.24016447,0.56097656,0.828382,0.22672921,-0.09136234,-0.6007401,-0.08201547,-0.49057227,0.08755429,-0.17042597,0.060566276,0.57388985,-0.08623719,-0.29020458,0.19792427,0.08253655,-0.3156502,0.10111721,0.28315043,-0.4560364,0.10436201,-0.207808,0.41666743,0.3174799,-0.30400917,-0.0057179653,0.22512892,-0.33897755,-0.013763208,-0.25000733,0.2156607,0.019166097,0.27472138,-0.16200611,-0.06216592,-0.07824017,-0.039462555,0.6899157,0.22787115,0.22579636,0.123055264,-0.054250322,0.42447236,0.12402333,-0.09963502,0.17604971,0.19114515,-0.0125234835,0.39803356,0.24318291,0.0864996,0.073105976,-0.649537,-0.0010649896,0.0052468996,0.30730927,-0.12177611,0.24754642,-0.0514238,0.11706266,0.25324693,0.44860068,-0.32266864,-0.040423587,0.26197457,-0.022201464,-0.40750882,-0.45525634,-0.037404772,-0.069487445,-0.17859678,-0.8165694,0.32783777,0.17653279,-0.18227425,-0.21409751,0.07874522,0.11128128,-0.63895756,-0.25880164,0.27284816,0.49976552,-0.09488058,-0.27470005,-0.1327505,0.1842253,0.4077255,0.12374838,0.17229347,0.24658988,-0.36654598,-0.3644668,0.22810997,-0.04264038,-0.08775245,-0.35180828,0.03867524,-0.4101049,-0.21809572,0.2559019,0.29430732,-0.05133862,0.2240852,0.11938055,0.1225136,0.8725558,0.020141525,-0.13035329,-0.32330972,-0.22610672,0.03522968,0.09172381,0.18787698,0.05011451,-0.08822573,-0.4331515,-0.17550604,-0.18202282,-0.109597035,-0.7296199,0.23878032,0.5096026,-0.07157336,-0.41971877,-0.3725571,0.059027113,0.07957657,-0.04234232,-0.27790388,-0.40685228,0.20678802,0.10314414,-0.52448267,-0.20418747,0.43306947,0.14233989,0.06608816,-0.42793345,-0.8062942,-0.21207903,-0.11286423,-0.19946952,-0.31552297,0.49929032,0.22363442,-0.13735914,-0.2986774,0.37439826,-0.12526634,0.0,0,1,1,0,0,0,0,0,0,0,0,0,0,0,1,0,0,0,0,0,0,0,0,0.0,0.0,0.0,0.0
0.15345715,-0.1378864,0.54134727,-0.08859866,0.39126915,-0.1248379,0.19344614,0.7348864,-0.16563511,-0.4275156,0.037140828,0.08491318,0.42411155,0.21821098,0.03168594,0.53537345,-0.22370096,0.29427627,-0.30344707,0.21735743,0.15487388,0.021746892,-0.015830135,-0.0027423308,0.41079643,0.090925485,-0.16169064,-0.34375829,-0.5994823,0.16540672,0.10060798,0.45689976,0.4519386,-0.04999215,0.021978294,-0.51087606,-0.16279447,-0.2593516,0.50557,0.22454308,-0.1571732,-0.13198952,0.5223892,-0.41176248,0.21913864,0.060136296,0.01582144,-0.7006261,-0.045369126,-0.40668118,-0.68465835,0.08616591,-0.18610361,-0.6449621,0.07705857,0.46042234,0.30625886,-0.6819711,-0.2895613,0.017993763,0.15233345,-0.055855695,-0.24747828,0.16953394,-0.4655282,-0.2725833,0.18407708,0.6223803,-0.5257382,0.40532905,0.16805491,0.101323426,0.2488036,0.021303527,0.069509484,0.081247024,0.02988652,0.6924126,0.26227343,-0.29707164,-0.45637923,-0.049652234,0.8676943,0.4043294,0.6077051,0.012379056,0.2807656,-0.19331226,-0.31578285,0.5416568,-0.12392013,-0.1528345,-0.29950863,-0.06723883,0.60661614,-0.60008234,-0.7891661,-0.46455523,0.004745604,0.07120822,0.69939756,-0.5125879,0.09498621,-0.22412285,-0.12161584,0.3365406,-0.15772021,-0.32809743,0.10420784,0.46958542,0.14766337,-0.045226704,0.20257124,-0.078696296,0.09509636,-0.2073015,-0.29841667,0.277791,0.24179254,-0.12699579,-0.32571647,0.32582322,0.112992786,0.21192737,0.3184972,0.65031517,-0.0873477,-0.24062096,0.38495487,0.34239146,0.44090477,0.39522752,0.14683187,-0.28979307,0.2727921,-0.10178771,0.07313666,0.3501558,-0.28269097,-0.3378171,-0.12546867,0.1123771,0.21885894,0.30967346,0.38036346,0.26357564,-0.25454462,0.33402443,0.050305504,0.49361596,-0.4150313,0.07709879,-0.4730583,-0.24839579,-0.30792207,-0.11230277,-0.57833976,-0.16277818,-0.096993215,0.34138295,0.1878979,0.24843502,-0.35158026,0.05425635,-0.053960677,0.1696066,-0.36399296,0.20251323,0.073176086,0.07911766,-0.22700179,-0.8501849,-0.08136652,0.27155268,0.29793787,0.31934854,0.2434607,-0.50896907,0.17388296,0.6161565,-0.42171714,-0.4924588,0.30931246,0.056099944,0.28851852,-0.40051928,0.8437205,-0.4852388,0.22554263,0.5085028,-0.3106984,0.015724799,0.39559907,-0.10441609,0.33081588,-0.12708813,-0.08443549,-0.51130897,0.31397673,-0.16781543,0.22659194,0.20012759,0.41664833,-0.32355872,-0.6071001,0.48350883,-0.38301563,-0.2599799,-0.68407273,0.058674917,-0.44541717,0.39033508,0.034354106,0.27658427,-0.17061906,-0.079237744,0.34302914,-0.4322046,0.14716937,0.31217977,-0.16399002,-0.3048244,-0.06432585,0.03125548,-0.10702766,1.4238217,0.31826153,-0.5400127,0.940167,0.03263451,-0.100473575,-0.545461,0.1627429,-0.06402737,0.7408428,0.18972692,-0.41071486,-0.7097983,-0.06582719,0.08896392,-0.32280353,0.020245044,0.4838416,-0.087852865,-0.25637895,0.47863144,-0.36223033,-0.34592763,-0.13052425,-0.07699595,0.06857238,0.031133985,-0.2901514,-0.33835658,0.20554605,-0.13625604,0.2324679,-0.28714958,-0.717985,-0.012877508,0.24611056,0.16124332,0.31868806,-0.25911325,0.23752958,-0.7418003,-0.28428212,0.29993474,0.7138188,0.29950052,-0.28721076,0.05703073,-0.26433873,0.61026376,0.066687904,-0.6283569,-0.03715701,0.2594964,0.3708049,0.04206213,-0.11389329,0.53959006,-0.1307093,0.12033098,0.07990147,-0.118708916,0.61250144,-0.17192398,-0.45844096,-0.26723254,-0.20513982,0.07654785,-0.55412775,0.03723873,1.2969978,0.36258793,0.21185379,0.29085696,0.18577653,-0.38510597,0.52802396,0.0133163165,-0.007349485,-0.17336805,-0.22939289,-0.3447463,-0.6090705,-0.5663073,-8.831866,-0.31053826,-0.621886,-0.1188288,-0.16489644,-0.2334464,0.5911587,0.19015026,-0.17925861,-0.41028127,-0.29143617,-0.22044645,0.026931386,-0.63106817,-0.16427872,0.31928283,0.55221796,0.3410852,-0.22959137,0.27619156,-0.49696347,-0.1774625,0.25318494,0.13222055,0.59863496,-0.48931053,0.06755549,-0.25535417,0.020941818,-0.08404565,-0.25534156,-0.10261395,-0.2392346,0.84148484,-0.28178933,-0.364631,0.20583001,-0.6242644,-0.016522584,0.014911976,0.2576815,-0.063003294,-0.025530703,0.06726595,0.93769836,-0.45617425,0.08680786,-0.01475513,0.10807234,-0.06896464,-0.26676208,-0.26671162,0.14516781,-0.64005125,-0.04512076,0.035753414,0.1590386,1.0684197,-0.26826957,0.0220392,0.69187105,-0.039836362,-0.12319188,-0.07578244,-0.6509757,-0.2071659,-0.93714106,-0.39526522,-0.6564541,-0.31122833,-0.34893826,0.29574254,-0.046289124,-1.1353447,-0.42361668,0.301146,-0.06308338,0.5554442,-0.20798062,-0.23960611,-0.6791644,-0.9316095,-0.16262995,0.15358339,-0.32802713,-0.1810355,-0.35245922,-0.2896557,-0.10401275,0.47505715,0.091154,0.31327757,0.11753032,-0.2933307,-0.08413232,-0.19973081,0.48714,-0.54931676,-0.052869946,0.11343901,0.20987234,0.24421328,0.61129624,-0.36372945,-0.71419746,0.27466163,-0.32738912,0.16523284,-0.24325193,-0.23102038,-0.20047091,-0.22291319,-0.573085,0.30568174,-0.52489305,0.20792598,-0.12276981,0.26874867,0.003171611,-0.7949225,-0.46287546,0.39382875,-0.4165257,-0.68263245,-0.049178287,0.28863323,0.18058357,0.25222346,0.0028145493,-0.15922897,-0.5121695,-0.24325012,-0.03726908,-0.047157362,-0.051247288,0.12045275,0.3165388,-0.4108207,-0.23582043,-0.009959174,0.13663982,0.22795522,0.5918539,-0.09711225,0.40696657,0.17418997,0.3291216,-0.1845312,-0.023071859,0.112016685,-0.29946625,-0.64312744,-0.09631236,-0.21613485,0.13079889,0.14749523,0.44716212,-0.25100365,-0.3313431,-0.6350272,0.4183173,-0.021872308,-0.26075903,0.19833638,0.003300773,0.007499752,-0.07922468,0.09448569,-0.022643164,-0.62366766,-0.20684762,0.40312463,0.13114716,-0.109933026,0.10674026,0.057637062,0.4012307,-0.77562064,-0.016790746,0.4634153,0.25159287,0.121341914,0.13528891,-0.1348484,0.39841422,-0.03396824,0.24173042,0.4317143,0.54277456,0.12935257,-0.82555354,0.7770176,0.19930531,-0.353122,0.10595599,-0.52570504,0.43791443,0.47251728,-0.1246818,0.49693882,-0.48754674,0.13486597,-0.5904123,0.2130937,-0.29185474,0.18559639,0.40139005,0.29557103,0.393946,0.12736458,0.0008925891,-0.4139246,-0.45776108,-0.57177585,0.084918745,-0.25075084,-0.6304634,-0.42265487,-0.60492945,0.11843238,-0.3539429,0.4121307,-0.09852171,0.24752447,-0.28224102,-0.08495318,-0.0060365363,-0.33379376,-0.32010376,-0.19890909,0.14847028,-1.4459753,0.24088177,-0.11504824,0.280155,-0.13128857,-0.75036883,0.33446506,-0.38086465,-0.00030557238,-0.6906839,-0.7350423,-0.14087929,-0.5327472,-0.32298416,-0.10127631,-0.30705497,0.27673495,-0.23933749,0.0074578337,0.32814738,-0.2916241,-0.099586055,-0.3972271,0.13301273,-0.9984305,-0.36484337,-0.4635781,-0.29783207,0.037361506,-0.2394856,-0.040339977,0.115187034,0.22460118,0.2726884,0.30651104,0.2963892,0.2948122,-0.11199087,-0.72022223,-0.15621194,-0.18027191,-0.21988298,-0.055049624,0.10824513,-0.13368492,-0.3273344,-0.47845295,0.026018472,-0.56172794,-0.44470885,0.25382116,0.14666061,0.40166414,0.5130142,-0.29037872,-0.16682237,0.083542526,0.07895265,0.49812397,0.2926493,0.43379915,-0.32002807,0.43635726,-0.12763198,0.6431594,0.7653051,-0.18807971,0.0691354,0.12592618,-0.1315803,-0.11903362,0.16491489,0.2355034,-0.22514154,0.080191925,0.0008440742,-0.10125268,-0.4347724,-0.49838397,-0.8527835,-0.35436454,0.6912732,0.62598777,0.15985587,-0.46727395,-0.5725792,-0.3304976,-0.51739,0.26864308,-0.49994007,0.5575951,0.40837124,0.22147402,-0.056350913,0.28547767,-0.030440135,-0.29281902,0.475662,0.2910226,-0.26642773,0.35670212,0.098871104,0.3258655,0.1703223,-0.056120463,0.012866918,-0.10179176,-0.11679201,0.27196002,0.14558545,0.5222648,0.24333178,0.21702318,0.19436136,0.1699692,-0.2272967,-0.2647389,0.55997545,0.38890773,0.14611776,-0.09581364,0.09129255,-0.12645997,0.17465939,-0.10001203,-0.010862786,0.040180653,0.11546472,0.48202506,0.40071866,0.3405432,0.2699913,-0.7786796,-0.034754537,-0.029871156,-0.061521187,0.23292615,-0.010351697,0.37794358,-0.026388092,-0.075825065,0.46089467,-0.19492587,-0.042963687,0.070034236,0.06353984,-0.22811933,-0.12064508,0.35840175,-0.54658276,-0.14803493,-0.5439748,-0.20796196,-0.0395252,-0.3410473,-0.060845647,0.20480645,-0.094519205,-0.46380395,-0.24370281,-0.07699789,-0.16904451,-0.16865186,0.1465264,-0.3827571,-0.20897987,0.06795253,0.24771084,0.08053592,0.28776625,-0.5501135,-0.73298776,-0.29957712,-0.12127943,0.0506445,-0.022019776,0.2625717,-0.66966003,0.23716742,0.29924893,0.30305636,0.06082256,0.38326195,-0.21867505,0.31094638,0.5599376,-0.5358699,-0.48751596,-0.23010643,-0.11539374,-0.6211763,-0.049574304,-0.17662491,0.46238354,-0.54037976,-0.6289101,-0.07068226,-0.02282881,-0.38169193,0.09352796,0.6113837,0.44804314,-0.20442794,-0.34205985,-0.33339202,0.20310082,0.10827552,0.13713062,0.3365041,-0.20297153,-0.09154443,0.017163381,0.21197236,-0.5571014,0.6425285,0.44304028,-0.25999254,-0.852007,-0.21303463,-0.22249721,-0.08003697,-0.55566096,-0.4650592,0.38458174,0.4461892,-0.44004476,-0.27935153,0.22331554,0.040202912,0.39999999999999997,0,1,0,0,0,0,0,0,0,2,0,4,3,0,6,2,0,0,0,0,0,0,0,1.0,0.0,0.0,0.0
-0.13354106,0.046156574,0.6287299,0.033654787,0.24472058,-0.35478416,-0.020587599,0.7070167,-0.2900778,0.18698561,-0.22525977,-0.23270589,-0.058904104,0.34937182,0.071388096,0.5767566,-0.2515511,0.037425,-0.11413142,-0.02511826,0.36599627,-0.29864872,-0.027189776,0.14876187,0.17670496,0.19010007,0.08347928,0.14150946,-0.43749246,-0.0033130138,0.42956805,0.20777577,0.0048842034,-0.2880199,-0.49543288,-0.080363214,-0.13278796,-0.13211204,0.21141714,0.19854572,-0.23014036,-0.45698643,0.28057837,0.24340172,-0.22541837,0.10845671,0.049017295,-0.4028326,0.20837697,-0.53345627,-0.5744086,0.12596317,-0.21510552,-0.41521323,0.007956529,0.566279,0.531932,-0.38226745,-0.024155831,-0.1537465,-0.43927228,-0.25475818,-0.23373027,-0.23373325,-0.40687025,-0.30042043,0.09162166,0.073238164,-0.684979,0.054666106,-0.09413073,0.06355405,0.5135563,-0.24086505,0.09061228,-0.03892934,-0.0048846602,0.27462062,0.18761212,-0.19236736,-0.26178524,-0.037927948,0.59682184,0.296501,0.45126042,-0.1551616,0.13038316,-0.30996314,-0.4306247,0.7339256,-0.29959497,0.009789906,0.10455877,0.087296546,0.6496322,-0.563677,-0.3066416,-0.0035523279,-0.20393336,-0.23401903,0.46206424,-0.3220248,0.38557965,-0.023327887,-0.09602669,-0.079107195,-0.30485982,0.046640754,-0.026698476,0.09267457,0.31690648,-0.019743372,0.14419019,-0.15856391,0.1746698,0.2319054,-0.36561057,0.5287637,0.11281115,0.03757726,-0.17476648,-0.08974644,0.14276244,-0.00040657044,0.29444373,-0.01431116,-0.19740832,-0.0140841575,-0.21249563,0.36209002,0.33668792,0.16912718,0.06973102,-0.27615902,0.20212276,-0.07019325,-0.09480382,-0.06092579,-0.09878949,0.013372838,0.06926837,-0.09553425,0.39006576,-0.1515601,0.3564066,-0.35790372,-0.22988734,0.07264004,-0.26162115,0.21133083,0.007185806,-0.105619214,-0.32932404,-0.039312564,0.2583929,-0.024975188,-0.4962566,0.106098175,-0.06535582,0.17196855,0.27836055,-0.005817692,-0.120497495,-0.17930351,-0.02641429,-0.028548613,-0.19719428,0.25956237,0.059308697,-0.2654754,0.23222442,-0.5542064,0.5626802,-0.006833707,0.2685423,0.24966392,0.37614337,-0.06709426,-0.108759016,0.89997154,-0.4049497,-0.3759127,0.22649361,-0.16689993,0.37542126,-0.3124492,0.36348453,-0.60476816,0.3582911,-0.17065738,-0.23402199,-0.01657671,-0.036564488,-0.28392354,0.20128098,0.088172376,-0.11999846,0.0011262406,0.3664263,0.021053206,0.20281947,0.2798718,0.152706,-0.19956751,-0.21460037,0.44055435,-0.042551264,-0.20349143,-0.62610334,0.026619071,-0.33095756,0.4343922,-0.17448789,0.17456575,0.23631527,0.0692251,0.118767805,0.018284064,0.022998527,-0.07269588,-0.57501143,-0.11893627,-0.40542892,-0.15942225,-0.3376792,1.1670893,0.23474188,-0.7311682,0.92646456,0.41352248,-0.014279651,-0.35127857,0.11709185,-0.543234,0.21619049,0.1593115,0.07283443,-0.24139956,-0.2448264,0.1451357,-0.41387248,0.090113334,0.034702454,-0.16723123,0.16820098,0.17854732,0.06419826,-0.5580017,-0.17745316,-0.09310443,-0.06238307,0.11806886,0.17638874,0.0714666,-0.14133987,-0.33366534,0.0123778535,-0.4612818,-0.023339443,0.4705478,0.3924102,0.18873076,0.0635051,-0.2698415,-0.115881376,-0.2399819,-0.0008262296,0.39332163,0.27661428,0.4156357,-0.55010223,0.070932806,0.046705138,0.7485678,-0.19411755,-0.49221566,0.27800298,-0.12895446,0.15589294,-0.39764488,-0.3240426,0.69633126,-0.006725639,0.022012673,-0.39577317,-0.3801833,0.64263463,0.1498493,0.16197132,-0.34519196,0.28115624,-0.13074438,-0.1331499,0.0890781,0.70834154,0.38236877,-0.059918392,0.070669405,-0.5354849,-0.28208208,-0.20773415,0.0072739716,0.30513358,-0.17538214,-0.2307458,-0.13041604,-0.5722883,-0.18811211,-11.585528,-0.17771544,-0.17023043,-0.17331411,0.19134755,-0.18735853,-0.2088296,0.084000915,-0.25230086,0.046066944,0.15011317,-0.10387315,-0.054159693,-0.19287622,0.07624499,-0.38972908,0.4622737,0.14874133,-0.046297714,0.36166602,0.011109241,-0.27902573,0.43774143,0.010117441,0.45831433,0.3272227,0.04314002,0.0015389934,-0.38672858,0.031263076,-0.33783475,0.3093406,-0.06824375,0.77928245,-0.008412452,-0.046593286,0.19550936,-0.50472414,-0.07439405,-0.027082343,0.050537676,-0.32269788,-0.081171796,0.39436704,0.7001138,-0.26415977,-0.21283945,-0.04606686,-0.06439028,0.027353173,-0.021387408,-0.28940117,-0.09281643,-0.3232024,0.037288025,-0.22100137,0.19120048,0.6908419,-0.17704025,-0.4434107,0.60044885,-0.133344,-0.5665728,0.06859794,-0.44377786,-0.16153899,-0.6880842,0.12914394,-0.33736524,-0.16746677,-0.119244054,0.3936595,-0.15364784,-1.2717634,-0.1595047,0.11109653,0.027585035,0.0734323,-0.15761434,0.01839254,-0.39636242,-0.5648111,-0.08805125,-0.16299267,-0.53371847,-0.14425154,-0.240666,-0.452517,-0.22490387,0.3874452,0.14224043,-0.0052270456,0.08561573,-0.051124863,-0.04016478,-0.1064498,0.4313084,-0.040497664,0.10201395,0.47069007,0.16202839,0.1618886,0.4290847,-0.1149724,-0.44388863,0.21064574,-0.26340452,0.30280334,0.2509435,-0.24019699,-0.2799634,0.006466429,-0.19019338,0.06466208,0.064153664,-0.29279393,-0.034685537,0.53093296,-0.13705307,-0.5766828,-0.33937642,0.034835104,-0.18334034,-0.4028545,0.06528712,-0.0034718723,0.06383648,-0.09779593,-0.043210626,-0.24809963,0.033495843,-0.2212795,0.19323878,-0.34316897,0.04028277,-0.071965516,-0.30392203,-0.67382807,-0.577129,0.1708572,-0.06265853,0.2659619,0.6753022,0.014614432,0.16454145,0.039963767,0.17661172,-0.16696812,-0.038647495,0.20485578,-0.35691437,-0.3299704,0.2333417,-0.3274012,-0.10765128,0.015022087,0.93673235,-0.033535987,-0.16910271,-0.47085434,0.6082576,-0.20688815,-0.12521303,0.25548849,0.052806627,-0.18286788,0.28770947,-0.12183405,0.10392285,-0.17605872,0.056266803,0.50914335,-0.26404577,0.1018239,0.07276062,-0.002923721,0.5433729,-0.5301197,-0.22720428,0.3679776,0.12200499,0.02934457,0.1045885,-0.1765607,0.22004132,-0.17057425,0.00021324478,0.46582907,0.16052975,0.1368186,-0.5397811,0.31880167,0.18812215,-0.15560514,-0.4150962,-0.19195189,0.4587249,0.19660448,0.09486767,-0.09034041,-0.27125388,-0.22756454,-0.5105045,0.035254322,0.02068276,-0.04519578,-0.09182512,0.16928364,0.3514508,0.2835523,0.17130356,-0.5326594,-0.5437208,-0.18204641,0.5250016,-0.37060642,-0.5366026,0.083607025,-0.7496553,0.075136624,-0.14038599,0.13301377,-0.069391325,-0.2386811,-0.27204782,-0.017515993,-0.16172546,-0.16076839,0.0039773504,-0.29827908,0.095312506,-1.8263535,0.54112196,0.23144196,-0.15596013,-0.09649435,-0.0025193118,0.05361409,-0.08640322,0.1477537,-0.053509682,-0.55454075,-0.15854628,-0.36583987,-0.07826817,0.06458641,-0.32244387,-0.05919829,-0.33948272,0.06058255,0.07189131,0.040944673,-0.28397468,-0.48298192,0.28538224,-0.37067118,-0.27265802,0.11974703,-0.07863065,0.26819298,-0.13374937,0.18600123,-0.1123821,0.2170229,-0.2648506,0.21318418,0.07178803,0.33860725,-0.2864559,-0.21174769,-0.2822406,-0.37644684,-0.020281369,-0.017755467,-0.22000305,-0.60603094,-0.7113865,-0.44239485,0.38856998,-0.026499527,0.030140333,0.08622002,-0.12989289,0.016879521,-0.054352593,-0.11530187,-0.18565546,0.11182871,0.44821975,0.24553925,0.33069843,0.7669406,-0.48452595,-0.008278731,0.039722275,0.08832856,0.33626065,0.14660949,-0.5523486,0.37970513,-0.16820909,-0.29772565,0.4050188,0.10403184,0.20163776,-0.062542826,-0.08775057,-0.16262506,-0.2759707,-0.17707281,-0.37534368,0.0042184154,0.3332449,0.21913153,0.3588795,-0.096971616,-0.15363564,-0.2380672,-0.42926472,0.08222144,-0.15090209,0.16569649,0.55993915,-0.18396898,0.12891063,0.25340098,0.03964869,-0.29114324,0.06552997,0.19046925,0.17937748,0.5425755,0.18507296,0.1515275,-0.11765646,-0.25591204,-0.20365009,-0.43997824,-0.4038945,0.32997236,0.38105187,0.2883545,0.41663674,0.08367946,0.27093962,-0.18011461,-0.10805072,0.43022636,0.35968438,0.33560082,-0.037121996,-0.035141002,-0.028164959,-0.06930008,0.5649831,-0.43729132,0.06935801,-0.1297175,0.25104696,0.5624384,0.38690013,0.315712,0.38693956,-0.33813092,-0.069223225,0.2594987,-0.34532988,0.38433173,0.06385642,0.17948714,-0.1755672,-0.31666663,0.31143743,-0.14985962,-0.39680508,-0.18405889,0.19221544,-0.2955538,0.012302181,0.15225188,-0.14228472,0.09644614,-0.13088481,-0.10935228,0.33012864,-0.41098163,-0.22009456,0.10404329,-0.1535992,-0.28870183,-0.043911513,0.10555263,-0.07263911,-0.20266964,-0.10990122,-0.34539238,-0.043353103,0.052797664,0.11324279,-0.108772114,0.39656526,-0.019830598,-0.29714316,-0.08345148,0.25172538,0.090995274,-0.13207403,-0.14140986,0.036798056,0.2748729,0.36128026,0.31245017,-0.0039068544,0.2876327,-0.2869441,-0.041545276,0.37156063,-0.22699282,-0.30322343,0.0030708902,-0.30140772,-0.1328323,0.18813455,-0.07269581,0.06053545,-0.38512295,-0.13782094,-0.41727653,-0.08519075,-0.4541632,-0.09275815,0.36300957,0.1962372,-0.1130347,-0.45575902,0.0010251403,-0.2681351,-0.2732719,0.024551792,0.18081193,0.16135377,0.024466619,0.23531377,-0.08290642,-0.12775904,0.3267999,0.37593368,-0.113281496,-0.22553656,-0.4372691,-0.7190735,-0.14243023,-0.21855901,-0.4073459,-0.18346629,0.4423464,-0.38629645,-0.100232705,-0.11106133,-0.12839551,0.0,0,0,1,0,0,0,0,0,0,0,0,0,0,0,1,0,0,0,0,0,0,0,0,0.0,0.0,0.0,0.0
0.007957782,-0.47028488,0.45967972,0.109250546,0.5277073,0.20344755,0.15638182,0.4913735,-0.11820953,-0.2206847,0.20165493,-0.34231102,0.06906763,-0.106422484,-0.24043962,0.1908189,0.05470589,0.1906134,-0.23389722,0.12159709,-0.3308073,0.038393214,0.11897761,0.24085146,0.26425654,0.4663414,0.09783073,-0.32714057,-0.5478785,-0.63780075,0.85775137,0.050409425,0.22707283,0.037460197,0.09697666,-0.5407661,-0.26176405,-0.06571411,0.010868715,0.48285225,-0.2131844,-0.22499478,-0.09731715,-0.35196364,-0.06443916,-0.316,-0.22031312,-0.47420663,0.44056857,-0.15152544,-0.7762354,-0.04316693,-0.12950313,-0.41324857,-0.05043246,0.37225822,-0.3397331,-0.28601712,-0.49323684,0.08070519,0.25537118,-0.34088737,-0.025303587,-0.31966826,-0.1618629,-0.045175973,0.40550408,0.51958066,-0.22912426,0.39220092,0.42676437,0.17577022,-0.28003985,-0.15846466,-0.057751283,-0.18815115,-0.5109071,0.32776776,0.27740994,-0.042715978,-0.53321016,-0.053093508,0.07625411,-0.071714796,0.43324962,0.33406624,0.08023647,0.22296944,-0.27524737,0.6186723,0.048727375,-0.15816247,-0.07463309,0.19390428,0.62993014,-0.81937295,-0.3910035,0.17314313,0.07897555,0.13573587,0.6937806,-0.8150128,0.17705196,-0.13863397,0.04146996,0.010363333,-0.4036796,0.17528792,0.35454065,-0.09627179,0.03474159,0.047413234,-0.13294947,-0.34095135,-0.41660127,0.0066953893,0.11331931,0.09870443,0.2815779,0.022190616,-0.39381072,0.5510966,0.11743642,-0.017802706,0.47798404,-0.097173594,0.25065446,0.052213892,0.39684978,0.22776896,-0.19085667,0.17002891,0.3252401,0.12686457,-0.11355727,0.019366685,-0.16004957,-0.2963798,-0.20684963,-0.06850809,0.18002957,0.20338431,0.40080026,0.35102016,0.28185827,0.00013199105,-0.3651761,-0.23512788,-0.086095884,0.2296137,-0.45599404,0.058234736,-0.3705135,0.17916173,-0.37040657,0.010404121,-0.7278916,-0.24506186,-0.4054376,0.3208379,0.47000512,0.048589755,-0.16916628,0.27287385,-0.043870907,0.066677906,-0.26379186,0.5303896,-0.20642602,0.05127214,0.055299055,-0.49536797,0.29780284,0.038217448,0.11987772,0.08447261,0.06581686,-0.052893143,0.038251247,0.29661843,-0.4923669,0.19566943,0.3312371,-0.09751402,0.38265836,-0.023012832,0.3473761,-0.15321155,0.6908215,0.47353557,-0.34650582,0.040186927,0.60914135,-0.05222213,0.04396667,-0.534889,0.11119253,-0.29316854,0.2015363,-0.055442862,-0.1480798,0.34046245,-0.13606109,-0.46352103,-0.09018421,0.10354325,-0.28122154,-0.13598004,-0.119105846,-0.21961091,-0.5211449,0.3443555,-0.02942077,0.10635974,-0.06115968,0.1519908,0.16244248,-0.25020772,-0.08811936,0.16821761,0.0720878,-0.26910356,-0.16339704,0.4699793,-0.25259992,0.8896598,-0.055296298,-0.31915525,0.6473224,-0.058404908,-0.23629522,-0.7615482,0.1806377,-0.16249141,0.117623545,0.33277634,-0.504786,-0.86268216,-0.071798965,0.07026382,-0.20124498,0.41008827,0.24377038,0.049990445,-0.055057872,0.3925577,-0.0029911082,-0.23245668,-0.13083483,0.105619475,-0.21376549,-0.18702842,-0.17298234,-0.377749,0.07469767,-0.10274183,0.012757165,-0.30341193,-0.35998023,0.05462039,-0.036895674,0.28287128,0.20076917,0.053916074,-0.0844586,-0.28233197,0.050955847,0.14303397,0.5039413,-0.057211675,-0.16535985,-0.17037316,0.071723945,0.61153185,0.14085968,-0.07403574,-0.04118567,0.43970317,-0.22710288,-0.073452875,0.008130613,0.25877333,0.17163098,0.17963453,0.09104435,-0.03405522,0.22258283,-0.119742006,-0.048992906,-0.23093103,-0.2487359,-0.16597527,-0.4548386,0.014155506,0.8095845,0.2883579,-0.20720598,0.27347732,-0.071551286,-0.19124162,0.31824458,-0.42519328,-0.079637796,0.11914083,-0.066401474,-0.19168034,-0.5934472,-0.37355283,-9.588424,-0.61765337,-0.22659206,0.3103788,-0.15084757,0.028651891,0.24911396,0.12652674,0.5744355,-0.20358324,-0.34624785,-0.09056649,-0.006568094,-0.3428628,-0.13643835,-0.12984544,0.88823485,0.32044578,-0.1490672,0.18510708,-0.54379046,-0.47277367,0.37316647,0.22980371,0.33624244,0.30095166,0.26291952,-0.06676335,-0.10328687,-0.21052338,-0.24100257,-0.32372952,0.09920268,0.6314228,0.13626428,-0.0018191168,-0.062456273,-0.6926525,0.08767305,0.020921418,-0.012449476,-0.45870098,-0.12708192,-0.231793,0.55501646,-0.44936925,0.13139586,-0.2851259,0.2781986,-0.04428872,-0.041145686,-0.0073705437,0.021103583,-0.17708382,-0.050700046,-0.0073646004,0.066191114,0.7456501,-0.2823878,-0.36714882,0.47510505,-0.30647573,-0.3657225,0.04222715,-0.072253734,-0.1681391,-0.3822782,-0.43310034,-0.5753834,-0.093976185,-0.20229751,0.5729686,0.2354904,-1.4973499,-0.46088192,-0.07886013,0.16624764,0.79087913,-0.2678707,-0.24711595,-0.69659114,-0.72482216,0.11251872,-0.021532215,-0.058051515,-0.32022506,0.37054312,-0.1233736,-0.381432,0.12542623,0.28039023,0.18489307,0.16872911,0.11781881,0.4209758,-0.06558675,0.65216774,-0.49607316,-0.12189912,-0.3368959,0.34495896,0.6977141,0.16892779,-0.42893782,-0.3970175,-0.109130174,-0.05388996,0.27133077,0.087192126,-0.23948957,-0.054886807,-0.08859618,-0.14581627,0.2851878,-0.16039926,-0.08606,0.10165365,-0.31121585,-0.31860885,-0.18304376,-0.30644876,0.24668485,-0.3099795,-0.46564424,-0.09152617,-0.15326539,-0.37089965,0.2281244,-0.050034065,-0.15645826,-0.023284325,-0.0497959,-0.28717777,0.2131524,0.047974586,0.04888628,0.20842063,-0.48882362,-0.07635119,0.35259944,0.28379208,0.3584096,0.2783749,0.028381493,0.15318784,0.22420272,-0.021911768,-0.30261526,0.10602182,0.047885265,-0.4009468,-0.7495516,-0.029273475,-0.02735868,-0.11494902,0.31976384,0.3936268,-0.40010723,-0.19770846,-0.03770883,-0.03343075,0.3666581,0.010049387,0.14524196,-0.17544392,0.18207446,0.2946735,0.22837095,0.48575678,-0.12835388,-0.45070606,0.29627255,0.32332057,-0.01620239,0.121126786,0.20041622,0.29471725,-0.34801248,-0.1747371,0.4442691,0.0767155,0.118983,-0.023971641,-0.27079248,0.7490736,0.23582004,-0.0726666,-0.20981604,0.010944238,0.56735957,-0.4890411,0.520173,-0.27233326,-0.6243922,0.113511495,-0.39104804,0.22214265,0.037706647,-0.01212909,0.7712789,-0.3457526,0.41902703,-0.34964612,-0.024233095,-0.103436194,0.060160585,-0.06479426,0.52639467,0.32091233,-0.055125743,0.049060103,-0.20144787,-0.5313112,-0.27503514,0.18997894,-0.12943529,-0.3088601,-0.24570078,-0.6828223,0.035806946,-0.148073,0.1462706,-0.27515313,-0.41561207,0.0408775,-0.2729228,0.32518566,-0.20923872,-0.37569892,-0.18973826,0.017916273,-1.5127732,0.114814974,-0.29921153,-0.06971423,0.07782823,-0.32975072,-0.017926108,-0.03245527,-0.10248913,-0.87433344,-0.4502618,-0.12388614,-0.36375114,-0.5664965,0.21989971,-0.48894545,0.11675597,-0.1410127,0.0981789,0.10236942,0.21507837,0.007994033,-0.2163957,0.034152027,-0.61485153,-0.062088795,-0.16181883,-0.29341587,-0.022423917,-0.33006805,-0.041643307,0.31753007,-0.01958283,-0.043376427,0.49164814,0.2908225,0.1906403,-0.21750212,-0.29072946,-0.12612754,0.026987465,-0.4931946,0.039359894,-0.069075815,-0.09083172,-0.23888913,-0.36201245,-0.05821289,-0.21140918,0.0010476315,-0.1734991,0.25367984,0.082914315,0.2943099,0.053540472,-0.3429902,0.3679918,0.27087018,0.022265688,0.35270205,0.3897126,-0.41080132,0.42086402,0.023556933,0.45702854,0.7056642,-0.23464005,-0.08880871,0.39321795,0.024731226,-0.13035679,0.5915642,0.03827013,-0.7896913,-0.0621547,0.21170996,-0.43409848,-0.31322935,-0.45493326,-0.6325556,-0.15138173,0.46630424,0.4259453,0.18941687,-0.5803271,-0.7625931,-0.043974496,-0.55254394,0.041990057,-0.090007134,0.68435967,0.424728,-0.34263527,-0.676514,0.26626086,0.13634972,-0.39998105,-0.25146168,0.10361031,-0.29492775,0.4676441,-0.118137896,-0.2269347,0.1448843,-0.27673998,0.17986591,0.041868873,0.009936039,0.24691446,0.018849814,0.095890425,0.5329559,-0.031974636,0.37153453,0.3363554,-0.12866244,-0.092061654,0.7565659,0.68009466,0.46083072,0.26634184,-0.28513408,0.5103546,0.11903892,-0.045652844,-0.10059292,0.26574105,0.39362594,0.6650342,0.4758646,0.35354108,0.021525182,-0.47671977,-0.006849568,-0.0366585,0.22181627,-0.40198612,0.24670936,-0.018211614,0.36376807,-0.09549821,-0.004182079,-0.0124581065,0.10007325,0.22693865,-0.08835472,-0.22050947,-0.33376122,0.28803933,-0.056632325,0.014162392,-0.41381186,-0.43709671,-0.15637192,-0.011383475,-0.44066983,-0.104516536,0.061418414,-0.32333127,0.14107889,0.064382695,-0.007338563,-0.18259741,0.10841812,0.18430409,-0.25457767,0.02288944,0.2767387,-0.07785808,0.30174348,-0.5563475,0.18878707,0.28510344,0.13005503,0.008061837,-0.2648693,0.21332577,-0.389239,-0.41828954,0.6467408,0.57086694,0.002309152,0.1615457,0.07739291,0.38659474,0.13144861,-0.59244394,-0.27927822,-0.307068,-0.71545655,-0.27727628,-0.105906576,-0.40724567,0.29337093,-0.5132766,-0.37367535,-0.29187056,0.0007719482,-0.12457606,0.033052288,0.19827968,0.3374207,-0.2350496,-0.35783547,-0.10160317,-0.13225663,0.028126666,-0.018033119,0.25908852,0.16058569,0.24307883,0.08193385,-0.40677166,0.27587387,0.47623116,0.21971464,0.048677634,-0.6703415,-0.4905138,-0.22168468,-0.19479942,-0.0018493828,-0.43171105,0.15727596,0.36788192,-0.25099593,-0.46171188,0.21858479,0.18464744,0.0,0,0,1,0,0,0,0,0,0,0,0,0,0,0,1,0,0,0,0,0,0,0,0,0.0,0.0,0.0,0.0
-0.19421957,-0.43172622,0.9960671,0.13063735,0.10498881,-0.3402245,-0.15136406,0.26950008,0.010809395,-0.013306389,0.22985375,-0.00023535088,0.21264,0.068020746,0.24903251,0.33629394,-0.21583763,-0.12404075,0.13414939,-0.36322856,0.48857197,0.016558824,-0.023243697,0.0015407077,0.2369042,0.19033691,-0.19547538,-0.6761289,-0.50855815,0.010095087,0.06260965,0.15289284,-0.052944794,-0.08542115,0.42554784,-0.35461837,-0.20159478,-0.16349296,-0.21505776,0.35379714,-0.21361434,-0.5308852,0.77306247,-0.1332795,-0.22027466,0.24344239,0.02941639,-0.33695796,0.16367579,-0.05930315,-0.4291566,0.004705139,-0.34077626,-0.27082583,0.1551615,0.293991,0.4589099,-0.7730054,0.18341643,0.29016465,-0.16370618,-0.6085397,-0.024409015,0.036373276,-0.13863286,-0.5040755,0.07071179,0.5957954,-0.45215333,0.39482796,0.15488844,-0.14379779,0.07663879,0.016917601,-0.0765531,-0.29591247,-0.34527084,0.2555215,0.23402964,-0.17103066,-0.10815686,0.40839478,0.46589345,-0.030578058,0.47043774,0.37198928,0.09397446,-0.3494907,-0.13579775,0.90310663,0.053794786,-0.20554468,0.20919794,0.22088182,0.24369206,-0.41167435,-0.7746089,-0.083593085,0.26535434,-0.16384248,0.5238062,0.09513545,0.113588706,-0.19763315,0.016541589,0.11295097,-0.38785473,-0.052902494,-0.11013565,0.21781467,-0.047181025,0.6836328,0.51094145,-0.1774044,-0.3801062,-0.13941798,-0.13772015,0.09837253,0.60128134,-0.23280317,0.0034872377,0.26238,0.19184557,0.24868782,0.3176457,0.3550908,0.15272895,0.19290933,0.38259086,0.05643732,0.01512791,0.2256979,0.33333007,-0.24992515,0.18628399,0.36422288,-0.20431831,-0.010956018,-0.24871951,-0.20770924,-0.5353461,-0.43175325,0.23499067,0.35151702,0.4946533,0.41265857,0.009383677,0.05754322,-0.3913736,0.27763152,-0.42399117,0.515604,-0.39861485,0.1426232,-0.3163988,-0.12293039,-0.19795787,0.013972701,-0.34600246,0.259796,0.4414667,0.5849916,-0.2656395,-0.029333966,0.02448722,-0.081669904,0.07257993,0.13090979,0.14905871,0.13638961,-0.34138542,-0.27831233,-0.16568087,0.18152095,0.026486998,0.12472263,-0.22661166,0.08146044,0.43784085,0.27434564,-0.43523842,-0.11507277,0.108908966,-0.06588636,-0.17325912,0.13861774,0.46372402,-0.4014042,0.6880448,0.13941793,0.009290287,-0.19578138,-0.07739862,-0.22068878,-0.30922198,-1.0420461,0.033375993,-0.6855975,0.17867285,-0.122512534,0.36603257,0.2707058,-0.020281522,-0.04374261,-0.1510496,0.34774783,-0.51632315,-0.22000492,-0.7383913,-0.31184703,-0.37768742,0.2099485,-0.37913054,0.03144062,0.35051757,-0.12729847,0.06580935,-0.2929963,0.35374278,0.0473803,-0.16049998,-0.40429473,0.00330036,0.3763607,-0.39780417,1.4526925,0.38045964,-0.1716798,0.44163308,-0.17140761,0.04019764,-0.36343938,0.05234512,0.03531669,0.27284312,0.3750703,-0.3067051,-0.18167838,0.10109162,-0.021115763,-0.12597518,0.51068383,0.48305348,0.030634793,-0.32267272,0.2290402,-0.18607686,-0.5769732,-0.10613639,0.055194817,-0.17764202,-0.1905421,-0.22849053,-0.33206764,-0.46140686,-0.47752964,0.1043598,-0.31428298,-0.14492455,-0.35794657,0.2310469,-0.105468415,0.37812915,-0.23960543,0.04486224,-0.6465707,-0.14320529,0.34517014,0.452829,-0.13994981,-0.15203583,-0.39472434,-0.10950021,0.16467972,-0.1855246,-0.111112386,0.44407257,0.14348719,-0.023461245,-0.17058252,0.32318324,0.31935224,0.1527862,0.25116172,-0.2465,0.1944757,0.5383785,0.2605048,0.0009978719,-0.44207755,-0.04273984,0.071301796,0.09784876,-0.0048147105,1.1878495,0.44389796,0.039574534,0.07205608,-0.24209815,-0.33696362,0.08425863,-0.32424557,-0.10074811,-0.14059238,-0.17756672,-0.09637775,-0.68027335,-0.38793576,-10.724221,-0.55710375,-0.3722119,0.039633494,-0.006312032,-0.24123599,0.30193245,0.21073419,0.11233595,-0.26106438,0.14809579,-0.27948573,-0.07842041,0.05365501,0.21774141,0.07298678,0.38599005,-0.28553373,0.08373386,0.2911132,-0.11387131,-0.83888155,0.4704142,-0.12654418,-0.08666598,-0.18376417,0.2231126,-0.2760285,-0.26948786,-0.2960734,-0.28751343,-0.34099233,-0.19524562,1.2567163,-0.16067095,-0.12699546,0.26833606,-0.18151847,0.10662594,0.26361552,0.3976067,0.058725033,0.03938923,0.35165483,0.6053067,-0.06550366,0.25059104,0.1593081,0.18362884,-0.087876424,-0.26939073,-0.18120861,-0.18551825,-0.8498235,-0.33538726,-0.21772623,0.037744347,0.85774803,-0.2184379,0.07984895,0.5016127,-0.13524894,-0.21833935,-0.062037792,-0.35608798,0.088110685,-0.70136446,-0.56029016,0.0022144534,-0.047930587,-0.22446412,-0.11201184,0.5560598,-1.649129,-0.28508767,-0.20023134,0.0902668,0.6354448,-0.19729458,-0.0435775,-0.3144622,-0.73407775,0.13147213,0.0906371,-0.51403636,-0.19465488,0.14415273,-0.58558226,-0.17674404,-0.12883921,-0.09785884,-0.13168277,0.42588755,-0.024907084,0.09282299,-0.27293846,0.29772803,-0.3022336,0.2943111,0.34758484,0.29868874,-0.01940062,0.2701368,-0.6138452,-0.6817329,0.20463343,-0.02324835,-0.1184663,0.1475093,-0.23075697,-0.05973032,-0.079581596,-0.57642984,-0.2178196,-0.22574037,-0.20932382,-0.25969985,0.34714192,-0.19202885,-0.33305198,-0.65146005,0.10175961,-0.18519557,-0.79282135,0.00427196,-0.1162293,-0.3863274,0.13682435,-0.29338965,-0.25756902,-0.21201883,0.10518949,0.14481679,0.18511929,0.17149688,-0.025501419,0.068454996,0.08057644,0.26396823,-0.22127004,0.48935768,0.07850986,0.07977951,0.3708418,0.0796336,0.054095868,0.3619265,0.14710498,-0.021671735,-0.05755,0.098832935,-0.7377816,0.37202722,0.17333719,-0.29371452,0.29626465,0.09598936,-0.6108129,-0.29014564,-0.49813104,0.34168077,0.15385085,0.12262766,0.37272248,-0.0042717145,0.24382477,-0.18472473,0.26738364,0.49250743,-0.029010722,-0.62443805,-0.3284285,-0.26375195,0.115116216,0.33284795,0.3655278,0.22368896,-0.44398993,0.19274683,0.28220522,0.17165545,-0.032881476,-0.044148482,0.38282445,0.8153227,-0.19408871,0.02111336,0.41091534,0.45487607,0.19366018,-0.46512455,0.5748884,-0.058480654,-0.4335955,0.075095296,-0.5648895,0.49356392,0.32221138,0.057594825,0.21795471,-0.1721471,-0.121280104,-0.16605389,0.010959663,-0.15337588,0.19289492,0.45076394,0.41670376,-0.016429942,-0.2582454,0.13411012,-0.53350425,-0.26760554,0.05013561,0.17718476,0.06328166,-0.16132979,-0.25189427,-0.871222,0.26952618,-0.055477113,0.020193791,0.32678723,0.121706285,0.2716424,-0.21780394,0.31667265,0.1568335,-0.34767482,-0.0032313883,-0.18796016,-1.2293203,0.09940153,0.13569047,0.14760031,-0.4164356,-0.75470304,-0.36756524,-0.28526533,-0.027527267,-0.5459373,-0.7616458,-0.29931915,-0.5727357,-0.52519685,-0.021330189,0.14626427,-0.25122073,-0.4606248,-0.09689685,0.2867553,-0.40415275,-0.26147193,-0.43354076,0.40615344,-0.5069594,0.13499182,-0.728802,-0.2192206,0.24911413,-0.21606068,-0.0023371472,0.016296836,0.17549853,0.11014154,0.33823097,-0.104437105,0.1768612,-0.042486332,0.09574853,-0.08415048,-0.16878624,0.10205553,0.08514156,0.09994139,-0.29788747,-0.1777621,-0.35289946,0.07772644,-0.40237048,-0.37276563,-0.28208485,0.41321015,0.1974483,-0.24175915,0.007926405,-0.29726672,-0.45221505,-0.23757254,0.47198567,0.87313455,0.32947966,-0.4917668,0.05984093,-0.28135064,0.31303397,0.62252057,-0.38053855,0.08201453,0.42169696,-0.21457551,0.06321351,0.70466256,0.1298512,-0.21105772,0.39463434,0.08458125,-0.169347,-0.39992023,-0.25472924,0.20601843,-0.3069417,0.52099425,0.75388885,0.26362953,-0.46183625,0.024506873,0.03066457,-0.40099093,0.2076568,0.074204266,0.5764705,0.60839576,-0.06703502,-0.07066936,0.42831615,0.3295984,-0.35419214,0.14143758,0.21049137,0.05815693,-0.1564009,-0.23138975,0.38595217,0.5541746,-0.20664099,0.17664167,0.2363808,-0.09282983,0.11443683,0.24049677,0.40403697,-0.034815837,-0.15031433,-0.08781353,0.107864276,-0.26728955,0.16669893,0.60302645,0.5259648,0.12640245,-0.47957766,-0.0447301,-0.10238736,-0.26924294,-0.055842705,0.09849764,-0.15481588,0.0841982,0.39218056,0.358499,-0.19608843,0.19372647,-0.7501378,-0.12046143,-0.4191624,0.13173167,-0.05751244,-0.14961997,-0.10912019,0.2648692,0.007358489,0.37047994,0.036848415,-0.14237447,-0.25026563,0.084039345,-0.19228145,-0.19038978,0.14872858,-0.44710347,-0.27822083,-0.47257432,-0.35065082,-0.2001396,-0.30440655,0.005729017,0.037255295,0.36871746,-0.24902274,-0.3034618,-0.039856438,0.33482206,-0.04377146,0.19512144,-0.35404414,0.07658398,-0.002210718,0.3091657,0.1275186,0.667741,-0.16857578,-0.20089999,-0.19623326,-0.11174828,-0.0018622141,-0.29023942,0.6447907,-0.3685349,-0.30305403,0.17626804,-0.112246506,0.099802926,0.18684007,0.12811208,0.17147233,0.6815149,-0.5503655,-0.3479831,0.09647672,-0.43059072,-0.7138558,-0.03027027,-0.32533318,-0.08995769,-0.17709693,0.004784365,0.1542856,-0.13575,0.06794444,0.14845158,0.193601,0.563465,-0.026218386,-0.38280624,-0.12976249,-0.22649191,-0.020248935,-0.10985368,0.25334513,-0.41435745,0.20401846,-0.09882489,-0.11873265,-0.09522782,-0.15096645,-0.07672687,-0.42329192,-0.6267692,-0.2610711,-0.085115775,-0.3775304,-0.04881161,-0.11329774,0.10357461,0.40551254,-0.2539377,-0.6628543,0.25764203,0.0833312,0.0,0,0,1,0,0,0,0,0,0,0,0,0,0,0,1,0,0,0,0,0,0,0,0,0.0,0.0,0.0,0.0
-0.19421957,-0.43172622,0.9960671,0.13063735,0.10498881,-0.3402245,-0.15136406,0.26950008,0.010809395,-0.013306389,0.22985375,-0.00023535088,0.21264,0.068020746,0.24903251,0.33629394,-0.21583763,-0.12404075,0.13414939,-0.36322856,0.48857197,0.016558824,-0.023243697,0.0015407077,0.2369042,0.19033691,-0.19547538,-0.6761289,-0.50855815,0.010095087,0.06260965,0.15289284,-0.052944794,-0.08542115,0.42554784,-0.35461837,-0.20159478,-0.16349296,-0.21505776,0.35379714,-0.21361434,-0.5308852,0.77306247,-0.1332795,-0.22027466,0.24344239,0.02941639,-0.33695796,0.16367579,-0.05930315,-0.4291566,0.004705139,-0.34077626,-0.27082583,0.1551615,0.293991,0.4589099,-0.7730054,0.18341643,0.29016465,-0.16370618,-0.6085397,-0.024409015,0.036373276,-0.13863286,-0.5040755,0.07071179,0.5957954,-0.45215333,0.39482796,0.15488844,-0.14379779,0.07663879,0.016917601,-0.0765531,-0.29591247,-0.34527084,0.2555215,0.23402964,-0.17103066,-0.10815686,0.40839478,0.46589345,-0.030578058,0.47043774,0.37198928,0.09397446,-0.3494907,-0.13579775,0.90310663,0.053794786,-0.20554468,0.20919794,0.22088182,0.24369206,-0.41167435,-0.7746089,-0.083593085,0.26535434,-0.16384248,0.5238062,0.09513545,0.113588706,-0.19763315,0.016541589,0.11295097,-0.38785473,-0.052902494,-0.11013565,0.21781467,-0.047181025,0.6836328,0.51094145,-0.1774044,-0.3801062,-0.13941798,-0.13772015,0.09837253,0.60128134,-0.23280317,0.0034872377,0.26238,0.19184557,0.24868782,0.3176457,0.3550908,0.15272895,0.19290933,0.38259086,0.05643732,0.01512791,0.2256979,0.33333007,-0.24992515,0.18628399,0.36422288,-0.20431831,-0.010956018,-0.24871951,-0.20770924,-0.5353461,-0.43175325,0.23499067,0.35151702,0.4946533,0.41265857,0.009383677,0.05754322,-0.3913736,0.27763152,-0.42399117,0.515604,-0.39861485,0.1426232,-0.3163988,-0.12293039,-0.19795787,0.013972701,-0.34600246,0.259796,0.4414667,0.5849916,-0.2656395,-0.029333966,0.02448722,-0.081669904,0.07257993,0.13090979,0.14905871,0.13638961,-0.34138542,-0.27831233,-0.16568087,0.18152095,0.026486998,0.12472263,-0.22661166,0.08146044,0.43784085,0.27434564,-0.43523842,-0.11507277,0.108908966,-0.06588636,-0.17325912,0.13861774,0.46372402,-0.4014042,0.6880448,0.13941793,0.009290287,-0.19578138,-0.07739862,-0.22068878,-0.30922198,-1.0420461,0.033375993,-0.6855975,0.17867285,-0.122512534,0.36603257,0.2707058,-0.020281522,-0.04374261,-0.1510496,0.34774783,-0.51632315,-0.22000492,-0.7383913,-0.31184703,-0.37768742,0.2099485,-0.37913054,0.03144062,0.35051757,-0.12729847,0.06580935,-0.2929963,0.35374278,0.0473803,-0.16049998,-0.40429473,0.00330036,0.3763607,-0.39780417,1.4526925,0.38045964,-0.1716798,0.44163308,-0.17140761,0.04019764,-0.36343938,0.05234512,0.03531669,0.27284312,0.3750703,-0.3067051,-0.18167838,0.10109162,-0.021115763,-0.12597518,0.51068383,0.48305348,0.030634793,-0.32267272,0.2290402,-0.18607686,-0.5769732,-0.10613639,0.055194817,-0.17764202,-0.1905421,-0.22849053,-0.33206764,-0.46140686,-0.47752964,0.1043598,-0.31428298,-0.14492455,-0.35794657,0.2310469,-0.105468415,0.37812915,-0.23960543,0.04486224,-0.6465707,-0.14320529,0.34517014,0.452829,-0.13994981,-0.15203583,-0.39472434,-0.10950021,0.16467972,-0.1855246,-0.111112386,0.44407257,0.14348719,-0.023461245,-0.17058252,0.32318324,0.31935224,0.1527862,0.25116172,-0.2465,0.1944757,0.5383785,0.2605048,0.0009978719,-0.44207755,-0.04273984,0.071301796,0.09784876,-0.0048147105,1.1878495,0.44389796,0.039574534,0.07205608,-0.24209815,-0.33696362,0.08425863,-0.32424557,-0.10074811,-0.14059238,-0.17756672,-0.09637775,-0.68027335,-0.38793576,-10.724221,-0.55710375,-0.3722119,0.039633494,-0.006312032,-0.24123599,0.30193245,0.21073419,0.11233595,-0.26106438,0.14809579,-0.27948573,-0.07842041,0.05365501,0.21774141,0.07298678,0.38599005,-0.28553373,0.08373386,0.2911132,-0.11387131,-0.83888155,0.4704142,-0.12654418,-0.08666598,-0.18376417,0.2231126,-0.2760285,-0.26948786,-0.2960734,-0.28751343,-0.34099233,-0.19524562,1.2567163,-0.16067095,-0.12699546,0.26833606,-0.18151847,0.10662594,0.26361552,0.3976067,0.058725033,0.03938923,0.35165483,0.6053067,-0.06550366,0.25059104,0.1593081,0.18362884,-0.087876424,-0.26939073,-0.18120861,-0.18551825,-0.8498235,-0.33538726,-0.21772623,0.037744347,0.85774803,-0.2184379,0.07984895,0.5016127,-0.13524894,-0.21833935,-0.062037792,-0.35608798,0.088110685,-0.70136446,-0.56029016,0.0022144534,-0.047930587,-0.22446412,-0.11201184,0.5560598,-1.649129,-0.28508767,-0.20023134,0.0902668,0.6354448,-0.19729458,-0.0435775,-0.3144622,-0.73407775,0.13147213,0.0906371,-0.51403636,-0.19465488,0.14415273,-0.58558226,-0.17674404,-0.12883921,-0.09785884,-0.13168277,0.42588755,-0.024907084,0.09282299,-0.27293846,0.29772803,-0.3022336,0.2943111,0.34758484,0.29868874,-0.01940062,0.2701368,-0.6138452,-0.6817329,0.20463343,-0.02324835,-0.1184663,0.1475093,-0.23075697,-0.05973032,-0.079581596,-0.57642984,-0.2178196,-0.22574037,-0.20932382,-0.25969985,0.34714192,-0.19202885,-0.33305198,-0.65146005,0.10175961,-0.18519557,-0.79282135,0.00427196,-0.1162293,-0.3863274,0.13682435,-0.29338965,-0.25756902,-0.21201883,0.10518949,0.14481679,0.18511929,0.17149688,-0.025501419,0.068454996,0.08057644,0.26396823,-0.22127004,0.48935768,0.07850986,0.07977951,0.3708418,0.0796336,0.054095868,0.3619265,0.14710498,-0.021671735,-0.05755,0.098832935,-0.7377816,0.37202722,0.17333719,-0.29371452,0.29626465,0.09598936,-0.6108129,-0.29014564,-0.49813104,0.34168077,0.15385085,0.12262766,0.37272248,-0.0042717145,0.24382477,-0.18472473,0.26738364,0.49250743,-0.029010722,-0.62443805,-0.3284285,-0.26375195,0.115116216,0.33284795,0.3655278,0.22368896,-0.44398993,0.19274683,0.28220522,0.17165545,-0.032881476,-0.044148482,0.38282445,0.8153227,-0.19408871,0.02111336,0.41091534,0.45487607,0.19366018,-0.46512455,0.5748884,-0.058480654,-0.4335955,0.075095296,-0.5648895,0.49356392,0.32221138,0.057594825,0.21795471,-0.1721471,-0.121280104,-0.16605389,0.010959663,-0.15337588,0.19289492,0.45076394,0.41670376,-0.016429942,-0.2582454,0.13411012,-0.53350425,-0.26760554,0.05013561,0.17718476,0.06328166,-0.16132979,-0.25189427,-0.871222,0.26952618,-0.055477113,0.020193791,0.32678723,0.121706285,0.2716424,-0.21780394,0.31667265,0.1568335,-0.34767482,-0.0032313883,-0.18796016,-1.2293203,0.09940153,0.13569047,0.14760031,-0.4164356,-0.75470304,-0.36756524,-0.28526533,-0.027527267,-0.5459373,-0.7616458,-0.29931915,-0.5727357,-0.52519685,-0.021330189,0.14626427,-0.25122073,-0.4606248,-0.09689685,0.2867553,-0.40415275,-0.26147193,-0.43354076,0.40615344,-0.5069594,0.13499182,-0.728802,-0.2192206,0.24911413,-0.21606068,-0.0023371472,0.016296836,0.17549853,0.11014154,0.33823097,-0.104437105,0.1768612,-0.042486332,0.09574853,-0.08415048,-0.16878624,0.10205553,0.08514156,0.09994139,-0.29788747,-0.1777621,-0.35289946,0.07772644,-0.40237048,-0.37276563,-0.28208485,0.41321015,0.1974483,-0.24175915,0.007926405,-0.29726672,-0.45221505,-0.23757254,0.47198567,0.87313455,0.32947966,-0.4917668,0.05984093,-0.28135064,0.31303397,0.62252057,-0.38053855,0.08201453,0.42169696,-0.21457551,0.06321351,0.70466256,0.1298512,-0.21105772,0.39463434,0.08458125,-0.169347,-0.39992023,-0.25472924,0.20601843,-0.3069417,0.52099425,0.75388885,0.26362953,-0.46183625,0.024506873,0.03066457,-0.40099093,0.2076568,0.074204266,0.5764705,0.60839576,-0.06703502,-0.07066936,0.42831615,0.3295984,-0.35419214,0.14143758,0.21049137,0.05815693,-0.1564009,-0.23138975,0.38595217,0.5541746,-0.20664099,0.17664167,0.2363808,-0.09282983,0.11443683,0.24049677,0.40403697,-0.034815837,-0.15031433,-0.08781353,0.107864276,-0.26728955,0.16669893,0.60302645,0.5259648,0.12640245,-0.47957766,-0.0447301,-0.10238736,-0.26924294,-0.055842705,0.09849764,-0.15481588,0.0841982,0.39218056,0.358499,-0.19608843,0.19372647,-0.7501378,-0.12046143,-0.4191624,0.13173167,-0.05751244,-0.14961997,-0.10912019,0.2648692,0.007358489,0.37047994,0.036848415,-0.14237447,-0.25026563,0.084039345,-0.19228145,-0.19038978,0.14872858,-0.44710347,-0.27822083,-0.47257432,-0.35065082,-0.2001396,-0.30440655,0.005729017,0.037255295,0.36871746,-0.24902274,-0.3034618,-0.039856438,0.33482206,-0.04377146,0.19512144,-0.35404414,0.07658398,-0.002210718,0.3091657,0.1275186,0.667741,-0.16857578,-0.20089999,-0.19623326,-0.11174828,-0.0018622141,-0.29023942,0.6447907,-0.3685349,-0.30305403,0.17626804,-0.112246506,0.099802926,0.18684007,0.12811208,0.17147233,0.6815149,-0.5503655,-0.3479831,0.09647672,-0.43059072,-0.7138558,-0.03027027,-0.32533318,-0.08995769,-0.17709693,0.004784365,0.1542856,-0.13575,0.06794444,0.14845158,0.193601,0.563465,-0.026218386,-0.38280624,-0.12976249,-0.22649191,-0.020248935,-0.10985368,0.25334513,-0.41435745,0.20401846,-0.09882489,-0.11873265,-0.09522782,-0.15096645,-0.07672687,-0.42329192,-0.6267692,-0.2610711,-0.085115775,-0.3775304,-0.04881161,-0.11329774,0.10357461,0.40551254,-0.2539377,-0.6628543,0.25764203,0.0833312,0.0,0,0,1,0,0,0,0,0,0,0,0,0,0,0,1,0,0,0,0,0,0,0,0,0.0,0.0,0.0,0.0
-0.19421957,-0.43172622,0.9960671,0.13063735,0.10498881,-0.3402245,-0.15136406,0.26950008,0.010809395,-0.013306389,0.22985375,-0.00023535088,0.21264,0.068020746,0.24903251,0.33629394,-0.21583763,-0.12404075,0.13414939,-0.36322856,0.48857197,0.016558824,-0.023243697,0.0015407077,0.2369042,0.19033691,-0.19547538,-0.6761289,-0.50855815,0.010095087,0.06260965,0.15289284,-0.052944794,-0.08542115,0.42554784,-0.35461837,-0.20159478,-0.16349296,-0.21505776,0.35379714,-0.21361434,-0.5308852,0.77306247,-0.1332795,-0.22027466,0.24344239,0.02941639,-0.33695796,0.16367579,-0.05930315,-0.4291566,0.004705139,-0.34077626,-0.27082583,0.1551615,0.293991,0.4589099,-0.7730054,0.18341643,0.29016465,-0.16370618,-0.6085397,-0.024409015,0.036373276,-0.13863286,-0.5040755,0.07071179,0.5957954,-0.45215333,0.39482796,0.15488844,-0.14379779,0.07663879,0.016917601,-0.0765531,-0.29591247,-0.34527084,0.2555215,0.23402964,-0.17103066,-0.10815686,0.40839478,0.46589345,-0.030578058,0.47043774,0.37198928,0.09397446,-0.3494907,-0.13579775,0.90310663,0.053794786,-0.20554468,0.20919794,0.22088182,0.24369206,-0.41167435,-0.7746089,-0.083593085,0.26535434,-0.16384248,0.5238062,0.09513545,0.113588706,-0.19763315,0.016541589,0.11295097,-0.38785473,-0.052902494,-0.11013565,0.21781467,-0.047181025,0.6836328,0.51094145,-0.1774044,-0.3801062,-0.13941798,-0.13772015,0.09837253,0.60128134,-0.23280317,0.0034872377,0.26238,0.19184557,0.24868782,0.3176457,0.3550908,0.15272895,0.19290933,0.38259086,0.05643732,0.01512791,0.2256979,0.33333007,-0.24992515,0.18628399,0.36422288,-0.20431831,-0.010956018,-0.24871951,-0.20770924,-0.5353461,-0.43175325,0.23499067,0.35151702,0.4946533,0.41265857,0.009383677,0.05754322,-0.3913736,0.27763152,-0.42399117,0.515604,-0.39861485,0.1426232,-0.3163988,-0.12293039,-0.19795787,0.013972701,-0.34600246,0.259796,0.4414667,0.5849916,-0.2656395,-0.029333966,0.02448722,-0.081669904,0.07257993,0.13090979,0.14905871,0.13638961,-0.34138542,-0.27831233,-0.16568087,0.18152095,0.026486998,0.12472263,-0.22661166,0.08146044,0.43784085,0.27434564,-0.43523842,-0.11507277,0.108908966,-0.06588636,-0.17325912,0.13861774,0.46372402,-0.4014042,0.6880448,0.13941793,0.009290287,-0.19578138,-0.07739862,-0.22068878,-0.30922198,-1.0420461,0.033375993,-0.6855975,0.17867285,-0.122512534,0.36603257,0.2707058,-0.020281522,-0.04374261,-0.1510496,0.34774783,-0.51632315,-0.22000492,-0.7383913,-0.31184703,-0.37768742,0.2099485,-0.37913054,0.03144062,0.35051757,-0.12729847,0.06580935,-0.2929963,0.35374278,0.0473803,-0.16049998,-0.40429473,0.00330036,0.3763607,-0.39780417,1.4526925,0.38045964,-0.1716798,0.44163308,-0.17140761,0.04019764,-0.36343938,0.05234512,0.03531669,0.27284312,0.3750703,-0.3067051,-0.18167838,0.10109162,-0.021115763,-0.12597518,0.51068383,0.48305348,0.030634793,-0.32267272,0.2290402,-0.18607686,-0.5769732,-0.10613639,0.055194817,-0.17764202,-0.1905421,-0.22849053,-0.33206764,-0.46140686,-0.47752964,0.1043598,-0.31428298,-0.14492455,-0.35794657,0.2310469,-0.105468415,0.37812915,-0.23960543,0.04486224,-0.6465707,-0.14320529,0.34517014,0.452829,-0.13994981,-0.15203583,-0.39472434,-0.10950021,0.16467972,-0.1855246,-0.111112386,0.44407257,0.14348719,-0.023461245,-0.17058252,0.32318324,0.31935224,0.1527862,0.25116172,-0.2465,0.1944757,0.5383785,0.2605048,0.0009978719,-0.44207755,-0.04273984,0.071301796,0.09784876,-0.0048147105,1.1878495,0.44389796,0.039574534,0.07205608,-0.24209815,-0.33696362,0.08425863,-0.32424557,-0.10074811,-0.14059238,-0.17756672,-0.09637775,-0.68027335,-0.38793576,-10.724221,-0.55710375,-0.3722119,0.039633494,-0.006312032,-0.24123599,0.30193245,0.21073419,0.11233595,-0.26106438,0.14809579,-0.27948573,-0.07842041,0.05365501,0.21774141,0.07298678,0.38599005,-0.28553373,0.08373386,0.2911132,-0.11387131,-0.83888155,0.4704142,-0.12654418,-0.08666598,-0.18376417,0.2231126,-0.2760285,-0.26948786,-0.2960734,-0.28751343,-0.34099233,-0.19524562,1.2567163,-0.16067095,-0.12699546,0.26833606,-0.18151847,0.10662594,0.26361552,0.3976067,0.058725033,0.03938923,0.35165483,0.6053067,-0.06550366,0.25059104,0.1593081,0.18362884,-0.087876424,-0.26939073,-0.18120861,-0.18551825,-0.8498235,-0.33538726,-0.21772623,0.037744347,0.85774803,-0.2184379,0.07984895,0.5016127,-0.13524894,-0.21833935,-0.062037792,-0.35608798,0.088110685,-0.70136446,-0.56029016,0.0022144534,-0.047930587,-0.22446412,-0.11201184,0.5560598,-1.649129,-0.28508767,-0.20023134,0.0902668,0.6354448,-0.19729458,-0.0435775,-0.3144622,-0.73407775,0.13147213,0.0906371,-0.51403636,-0.19465488,0.14415273,-0.58558226,-0.17674404,-0.12883921,-0.09785884,-0.13168277,0.42588755,-0.024907084,0.09282299,-0.27293846,0.29772803,-0.3022336,0.2943111,0.34758484,0.29868874,-0.01940062,0.2701368,-0.6138452,-0.6817329,0.20463343,-0.02324835,-0.1184663,0.1475093,-0.23075697,-0.05973032,-0.079581596,-0.57642984,-0.2178196,-0.22574037,-0.20932382,-0.25969985,0.34714192,-0.19202885,-0.33305198,-0.65146005,0.10175961,-0.18519557,-0.79282135,0.00427196,-0.1162293,-0.3863274,0.13682435,-0.29338965,-0.25756902,-0.21201883,0.10518949,0.14481679,0.18511929,0.17149688,-0.025501419,0.068454996,0.08057644,0.26396823,-0.22127004,0.48935768,0.07850986,0.07977951,0.3708418,0.0796336,0.054095868,0.3619265,0.14710498,-0.021671735,-0.05755,0.098832935,-0.7377816,0.37202722,0.17333719,-0.29371452,0.29626465,0.09598936,-0.6108129,-0.29014564,-0.49813104,0.34168077,0.15385085,0.12262766,0.37272248,-0.0042717145,0.24382477,-0.18472473,0.26738364,0.49250743,-0.029010722,-0.62443805,-0.3284285,-0.26375195,0.115116216,0.33284795,0.3655278,0.22368896,-0.44398993,0.19274683,0.28220522,0.17165545,-0.032881476,-0.044148482,0.38282445,0.8153227,-0.19408871,0.02111336,0.41091534,0.45487607,0.19366018,-0.46512455,0.5748884,-0.058480654,-0.4335955,0.075095296,-0.5648895,0.49356392,0.32221138,0.057594825,0.21795471,-0.1721471,-0.121280104,-0.16605389,0.010959663,-0.15337588,0.19289492,0.45076394,0.41670376,-0.016429942,-0.2582454,0.13411012,-0.53350425,-0.26760554,0.05013561,0.17718476,0.06328166,-0.16132979,-0.25189427,-0.871222,0.26952618,-0.055477113,0.020193791,0.32678723,0.121706285,0.2716424,-0.21780394,0.31667265,0.1568335,-0.34767482,-0.0032313883,-0.18796016,-1.2293203,0.09940153,0.13569047,0.14760031,-0.4164356,-0.75470304,-0.36756524,-0.28526533,-0.027527267,-0.5459373,-0.7616458,-0.29931915,-0.5727357,-0.52519685,-0.021330189,0.14626427,-0.25122073,-0.4606248,-0.09689685,0.2867553,-0.40415275,-0.26147193,-0.43354076,0.40615344,-0.5069594,0.13499182,-0.728802,-0.2192206,0.24911413,-0.21606068,-0.0023371472,0.016296836,0.17549853,0.11014154,0.33823097,-0.104437105,0.1768612,-0.042486332,0.09574853,-0.08415048,-0.16878624,0.10205553,0.08514156,0.09994139,-0.29788747,-0.1777621,-0.35289946,0.07772644,-0.40237048,-0.37276563,-0.28208485,0.41321015,0.1974483,-0.24175915,0.007926405,-0.29726672,-0.45221505,-0.23757254,0.47198567,0.87313455,0.32947966,-0.4917668,0.05984093,-0.28135064,0.31303397,0.62252057,-0.38053855,0.08201453,0.42169696,-0.21457551,0.06321351,0.70466256,0.1298512,-0.21105772,0.39463434,0.08458125,-0.169347,-0.39992023,-0.25472924,0.20601843,-0.3069417,0.52099425,0.75388885,0.26362953,-0.46183625,0.024506873,0.03066457,-0.40099093,0.2076568,0.074204266,0.5764705,0.60839576,-0.06703502,-0.07066936,0.42831615,0.3295984,-0.35419214,0.14143758,0.21049137,0.05815693,-0.1564009,-0.23138975,0.38595217,0.5541746,-0.20664099,0.17664167,0.2363808,-0.09282983,0.11443683,0.24049677,0.40403697,-0.034815837,-0.15031433,-0.08781353,0.107864276,-0.26728955,0.16669893,0.60302645,0.5259648,0.12640245,-0.47957766,-0.0447301,-0.10238736,-0.26924294,-0.055842705,0.09849764,-0.15481588,0.0841982,0.39218056,0.358499,-0.19608843,0.19372647,-0.7501378,-0.12046143,-0.4191624,0.13173167,-0.05751244,-0.14961997,-0.10912019,0.2648692,0.007358489,0.37047994,0.036848415,-0.14237447,-0.25026563,0.084039345,-0.19228145,-0.19038978,0.14872858,-0.44710347,-0.27822083,-0.47257432,-0.35065082,-0.2001396,-0.30440655,0.005729017,0.037255295,0.36871746,-0.24902274,-0.3034618,-0.039856438,0.33482206,-0.04377146,0.19512144,-0.35404414,0.07658398,-0.002210718,0.3091657,0.1275186,0.667741,-0.16857578,-0.20089999,-0.19623326,-0.11174828,-0.0018622141,-0.29023942,0.6447907,-0.3685349,-0.30305403,0.17626804,-0.112246506,0.099802926,0.18684007,0.12811208,0.17147233,0.6815149,-0.5503655,-0.3479831,0.09647672,-0.43059072,-0.7138558,-0.03027027,-0.32533318,-0.08995769,-0.17709693,0.004784365,0.1542856,-0.13575,0.06794444,0.14845158,0.193601,0.563465,-0.026218386,-0.38280624,-0.12976249,-0.22649191,-0.020248935,-0.10985368,0.25334513,-0.41435745,0.20401846,-0.09882489,-0.11873265,-0.09522782,-0.15096645,-0.07672687,-0.42329192,-0.6267692,-0.2610711,-0.085115775,-0.3775304,-0.04881161,-0.11329774,0.10357461,0.40551254,-0.2539377,-0.6628543,0.25764203,0.0833312,0.0,0,0,1,0,0,0,0,0,0,0,0,0,0,0,1,0,0,0,0,0,0,0,0,0.0,0.0,0.0,0.0
0.11782354,-0.51711786,0.82083917,0.015971815,-0.15398905,-0.27222106,0.060042623,0.29290944,-0.16307577,0.06639037,-0.06827616,-0.63841265,0.20037685,0.23358181,0.22942878,0.37389943,-0.56975824,0.08004343,0.043940254,-0.20633276,0.5361888,0.055213414,0.17040476,-0.0021544718,0.25440198,-0.12136844,0.0577716,-0.20281401,-0.4904781,0.42622456,0.45386466,0.2613395,0.19154376,-0.29287457,-0.17278734,-0.44412938,-0.18637875,-0.27258015,0.24286443,0.23509198,-0.55941224,-0.6906499,0.5884103,-0.060280856,-0.42080775,0.19230509,0.05384829,0.060317617,0.55928046,-0.08867996,-0.34734753,0.25514734,-0.33352432,-0.3315762,0.22108077,0.70926756,0.40925175,-0.82227224,-0.46558955,-0.0019524285,-0.28518635,-0.7283649,-0.22454505,0.03854269,-0.38765788,-0.5692137,-0.040019825,0.21261317,-0.838501,0.41144073,-0.06822572,-0.18377618,0.08943255,0.19923626,-0.100335166,-0.32859355,-0.16266905,1.0276058,0.3151328,-0.23279995,0.1867528,0.19849144,0.1869348,0.3764612,0.47975463,0.18274948,0.26705766,-0.021367855,-0.51586074,0.7869099,0.10225955,-0.40018412,0.074787036,-0.112873174,0.37830326,-0.37544698,-0.40774164,-0.14898232,-0.32952744,0.13107254,0.39038518,-0.2905846,0.035951268,-0.11647292,-0.08967123,-0.077808864,-0.2785323,-0.21819392,0.27818182,-0.06072692,-0.008446685,0.16337733,0.08029736,0.04712433,-0.12819064,-0.042475425,-0.046627056,-0.06791131,-0.009993088,-0.30223754,-0.3190384,0.4375038,0.23214334,0.20237581,0.0072634923,0.2750202,-0.23097551,0.07893102,0.13359268,0.52730674,0.283778,0.35828084,-0.1929217,-0.55618304,0.11341988,0.37182233,0.05269541,-0.39602485,0.2983309,0.20361702,-0.1673235,-0.14988703,0.33568653,0.13298006,0.25762743,-0.18706432,-0.24141707,-0.17625898,-0.4405068,0.023494143,-0.4699768,-0.3616498,-0.040609132,-0.072864816,-0.22928117,-0.32537147,-0.24733073,-0.029219374,-0.011316148,0.4186645,0.20313935,-0.020481842,-0.09084968,0.016836492,0.011042123,-0.06219059,-0.121778384,-0.025546338,0.043722343,-0.48153335,0.4001714,-0.40228093,0.16678259,0.14414923,0.7320556,-0.04609146,-0.03675191,-0.38836116,-0.19073586,0.7959335,-0.327085,0.2639826,0.21067676,0.07274118,0.47169852,-0.5411777,0.2869162,-0.18925375,0.33318427,0.11972815,-0.36806068,-0.060829345,0.24687412,-0.28498945,0.05942504,-0.7019086,0.07565325,-0.15345342,0.27262974,0.061193164,0.053354923,0.13022366,-0.16625862,-0.27145016,-0.6693085,0.3221433,-0.15434839,0.039608814,-0.31858274,-0.10107927,-0.17133617,0.11769702,-0.14710823,0.07415526,-0.052842975,-0.030608052,-0.01113456,-0.10672721,-0.53418535,0.024241734,-0.052534714,0.20867334,-0.06814176,0.1219728,-0.018165,1.2562215,0.2735339,-0.7405281,0.4771475,-0.13979582,0.1882513,-0.06601547,-0.073028944,-0.06904813,0.2818033,0.33926287,-0.08638216,-0.12759922,-0.16559894,-0.21396822,-0.18031159,0.49255645,0.26567516,-0.06720888,-0.36630496,-0.027691944,0.05775593,-0.22376329,-0.32072556,-0.1494308,-0.24119286,-0.105116,-0.47029942,0.21256278,-0.22565009,-0.19430012,0.4397163,-0.7713151,-0.11408325,-0.015568536,0.06334853,-0.09054933,0.4474643,0.2099271,0.26009592,-0.2980767,-0.01303367,0.17283748,0.40154412,0.02381633,0.1237959,0.019686509,0.2675223,0.5549204,-0.14647274,-0.20463222,0.25970608,-0.11146602,0.20035663,-0.19404638,0.24078582,0.45067272,-0.20816325,0.007665806,-0.005894567,-0.11487809,0.32580283,0.75411415,0.13822824,-0.020033078,-0.035695862,-0.04689828,-0.060980458,-0.06717889,0.5085249,0.18195243,0.10539904,0.2478969,-0.56915534,-0.3058856,0.009095451,-0.082377255,0.29023784,-0.1435217,-0.30075547,-0.06029893,-0.32503507,-0.521156,-12.424137,-0.49267605,-0.009156824,-0.30571342,0.3243726,-0.34423324,0.13008927,0.13263835,-0.10551937,-0.17111777,-0.09570056,-0.13847224,0.33152416,-0.40595186,-0.080655135,0.03639187,0.36403584,0.019004364,0.01295485,0.21795894,-0.289957,-0.19375488,0.16898143,-0.015446194,0.38377327,-0.46965513,-0.3958671,0.12065182,-0.04202783,0.09390099,0.053416952,-0.09191082,-0.054699488,0.98986953,-0.4975541,-0.14466015,-0.03804663,-0.39681095,-0.23051922,-0.1928292,0.46893185,-0.26189092,-0.25494057,0.20688882,0.38373357,-0.5686286,-0.034910038,-0.09347147,0.04053305,-0.14325084,-0.14986047,-0.029265972,-0.2888003,-0.48524112,-0.038573425,-0.22846939,-0.07848924,0.95971674,0.047174234,-0.21497153,0.19770247,-0.17673454,-0.32327756,-0.25850117,-0.3184507,0.14230396,-0.6316571,-0.3311462,-0.08351851,-0.35951814,-0.18415381,0.15971369,-0.24332196,-1.2287278,-0.23741835,0.0061225416,0.4556246,0.4127321,-0.108257286,-0.32567155,-0.7327045,-0.182724,0.24167676,0.0038508745,-0.171556,-0.52627665,0.049489044,-0.67983484,-0.395333,0.15704656,-0.41179654,-0.17474088,0.14700653,0.224442,0.17749846,-0.24197045,0.17826156,-0.028762417,-0.035707217,0.66665184,0.34163254,0.07765127,0.28252977,-0.37576216,-0.32975414,0.34331363,-0.1817385,0.49107084,0.20070206,0.0397934,-0.1099625,0.20863642,-0.38319913,-0.037944105,-0.1181191,-0.30492446,0.049722753,0.2948697,0.036373127,-0.56393987,0.21912867,-0.10081801,-0.5011712,-0.26691422,0.11060119,0.03529273,-0.20030396,0.06733011,0.0015539303,-0.26225144,-0.14247122,-0.46542844,-0.24115303,0.30306324,0.29468524,-0.22740118,0.10840712,-0.22502095,0.14024559,-0.41656372,0.026107542,0.38568988,0.33343047,0.026046531,0.32106736,0.06836405,0.119190045,-0.030083818,0.25304672,-0.09357358,-0.3061077,-0.87812066,0.07696967,-0.110658504,0.088901184,0.0338956,0.2631112,-0.37869278,-0.3766862,-0.5996873,-0.014436496,-0.20000403,-0.08181112,0.112568706,-0.20165662,-0.05358836,0.17420082,0.44795063,0.033742797,-0.51398855,-0.21539547,0.7312314,0.0989437,0.06996173,0.08846465,0.076319166,0.34021434,-0.22684756,-0.06200778,1.0316731,0.30104613,0.48542604,-0.27553484,0.42468658,0.34472042,0.34472507,0.35437724,0.14864324,0.21509609,0.40182778,-0.7507174,0.6800829,0.07690046,-0.54606724,-0.09041435,-0.50447816,0.7450883,-0.105710946,-0.00041424483,0.4211993,-0.43769246,0.27221784,-0.6106962,0.10395203,0.28333852,-0.120139435,-0.16993672,0.5646917,0.31006575,-0.21101,-0.15959424,-0.4126516,-0.25045642,-0.16450165,0.45935237,-0.7250815,-0.7361186,-0.09382948,-0.46626455,0.2179119,-0.057955317,-0.11782765,-0.03465503,0.10445565,-0.22659753,0.071754724,0.19623901,-0.054598924,-0.45255592,-0.34445083,-0.25057545,-1.1900585,0.382527,0.40044507,-0.25813,-0.2259258,-0.14551955,0.24019966,-0.06586478,0.20162101,-0.506854,-0.8989235,0.046753746,-0.95374125,-0.34745464,0.06666778,-0.49085724,0.55316794,-0.29772893,-0.13103636,0.036764417,-0.080905244,-0.2703754,-0.22904453,0.26182982,-0.45330182,-0.11671284,-0.23472157,-0.3389158,0.009565742,-0.1688388,0.39644954,-0.2546355,-0.09701613,0.35729787,0.035838287,0.107434854,0.17758131,-0.11977035,-0.37025574,-0.36499158,-0.06811214,-0.03884959,-0.048750207,-0.2539337,-0.5431211,-0.17733222,-0.21348047,0.08589989,-0.0077781663,-0.14817053,-0.22328697,-0.10180732,0.26486963,0.5919642,-0.11699013,-0.25638142,0.14140356,0.3439005,0.15318047,0.29183507,0.16460802,-0.75592005,0.13300301,0.120219275,0.32026184,0.33601838,-0.20479837,0.23882312,0.3466586,0.21127392,-0.3424812,0.4418701,0.30052352,-0.14304447,0.22467679,-0.058729466,0.17038687,-0.1457063,-0.24445657,0.28439674,-0.10132055,0.516642,0.85017073,-0.07636117,-0.05682603,-0.5769467,0.008800367,-0.2987296,0.09458032,-0.2422455,0.66265535,0.64233035,-0.3559109,-0.18817505,0.08805084,0.13034724,-0.24164063,0.30685353,0.26081434,-0.15941028,0.21950853,-0.030999497,0.57282317,-0.15546474,-0.36992368,-0.027286949,-0.20927484,-0.15315586,0.23342603,0.47444484,0.33749747,-0.16492176,0.335187,0.11840313,-0.2562203,-0.14606284,0.5723439,0.36075297,0.46427628,-0.12734228,0.15000363,0.06701113,-0.3871074,0.6993904,-0.249304,-0.016363464,0.63757336,0.4683278,0.5780097,0.20545088,0.15829194,-0.40011552,-0.5523592,-0.4341173,-0.069807865,0.11048627,0.12887248,0.20846169,-0.0026952294,0.503565,0.1930623,0.1948935,0.31809282,-0.10805443,0.10414375,-0.086250775,-0.23311692,-0.015897088,0.16247416,-0.06359401,-0.06714616,-0.31682134,0.16832338,-0.086822614,-0.5196019,-0.2049109,0.012587747,0.11235917,-0.7553878,-0.6562193,-0.023208627,0.25512624,-0.2254829,-0.08094885,-0.33373478,0.046633583,-0.13015264,0.032805797,0.26564875,0.28186697,-0.30588353,-0.3741272,-0.22227508,0.5195344,-0.09224213,-0.06669549,0.14937358,-0.72396845,-0.19491401,0.5694554,0.22337683,0.059239313,0.24902311,-0.43496296,0.23071307,0.27817294,-0.46858487,-0.2521557,-0.124758966,-0.43509865,-0.58104163,-0.1454501,-0.047522515,-0.18195668,-0.6302619,0.12519407,-0.15357874,0.31779924,-0.27830845,-0.43620774,0.4020653,0.32257056,0.08456584,-0.52690554,0.15914342,-0.22863735,0.37420234,0.26546136,0.21521822,0.07558843,0.019167878,0.41227043,-0.050792083,0.13270888,-0.010681493,0.14288805,0.13615005,-0.51452106,-0.2041443,-0.43629587,0.11848623,-0.010503398,-0.31814092,0.22590084,0.1491068,-0.3542471,-0.31060866,-0.07874661,0.11616329,0.0,0,0,1,0,0,0,0,0,0,0,0,0,0,0,1,0,0,0,0,0,0,0,0,0.0,0.0,0.0,0.0
0.108417876,-0.3372171,0.80994284,-0.30972385,0.69786865,-0.29507884,0.32997337,0.76303583,-0.5549265,-0.13664305,0.09190172,-0.33355463,0.0569797,0.116884716,-0.14088967,0.22933823,0.039411407,0.16954315,0.03119377,-0.14632738,0.43792483,0.34637678,-0.39555368,-0.3150584,0.22004326,0.28334793,0.12826732,-0.28149647,-0.41757077,0.10005042,-0.10120507,0.16501263,0.3292938,-0.3381449,-0.32205927,-0.12188275,0.034336466,-0.22939205,-0.04856844,0.6616161,-0.17158733,-0.17985584,0.2795858,-0.19538176,-0.09688184,-0.21417826,0.16576992,-0.26624846,0.5942683,-0.24000186,-1.2119784,0.18143322,-0.5295183,-0.31979448,0.30875272,0.34035987,0.41670528,-0.41396126,0.015210891,0.10067721,-0.18075073,-0.30146655,0.0010503273,0.52111316,-0.08092049,-0.62532353,-0.1015439,0.14320372,-0.7322316,0.104120396,0.072463505,-0.041972235,0.2084638,-0.23118448,0.29551947,0.31720227,-0.48384953,0.4795519,0.039519805,0.097693026,-0.25481275,0.17327008,0.72183555,0.055945612,0.94402975,-0.109726794,-0.07438762,-0.037579164,-0.35936347,0.5296484,-0.058227662,-0.21961796,-0.44631732,0.062062405,0.062074795,-0.24196659,-0.5869708,0.066066034,0.21144333,0.15319997,0.63375914,-0.7872255,0.52720636,-0.28826424,-0.14150128,-0.16162328,-0.20779844,-0.10899735,0.1957106,0.19411516,0.22118104,0.20201033,0.24359208,0.0041242866,-0.011030606,-0.091891594,-0.6087274,-0.08315942,0.5531141,0.22688776,-0.2630728,0.55576396,0.400041,0.2740737,-0.03925452,0.3585287,-0.22153594,0.21143976,0.4736714,-0.05722776,0.53974724,0.46327385,0.5486522,0.04898036,0.16851538,0.066463515,-0.6240131,0.38999426,-0.43338245,-0.6229729,-0.40127495,-0.012450931,0.25689578,0.40687734,0.68572146,0.48922956,-0.16079925,0.07399805,0.0646349,0.6568383,-0.052234836,0.15319055,-0.6212913,0.0048328876,-0.5202068,-0.38175952,-0.33680585,0.37134197,-0.40751562,0.32242024,0.35916924,-0.21812151,-0.04191286,0.14554356,0.48628217,-0.22710589,0.36955422,0.33550206,-0.15189803,0.12724268,-0.1647161,-0.328222,0.39060616,-0.0767588,0.1571117,0.13837531,-0.082774475,-0.22734943,0.59507954,0.500868,-0.44551948,-0.1490255,0.26008153,0.12998924,0.116830274,0.05131337,0.3621541,-0.8857199,0.65924746,-0.0033209885,0.12987374,-0.13290036,0.067511566,-0.2330458,0.14973632,-0.33615482,0.115747474,-0.9199016,-0.21233499,-0.17308474,0.6178001,0.16663651,0.16238253,-0.25749367,-0.41273978,0.4925533,-0.28993592,-0.1845743,-0.87214017,0.23644139,-0.14156732,0.91449636,-0.19633631,0.14228128,-0.045192942,-0.20172232,0.0733203,-0.17924276,0.24577053,0.2057557,-0.44752675,-0.35985383,-0.18124178,0.50595295,-0.42091873,1.7818555,0.40521938,-0.3547896,0.6754211,0.027559541,-0.2262687,-0.14685918,-0.20135677,-0.33347058,0.24866942,0.31107864,-0.46485126,-0.55030507,0.06329105,0.3900457,-0.087186754,0.42155257,0.35642043,-0.27417684,0.18073422,0.4646115,-0.012617473,-0.57798094,-0.18385859,-0.33407915,0.19325863,0.08292678,-0.29860887,-0.39743638,-0.2398375,-0.5195579,-0.06113796,-0.354232,0.10300142,0.048327435,0.18246344,-0.13944276,0.24427707,-0.115380965,-0.0375825,-0.40398633,-0.16406971,0.51397866,0.7321138,-0.0037103533,-0.735481,-0.116008654,-0.1292576,0.23903698,-0.54942846,-0.5261528,0.420064,0.31738177,0.057567015,-0.5160439,-0.24048644,0.54400015,-0.097815044,0.081219666,0.28405285,-0.3630323,0.30004573,-0.17243053,-0.18765472,-0.6107286,-0.1549241,0.2449247,-0.24988903,-0.57748634,1.1552444,0.38847205,0.034164254,0.14774586,-0.21259436,-0.52354944,-0.26467055,-0.23625013,-0.14752485,-0.12149085,-0.5405112,0.05637221,-0.75643706,-0.3759101,-11.065996,-0.07617534,-0.4115366,0.046346866,0.086607724,-0.18498272,0.19056748,0.18897328,-0.47070193,-0.117332675,-0.18531236,-0.5827499,-0.2457375,-0.10603953,0.24866551,0.2211957,0.12017501,0.22325012,-0.3612057,0.44141206,-0.15292765,-0.26406404,0.44568765,0.019013958,0.35624188,0.26604867,0.35879406,-0.45572758,0.20017537,-0.2479164,-0.25766948,0.0050903405,0.0016210778,0.9545181,-0.66083527,0.1470766,0.15864748,-0.29565462,-0.2999466,0.36678135,-0.16768634,0.17032309,0.1303197,0.3224335,0.99736273,-0.032430533,0.056239497,-0.1564697,0.16316733,0.0075126635,-0.5606172,0.07937497,-0.3470544,-0.8985553,-0.49800137,0.3100585,0.30966687,0.5240478,-0.2330372,-0.24130374,0.31071067,-0.68914396,-0.121280566,-0.18703297,-0.40889356,-0.057292253,-1.1427499,-0.05445324,-0.26315475,0.19153453,-0.309471,0.13923308,0.4729049,-1.0218813,-0.28995517,0.08080517,0.04633171,0.26677895,-0.10430735,-0.1267284,-0.43403283,-0.80445665,-0.2949655,0.14572462,-0.62059057,-0.40448675,-0.31159574,-0.04504842,-0.18987061,0.27650025,0.23886672,0.107348,0.4053674,0.391828,-0.022051072,0.16027391,0.8475373,-0.5908833,-0.14467715,0.15370484,0.118218906,-0.07906327,0.049647506,-0.23682518,-0.63989335,0.23037456,-0.62970054,0.30499312,-0.10285395,0.3626064,0.099252254,-0.2676317,-0.29934204,-0.13187101,-0.3019892,-0.19919714,0.049473554,0.47371185,0.45847785,-0.9868698,-0.364553,0.16989464,-0.4034364,-1.2036085,-0.5899343,0.23226495,0.08611673,-0.028648935,-0.27435124,-0.23137432,-0.630112,-0.14759476,0.11550817,0.017064283,-0.04222984,0.0029564202,-0.066415995,-0.06459689,-0.4898311,0.03940895,0.4072499,0.099240914,0.9720557,0.09490505,0.15355901,-0.29532585,0.41887483,0.049763292,-0.10851904,0.28267097,-0.33139333,-0.34003788,0.20382,-0.18958679,-0.057555005,0.2519291,-0.14382657,-0.684888,-0.12861075,-0.9235098,0.5552854,0.3959156,-0.15186764,0.069172405,0.246711,-0.0564358,-0.043269854,-0.046091914,0.11361575,-0.07949452,-0.39837417,-0.06593666,0.33418056,0.31810978,0.39720494,0.4594587,0.31966394,-0.3252514,0.076760314,0.5611303,0.45822415,0.31373307,-0.520093,-0.45024535,0.31771982,-0.15127987,0.07731178,0.08285854,0.24800047,0.31440628,-0.6404176,0.8376117,0.037670165,-0.54844606,0.06265436,-0.46824807,0.31341115,0.29931188,0.3545111,0.054851547,-0.42756185,0.005849708,0.034764003,-0.30988994,-0.3618914,-0.31011438,0.15759651,0.63998216,0.07139952,0.44220707,-0.08198605,-0.82222587,-0.59412056,-0.37825745,0.0037946778,-0.09334073,-0.11920065,-0.26181653,-0.4449646,-0.07842784,-0.6353664,0.01723547,-0.06787731,-0.050169192,-0.61592287,-0.13117634,-0.29045972,-0.34119114,0.07889299,-0.026941841,0.08188131,-1.6173898,-0.15501566,0.12931396,-0.337774,-0.3983458,-0.5234371,0.0954753,-0.32304683,0.18950042,-0.7192418,-0.7482836,-0.12669371,-0.23693813,-0.09078589,-0.041743375,-0.33337894,-0.009405417,-0.3743352,0.20218238,0.52987784,-0.2781864,-0.031829715,0.17463998,0.076634854,-0.46853763,-0.028736696,-0.27700058,-0.04359191,0.23997696,-0.11354134,-0.042933773,0.48836643,0.030487753,-0.04239096,0.4584266,0.35503078,-0.026808226,0.12548704,-0.31464782,-0.41557953,-0.32138568,0.08109982,-0.0119007025,0.0950936,-0.4928326,-0.37944657,-0.2952384,0.28305766,-0.45102668,-0.27388507,-0.16486673,0.21375981,-0.092298225,-0.35649806,-0.0011508784,-0.28795353,-0.064727895,0.105477475,0.03464438,-0.092678614,0.25195137,-0.6067863,0.24015324,0.049831692,0.51099294,0.43794116,-0.19644971,0.09370634,0.12525858,-0.2073373,0.062949166,0.43007854,0.08198645,-0.2804321,0.40581784,0.21057835,-0.07400714,-0.54622227,0.096690886,-0.5194268,-0.41572696,0.5337473,0.63427806,0.11612497,-0.3572352,-0.25814068,-0.36785567,-0.36063072,0.09896748,-0.44428256,0.48036477,1.059825,-0.01657166,-0.38506457,0.18029235,0.27723834,-0.045310367,-0.19729507,-0.33739194,-0.20945159,0.04715734,0.4246234,0.7422664,-0.43819565,-0.018546157,0.047739137,-0.233463,0.047044598,0.040508546,0.291745,0.6203508,-0.025851922,-0.18354411,-0.2665657,0.14803047,-0.139599,-0.31013724,0.22947146,0.65897065,0.32480034,-0.51363426,-0.08933583,-0.30158532,0.107506275,-0.08176556,0.1500777,0.07380641,0.18364708,0.8808195,0.50293714,0.38645345,0.35460842,-0.47689307,-0.004761366,0.044146337,0.26328567,0.34399307,-0.19310299,0.22291704,0.28625306,0.0701458,0.24857596,0.03855293,0.15347898,0.39529976,0.12195979,-0.10772238,-0.4920233,0.08130598,-0.343621,-0.017889319,-0.44495296,-0.2513971,-0.11079785,-0.76564187,0.2203167,-0.33125672,0.14232534,-0.08746416,-0.26895165,-0.04657804,-0.41138387,-0.093587525,0.025588464,-0.3606379,0.0263709,0.052495413,0.7326304,0.21178034,0.370654,-0.6012232,-0.2352634,-0.53854555,-0.23961605,0.09777004,-0.05678724,0.6866356,-0.8744982,-0.13089007,0.18308039,0.464491,0.1263182,-0.041374393,-0.28809157,0.19753174,0.16401105,-0.21857828,-0.5062043,-0.0006069395,-0.25014836,-0.7071129,0.33053476,0.5588448,0.49769023,0.020394485,0.044730037,0.124133,0.13291454,-0.5333224,-0.021658171,0.26206046,0.54792315,0.20708016,-0.15901546,-0.23745939,-0.22766523,-0.11263006,0.17063808,0.09442356,-0.03476783,0.16289836,0.010415852,0.46393913,-0.512803,-0.036545407,0.11939409,-0.15228535,-0.93681854,0.38784328,-0.2681451,0.074161485,-0.36771584,0.19836096,0.036386434,0.7642452,-0.44936875,-0.636441,0.0554407,0.437679,-0.01,0,0,0,0,0,0,0,0,0,0,1,1,3,3,1,0,0,0,0,0,1,0,0,0.0,-0.05,0.0,0.0
0.34029406,-0.20454559,0.5979195,0.051212072,0.45143467,-0.5949358,0.011071129,0.40467608,-0.086113416,0.09180584,-0.3854414,-0.039394308,0.11708708,0.06672721,0.16639353,0.52259624,-0.33926988,0.16215235,0.0044479053,0.27941033,0.46209335,-0.058783073,-0.14573215,-0.029605407,0.24743864,0.19377707,0.331516,-0.37465012,-0.92305446,-0.102647334,0.4189416,0.3020134,0.14961034,-0.41043591,-0.17125,-0.40003863,-0.17530552,-0.36100945,0.24760166,0.4112299,0.02867959,-0.22300743,0.3585172,0.12585574,-0.12084031,0.011487626,-0.13797568,-0.46272615,-0.041828256,-0.21092367,-0.9598964,0.06530173,0.18022867,0.07409755,0.31634244,0.21563852,0.2880994,-0.45927024,-0.28207675,0.04203769,-0.06396071,0.37422863,-0.17027262,-0.05792107,-0.08805925,0.05923309,0.04823748,0.4654311,-0.96280706,0.24270496,0.12138746,0.076534644,-0.08546263,0.309132,0.2809593,0.32236913,0.08255915,0.6074298,0.18565479,-0.051596794,0.15821773,0.36757112,0.30288172,0.22614098,0.37537932,0.42521277,0.08236998,-0.10209636,-0.4933534,0.74089104,-0.30714145,-0.1385819,0.1506961,-0.27393568,0.751834,-0.48004004,-0.25412133,-0.5224472,-0.22887264,-0.031522773,0.5620134,-0.2485752,-0.13503264,0.10222511,-0.252717,-0.16369474,-0.70480704,-0.4455859,-0.14313513,0.44998628,-0.27449897,0.2896974,0.04728903,-0.5254855,-0.1522628,-0.03947186,0.11782113,0.17736873,0.12616456,0.1874461,0.074029006,0.5248425,0.09204075,0.160905,0.27898893,0.06882497,-0.11664068,-0.0530468,0.15859082,0.20880659,0.91331077,0.53686506,0.28390515,-0.3462573,-0.034049913,0.1413154,-0.07914258,-0.48030108,-0.13358623,-0.16836467,0.025048923,-0.22846624,0.100293204,0.037424494,0.16898745,0.2621828,-0.12481062,-0.31507388,-0.3943309,0.32241794,-0.49466002,-0.1046596,-0.084713146,0.043630008,0.13119519,0.011566736,-0.06512156,0.1335908,0.20700517,0.004872315,0.11693523,0.32714793,-0.27228537,-0.07521309,0.10421048,-0.050946735,-0.22927389,0.44755837,0.015697377,0.0637585,-0.045326147,-0.39432904,0.077618934,-0.040951967,0.23395291,0.30913496,0.15162164,-0.036823854,0.5204576,0.5825126,-0.6123436,-0.14577721,0.40245917,-0.5052108,-0.055548094,-0.01815235,0.590768,-0.39803585,0.2060893,0.1288731,-0.38002092,0.19757624,0.20297116,-0.50746745,0.059766006,-0.22703758,-0.25923163,-0.4424044,0.06539302,-0.23540667,0.22567014,0.017563388,-0.3540927,-0.05958141,-0.61453444,0.29186717,0.18408556,-0.5693304,-0.23522975,-0.37551662,-0.3454173,0.1376907,-0.2847312,0.45702663,-0.039110154,0.15552834,0.080783844,-0.070410945,0.036936417,0.06287795,0.19623983,-0.4353932,-0.11548747,0.105385534,-0.042483557,1.140542,0.07555131,-0.12568885,0.951701,0.3185107,-0.28654644,0.04165093,0.41382268,-0.11215347,0.27719536,0.02823402,-0.5134736,-0.6756014,0.24043585,0.0074426397,-0.13089408,0.5290024,0.25020993,0.2938159,0.057632875,0.33456397,-0.14471336,-0.2899793,-0.16427481,-0.18869269,0.17500366,-0.03859711,-0.57618064,-0.3756379,-0.30255926,-0.29887238,-0.41595012,-0.22419056,-0.113652915,0.16913462,0.009850419,0.050060175,0.08311734,0.006082926,0.07864257,-0.6772286,0.47490233,-0.051051956,0.392747,0.23130369,-0.05651288,-0.2231025,-0.0751401,0.31398076,0.12284259,-0.11081808,0.005056326,-0.072020285,0.03156861,-0.009760659,0.062440325,0.12117689,0.07957852,-0.1785132,-0.5165397,-0.04916607,0.21354121,0.04544015,-0.43840572,0.04433778,-0.58994555,0.35425434,-0.559424,-0.13475919,0.8548634,0.37218654,-0.24915914,0.34602597,-0.26660085,-0.2582423,0.6448062,-0.3207754,-0.10314356,-0.13707766,-0.19512272,0.41601312,-0.63730294,-0.71409684,-8.37021,-0.4577823,-0.47768748,-0.2812273,-0.1511215,-0.37465099,0.1692927,-0.3437116,0.13753001,0.11091698,-0.13114107,0.04572397,0.11182744,-0.3460996,-0.27177235,0.4814845,0.63682204,-0.07255385,0.22392988,0.1579134,-0.104099646,-0.2506845,0.12723117,0.08965021,0.13400231,0.16656105,-0.15829365,0.0060697617,0.06481221,-0.42513505,-0.12782899,-0.011627244,-0.2514471,1.0565008,0.2156468,-0.43264294,-0.11876388,-0.2892528,-0.1741496,-0.28865445,0.045802563,-0.016436292,0.13533029,-0.120598584,1.0583495,-0.45853955,0.2796668,0.27690727,-0.3623018,0.09004958,-0.18499233,-0.4818343,-0.13758011,-0.32946393,-0.09207561,-0.32003635,0.07155488,0.9468353,-0.13511954,0.11723085,0.37104374,-0.5154215,-0.04735781,-0.2199838,-0.62499505,-0.18306868,-0.6693763,-0.57577205,-0.12046506,-0.12179085,-0.55314547,0.4862693,-0.076340556,-1.1406882,0.14698239,-0.47427148,0.16723876,0.33212945,-0.30962884,-0.13584343,-0.2685488,-0.34635612,0.07677906,-0.1892557,-0.34943473,-0.37837932,0.07816533,-0.2663618,-0.53757036,-0.02696046,-0.34092277,0.21404885,0.26510236,0.022073649,0.114948474,-0.090365745,0.68636763,-0.6609884,-0.04326078,0.28963783,0.4761996,-0.17045851,0.44620746,-0.3805572,-0.23801339,0.13576879,-0.23854537,0.024671262,0.28490826,-0.20411023,-0.16129328,-0.021900425,-0.38575912,0.17678633,-0.32986504,-0.11319483,0.324846,0.26992178,0.27414283,-0.50770956,-0.3792433,0.22959484,-0.27553776,-0.28484896,0.120993964,0.046036225,-0.20629291,0.06501075,-0.5531384,0.17885546,-0.056384943,-0.26938218,-0.08346252,0.07233378,0.071750134,0.10457799,-0.046941046,-0.030217014,0.44759333,0.14770015,0.040141333,0.3794293,0.32180518,0.08333345,0.13165922,-0.111337386,0.26351067,0.4993149,-0.0033381009,0.10873501,-0.14691363,-0.5676435,0.14690012,-0.18151012,0.47643578,0.021038556,0.502387,-0.13549142,-0.16410446,-0.5159222,0.3840327,-0.36916742,0.038531043,0.4174868,0.026637787,0.09029716,0.023824565,0.4572237,0.005155787,-0.5885414,0.036696047,0.29700577,-0.081233025,0.22382769,0.32209393,0.16126339,0.27814034,-0.48340702,-0.1437042,0.26062104,-0.08234294,-0.09560858,0.06443542,-0.2032179,0.21104927,-0.44986743,0.15006362,0.3320021,0.58635736,0.6739887,-0.15911059,0.7469128,0.01166084,-0.35319126,0.4017057,-0.6843831,0.39657158,-0.450207,-0.14275835,0.38414073,-0.22781588,-0.015953582,-0.74340975,0.05913297,-0.5693409,-0.04808574,-0.015580551,0.22363855,0.15552554,-0.37642032,-0.59329325,-0.50194097,-0.24078976,0.11312747,-0.2608505,-0.09145686,-0.5337852,-0.14290695,-0.3646932,0.29575256,0.11939209,0.1692934,0.17848308,0.27054387,-0.19005367,0.35969642,0.32186648,-0.24636781,-0.21920566,0.13325608,0.11617799,-0.9776218,-0.18454349,-0.2638282,-0.1551518,0.11711398,-0.8455629,0.14878926,0.010336534,-0.29970577,-0.37742147,-0.22799395,-0.28980407,-0.34539098,-0.43197048,0.19594617,-0.2902326,-0.0556838,-0.34324446,0.041717798,0.19948605,-0.49493724,-0.017266352,-0.32645738,0.4811307,-0.37183776,0.117490634,-0.08450911,-0.3338734,0.058546282,0.41789016,0.08526462,0.1301982,0.38964704,0.04927809,-0.038012084,-0.32664996,-0.06950249,-0.14680786,-0.5664195,-0.4713681,-0.17498736,0.38027945,0.44717425,0.2548295,-0.23387413,-0.014146206,-0.38372827,-0.38346165,-0.38309845,-0.285838,0.018174173,0.45109978,0.13085112,0.38776577,-0.28540573,-0.49934453,0.24991268,0.07852019,0.0021756848,0.21080612,0.490633,-0.4371745,0.21178816,-0.20128085,0.23330496,0.63525194,-0.28212854,0.26799184,0.4030026,-0.13395019,0.05227474,0.55831695,0.06297114,0.15822138,0.17656656,0.06272719,-0.2120465,0.032092523,-0.19017887,-0.047011778,-0.28445378,0.21129835,0.8489039,0.19691715,-0.41264594,-0.7267529,-0.08543124,-0.64715004,-0.09814539,-0.04067446,0.4721313,0.41693974,-0.048236683,-0.2373917,-0.06581895,0.22191876,-0.11553748,0.40305722,-0.22244325,-0.22625895,0.08123312,-0.29091695,0.3235138,0.1257372,-0.19473639,-0.28594717,-0.19328013,-0.3521317,0.069075674,-0.21257508,0.098163545,-0.35105538,0.28663808,-0.225716,0.030936474,-0.18278404,-0.02463534,0.1417694,0.06225848,0.23563097,0.12559599,-0.18916634,0.23863861,0.10023366,-0.1203505,0.116117164,-0.15488505,-0.01720876,0.55834794,0.41887584,0.2162701,-0.16393498,-0.6542549,-0.19148783,0.027391352,0.32592362,-0.25682122,0.077128574,0.23856409,0.46647227,0.12571558,0.031897556,0.05264619,-0.06700442,-0.051888574,0.13412587,-0.10493966,-0.15422043,0.030475654,-0.41892615,-0.09470344,-0.67930406,0.09182336,0.38838506,-0.32835156,0.0742508,-0.21146113,-0.2899146,-0.36978188,-0.4862076,0.46850955,0.14904591,-0.13442427,-0.019885706,-0.138735,-0.10772011,0.16402154,0.13404869,-0.30033875,-0.11647931,0.033872932,-0.018003406,0.07588566,-0.13911508,-0.01591376,-0.15328227,0.4811817,-0.5272459,-0.059989158,0.38900197,0.3762474,0.106725596,0.15780681,-0.026180375,0.2959964,0.70774376,-0.048633017,-0.32412893,0.14176913,-0.4052004,-0.47409257,0.29157153,0.011412573,0.025733886,-0.6570773,-0.23273025,-0.073138155,-0.116485424,0.35399407,-0.33737296,-0.24274574,0.1577175,0.33539036,-0.5182856,-0.39528617,-0.028456567,0.31543776,0.08130592,0.24069798,-0.2962035,-0.1020107,0.35462064,-0.22525862,-0.002442625,0.21631289,-0.044367775,-0.066598356,-0.62053466,-0.20187046,-0.29686332,-0.1514223,-0.84603965,-0.3485061,0.05091322,0.10731383,-0.35289916,-0.3958893,-0.12382089,0.32538518,0.13333333333333336,0,0,1,0,0,0,0,1,1,1,1,0,0,1,2,0,0,0,0,0,0,0,1,0.0,0.0,0.0,-0.13333333333333333
0.2705815,-0.45771876,0.52049303,0.21592486,0.47410816,-0.34936702,-0.29711276,0.30007097,-0.25808105,-0.16819756,-0.037793282,-0.4548108,0.29716897,0.24225003,0.2934108,0.56201035,-0.66465276,0.26577428,-0.02784792,0.07030101,0.6653685,0.16921943,0.17231293,0.06448312,0.3930293,-0.12694094,0.23443101,-0.3724327,-0.5025138,0.23450321,0.26546428,0.5881712,0.11119071,-0.26362327,-0.24952582,-0.26697034,-0.4224889,-0.19302641,0.16916119,0.59584445,-0.47406727,-0.1914754,0.5015886,0.01614179,-0.240185,0.3707613,-0.257818,-0.009176675,0.35402474,0.1339277,-0.75332093,0.22090687,-0.3258633,-0.578742,0.08455946,0.67574143,0.56897336,-0.8262893,-0.28917196,0.3930897,-0.327781,-0.32585126,-0.1106311,-0.05401833,-0.17915288,-0.3558433,-0.013791975,0.49607155,-0.91294014,0.38137814,-0.07911426,-0.08608934,-0.22881448,0.41064593,-0.32474437,-0.20415768,-0.27485073,0.94617766,0.33313844,-0.22846141,0.31458887,0.13916154,0.43489182,0.16641183,0.5628795,0.62666607,0.22833164,0.08803011,-0.819758,0.59351176,0.16225086,0.09147794,0.03516031,0.16244671,0.57154953,-0.6061032,-0.42451435,-0.3784184,-0.537884,0.20750242,0.7834346,-0.30031,-0.021460772,-0.32038108,-0.23595265,-0.16554555,-0.39917305,-0.5177038,0.29442054,0.1389733,0.09837263,0.23803039,-0.015639499,-0.5136059,-0.16560116,0.25849503,-0.20025404,0.24638249,0.3505836,-0.10716412,0.07364172,0.675139,-0.09959823,0.385207,0.17924061,0.28921202,-0.054030184,-0.17840673,0.5908281,0.535057,0.25130734,0.19888283,-0.23519045,-0.35548195,0.29610282,0.09018207,-0.035686906,-0.1457734,0.048446003,-0.020026166,-0.27118114,-0.45742312,0.26807973,-0.14951567,0.35484245,-0.045524806,-0.0007336844,-0.24577864,-0.32711056,0.36563292,-0.7024849,-0.0588924,-0.28230432,0.21164612,-0.08701928,-0.36668786,-0.25385797,0.042785946,0.32602656,-0.022392744,-0.021353917,0.093367845,-0.12117197,0.042672176,-0.09011508,-0.03773247,0.018288378,-0.12657453,0.12909111,0.05252354,0.20342752,-0.65914965,0.105973676,0.33757383,0.47416016,0.19946921,0.009794015,-0.36675316,-0.11793998,0.7042203,-0.36044678,-0.06361079,0.43149632,-0.2783053,0.33465973,-0.13210839,0.5082795,-0.3380406,0.53346944,0.108622015,-0.4010746,-0.2315407,0.13281925,-0.1152259,0.32299164,-0.62012404,-0.006485008,-0.05779831,0.14561644,-0.46745896,0.055574436,-0.14903022,-0.16944794,-0.17403363,-0.6562317,0.091403544,-0.45634773,-0.29076388,-0.49195457,-0.1845215,-0.18242861,0.41519332,-0.32565072,0.034822986,0.0380794,0.2761933,-0.21491112,0.13143167,-0.123877734,0.1306179,0.3214535,-0.032645058,0.14684953,0.09596957,-0.016937684,1.444492,0.123631954,-0.6751879,0.25816882,0.19957298,-0.21043882,0.10146495,0.28333032,-0.46714944,0.5085032,0.17792767,-0.33667603,-0.20678024,0.21209927,-0.007811955,-0.30723435,0.30385843,0.24780855,0.08875819,-0.29304993,0.036985267,0.17206013,0.045918718,-0.22406992,-0.22296321,0.014659591,0.026574373,-0.5603185,-0.11583331,-0.080336936,-0.123256885,0.15303296,-0.59932727,-0.37369156,0.3243009,0.27733737,0.09729559,0.21701875,0.22881739,0.6482595,-0.6354899,0.13067959,-0.057282105,0.6606238,0.10730916,0.23429883,-0.024765788,0.30677634,0.72741914,-0.03862335,-0.68257886,-0.11209236,0.22397986,0.16784857,0.1617738,0.14805782,0.37786445,-0.23632842,0.056998406,-0.07526989,-0.11295878,0.285049,0.37219948,-0.07439355,0.11354116,-0.21231644,-0.09492301,-0.5114511,-0.12449615,0.75366807,0.6151282,0.048474453,0.23361914,-0.58169025,-0.14281112,0.07042647,0.28571254,0.22317185,-0.08545252,-0.40478882,0.19841754,-0.26433516,-0.506303,-10.81586,-0.8145965,-0.027920363,-0.230483,0.0134809045,-0.33457017,0.40065953,-0.1175811,-0.05231047,-0.1779311,0.121186934,-0.05126529,-0.1326309,-0.3545824,-0.18616205,0.4117152,0.4263788,0.17102875,-0.034999527,0.43700093,-0.5701493,-0.1746106,-0.0051108617,0.06453079,0.20193104,-0.3462167,-0.39095175,0.21335405,-2.6981235e-05,-0.22887339,-0.0476636,0.14136183,-0.08799135,1.0560056,-0.2129907,-0.21294281,0.010933168,-0.48480102,-0.32760656,-0.09656785,0.14848065,-0.1334818,-0.3074991,-0.015529248,0.73228526,-0.7644618,0.030473243,0.39267644,0.048013367,-0.39483297,-0.19190225,-0.2287661,-0.06561469,-0.41454017,-0.184018,-0.10826652,0.050723616,1.0785851,-0.3073098,-0.12431481,0.39259627,-0.30132067,-0.010052842,-0.29689065,-0.22405228,-0.008449772,-0.95239943,-0.47996715,-0.4736669,-0.3160903,-0.24811836,0.34349248,-0.23907124,-1.3530002,-0.23733303,-0.03206615,0.45287693,0.32950947,-0.3725277,-0.44819745,-1.0525867,-0.1941437,0.07974085,-0.28678071,-0.23232801,-0.7246727,0.045841638,-0.76501733,-0.6716682,-0.027154593,-0.24826036,-0.2639383,0.37467888,0.13114579,0.15425858,-0.2636823,0.2736152,-0.033329017,-0.033663265,0.40216324,0.23611607,-0.08432888,0.341135,-0.40385514,-0.49256015,0.15535904,-0.23984346,0.24393654,0.091624156,-0.12204362,0.09194956,0.3936204,-0.27677944,-0.08433175,-0.039007917,-0.050379824,0.12574558,0.41666073,0.10542853,-0.44052586,-0.18686582,0.2653059,-0.38913116,-0.3848144,0.31050128,-0.03338,-0.0068358337,0.023884958,-0.15090884,-0.5708656,-0.15893236,-0.1200693,0.004239684,0.072036944,0.40791595,-0.40894783,0.042863283,-0.4394691,-0.14431953,-0.20157446,0.06870979,0.24492851,0.3379612,0.012624652,0.049559575,-0.02914405,0.14421803,0.3443601,0.07043744,-0.009351126,-0.71989554,-0.8486605,-0.114299014,0.0015021648,-0.012435982,-0.087886006,0.23399729,-0.017901108,-0.24769983,-0.4935115,0.07107167,0.078613736,-0.22881985,-0.05279444,-0.0032787689,-0.086281024,-0.047388133,0.5049906,-0.17162253,-0.7021465,-0.21071184,0.47440434,0.37322244,-0.21351519,0.012550174,0.2058261,0.257565,-0.0069801495,-0.40634957,0.9270885,-0.02029171,0.53167325,-0.1691915,0.20136532,0.6953592,0.329677,0.43919834,0.30178398,0.33535427,0.61919415,-0.90741295,0.8216916,-0.0746273,-0.7060526,0.091298684,-0.56334394,0.78994805,-0.2656943,-0.12858206,-0.26458302,-0.6013078,0.27469197,-0.8793647,0.31298086,-0.24514103,-0.15025921,0.17701639,0.44470415,0.46868965,-0.00014112382,-0.2803942,-0.47782937,-0.3756869,-0.30919018,0.2612343,-0.31193507,-0.49272007,-0.5080234,-0.77285165,0.43550205,-0.2605305,0.071773835,0.096794024,0.31543785,-0.1815193,0.120663345,0.5091059,0.08315467,-0.34288424,-0.13526513,-0.051934782,-1.3980882,0.1776052,0.2734451,-0.14623916,0.14141068,-0.36880532,0.074918896,0.106968835,0.07302507,-0.5657454,-0.8982708,-0.06344055,-0.8285774,-0.5567034,-0.18274403,-0.4359235,0.65125585,-0.20229763,-0.4039771,0.24705374,-0.1329366,-0.22948755,-0.3236739,0.07749712,-0.24875817,0.058368873,-0.5267594,-0.48846942,-0.019783348,-0.253307,0.3568409,-0.15161294,0.06579921,0.22743039,0.0029760282,0.15559626,-0.17933539,0.07710994,-0.61785835,-0.47733814,0.0612051,0.03641584,0.2961432,-0.36681148,-0.37873352,-0.19097076,-0.3447394,0.05281767,-0.07098817,-0.3170469,-0.108244136,0.37312382,0.049982842,0.51899576,-0.24062715,-0.1631546,0.17084584,0.42506686,-0.02129177,0.379144,0.31039837,-0.5371302,0.07287679,-0.087221935,0.49517933,0.28136745,-0.3565561,0.28356734,0.3608696,0.27610624,-0.1436343,0.8236252,0.13209048,0.03366956,0.3023075,0.012381025,-0.23865087,-0.2694925,-0.70930153,-0.33419368,-0.29474556,0.6060775,0.74512815,-0.42588982,-0.14289601,-0.79663706,-0.24388796,-0.023252957,-0.026224794,-0.33975264,0.47965944,0.39175418,-0.16213506,0.1033705,0.2603866,0.04619162,-0.41478017,0.19174619,0.2530505,-0.35801017,0.32337248,-0.20154959,0.5579986,0.22454438,-0.2417694,0.01964736,0.1027732,-0.1707421,-0.0064425655,0.3474151,0.316255,-0.12019058,0.11787834,-0.043116722,0.15778935,-0.23313801,0.6359978,0.14503749,0.40451813,0.08311426,0.08905585,0.12143408,0.07407228,0.2694269,-0.13411593,0.04699164,0.3244961,0.048655882,0.49837363,0.073830925,0.36376485,-0.01520392,-0.8352797,-0.49352548,0.14768952,0.4377197,0.23355302,0.29152867,0.08514541,0.29350492,0.21507125,0.19986403,-0.18570507,0.036165304,0.038070343,-0.08961176,-0.27667472,0.16906781,0.31064534,-0.0788442,-0.03600483,-0.46467015,0.25376552,-0.10171116,-0.30224755,-0.2598191,0.2409565,-0.017869271,-0.6262719,-0.48747593,0.47228187,0.27710226,0.0068900194,-0.17510818,-0.09018408,0.20671362,0.044898216,8.910656e-05,0.24688482,0.11175783,-0.29659173,-0.21505484,-0.14678651,0.045458004,-0.058744136,-0.3416865,-0.06259569,-0.96791005,-0.057073783,0.3780034,0.021534823,-0.034137614,0.30203134,-0.14467214,0.25038463,0.27266943,-0.033427373,-0.3434877,0.097238444,-0.2525717,-0.51983744,0.10428806,-0.13887204,0.122263156,-0.45873204,-0.004111709,-0.026687223,0.22645468,-0.051019944,-0.44029954,0.3664658,0.3826904,0.07047718,-0.60976267,0.018812817,0.053221382,0.56304324,0.06975854,0.45689,-0.22511174,0.28507626,0.20559782,-0.119047105,0.008163472,0.18910404,0.23026113,-0.25906885,-0.51325667,-0.3071087,-0.29827207,0.11204329,-0.301711,-0.5249547,0.38143244,0.17503618,-0.19806087,-0.4917067,0.15573895,0.11694353,0.0,0,0,1,0,0,0,0,0,0,0,0,0,0,0,1,0,0,0,0,0,0,0,0,0.0,0.0,0.0,0.0
0.050562426,-0.32958743,0.792705,-0.082739055,0.5891388,-0.18516542,0.124197826,0.42592216,-0.13932247,-0.16770902,-0.23831584,0.26406527,0.3255191,0.04468645,0.26643208,0.2591195,0.01082558,0.11324408,-0.2995278,0.023583904,0.052205067,-0.13911062,-0.021818474,-0.16839543,0.3459869,0.40633187,-0.03366036,-0.6942375,-0.65016466,-0.049245715,-0.012100708,0.04371227,-0.03359845,-0.22935794,0.04636555,-0.4231161,-0.21504489,-0.05909132,0.21754913,0.11226348,-0.009214223,-0.29906377,0.45141754,-0.1002181,-0.24752249,-0.06009737,0.0070568155,-0.72690934,0.18543886,-0.41392955,-0.5312472,0.054958533,-0.316655,-0.49264753,0.32628384,0.24928612,-0.01480575,-0.65644157,-0.3557194,0.09056732,0.41685173,-0.15703496,-0.053286504,0.04005587,-0.17216302,0.012492329,0.23760474,0.64553505,-0.8495604,0.13995737,-0.002332983,0.29043,0.01662868,-0.15832253,0.18247688,-0.0043008304,-0.44417718,0.6459429,0.27945304,0.18213893,0.002173775,0.23078202,0.7671578,-0.132826,0.48720083,0.30447152,0.084980704,0.004379668,-0.14589867,1.0509672,0.039199993,0.14766069,-0.3320137,0.14516188,0.53535753,-0.36517388,-0.5213529,-0.40211433,-0.044195633,0.021325523,0.87344813,-0.53421164,0.19866073,-0.5542898,-0.07802416,0.15121035,-0.34786656,-0.15408179,0.1730551,0.05744013,-0.33741254,0.111138515,0.25548902,-0.5113828,0.043103393,-0.33288243,-0.07987083,0.39244708,0.57845414,0.16410065,-0.16659424,0.08466939,0.25473788,0.037151877,0.31920013,0.39127183,-0.08094305,-0.0034731466,0.34464362,0.25062796,0.08806699,0.4525265,0.025652051,-0.07979931,0.2118642,0.22630323,-0.43426436,-0.12969834,0.10001003,-0.16887759,-0.17998335,-0.16709083,0.29471913,0.32296607,0.45491654,0.249774,0.00837532,0.025061717,-0.28959113,0.6030388,-0.4503081,-0.14335382,-0.35721645,-0.14135857,-0.023264484,-0.4050692,-0.43193904,0.2357465,-0.37335953,0.1282036,0.30293447,0.449101,-0.011688553,0.02023542,-0.163674,0.11314719,0.2813672,-0.08917369,-0.19694574,-0.05704596,-0.42994994,-0.5592505,0.24870226,-0.31976283,0.2484761,0.17004654,-0.04120941,-0.2998052,0.31520963,0.56596494,-0.6000141,0.115404755,0.29621306,-0.10905558,0.4253792,-0.15898477,0.4846751,-0.87469137,0.45255244,0.5540283,-0.3284477,0.049955264,0.52290344,-0.26217946,0.07223876,-0.6411771,0.2625422,-0.20095453,0.016336562,0.05533369,0.2908356,0.6456784,0.11151669,-0.25083193,-0.21199614,0.43822408,-0.05423777,-0.3363775,-0.13561319,-0.11710715,-0.1939747,0.2971466,-0.018661048,0.0850482,0.16555753,-0.2903182,0.40722665,-0.48852143,0.27399558,0.15441404,-0.21323901,-0.4037587,-0.0094810035,0.42028254,-0.32461262,1.1568567,0.15343386,-0.3650826,0.45931903,-0.07204426,-0.11889336,-0.39361477,-0.015315333,0.011161201,0.775837,0.51585186,-0.5276005,-0.42696822,-0.07503806,0.104628965,-0.42118955,0.41652548,0.49674553,-0.078144565,-0.22480789,0.6507353,-0.3251133,-0.2544975,-0.48204267,-0.007507937,0.15719405,-0.15748695,-0.43408835,-0.38333404,-0.33900028,-0.29528153,0.071668655,-0.35646835,-0.24865948,-0.31828126,-0.023424635,-0.042117566,0.31624442,0.14597034,0.08088588,-0.30294898,0.23124932,0.19810049,0.46313703,0.45660594,-0.32050878,0.035988566,-0.19253375,0.6076151,0.04964975,0.05328143,0.27236614,0.06437796,0.13092571,0.06890039,0.033548273,0.38085952,0.32942265,0.16138542,0.028981823,-0.108790055,0.2926597,0.1653619,-0.027868563,-0.5110621,-0.4769825,0.10234616,-0.13152097,0.09219009,0.75920534,0.25686574,-0.098522395,0.3767817,-0.31197152,-0.31125063,0.1857682,-0.5730356,0.15444829,-0.34482685,0.13281503,-0.088045284,-0.6230726,-0.6811062,-8.777954,-0.5711674,-0.6772916,0.03759503,0.014560076,-0.37693346,0.688727,0.3321269,-0.07401257,-0.5158902,-0.20675355,-0.15616657,0.45185146,-0.4650856,-0.029994566,0.02157085,0.7944336,0.056511194,0.03598638,0.14097738,-0.23645285,-0.5629651,0.13703103,0.2541426,0.5672445,-0.22433212,-0.0014019146,-0.05817291,-0.2653652,0.046723012,-0.45187324,-0.18949102,0.07020322,0.89473313,-0.33966947,-0.26077855,0.087094724,-0.30827177,0.21592002,-0.19119501,0.09680775,-0.22976269,-0.2508775,-0.1248059,0.85285795,-0.4345199,0.17453937,0.28967136,0.22507355,0.14870471,-0.2478836,-0.20343849,-0.08571294,-0.8996776,-0.20280103,0.114352815,-0.07152981,0.783795,-0.4275968,0.15464969,0.5717934,-0.30038714,0.0040448066,-0.03394582,-0.8003433,-0.10181835,-0.62498206,-0.48753944,-0.23785946,-0.17152809,-0.07290277,0.049487364,0.3459524,-1.1470238,-0.17346552,-0.5685085,0.27755684,0.6199367,-0.34437189,-0.38581893,-0.2625266,-1.0241256,-0.029577417,-0.10955598,-0.278558,-0.108480684,-0.07925373,-0.49286392,-0.34938842,0.23012413,-0.2192144,0.030942518,0.42549628,-0.123266086,0.0756076,-0.29619136,0.36397555,-0.51897246,-0.29167634,-0.05158514,0.23674211,0.18527965,0.4258936,-0.60564727,-0.69919115,0.39746732,-0.2602607,0.37359723,-0.13561344,-0.17496264,0.18537526,-0.54068244,-0.1722817,-0.15199882,-0.60230577,-0.011313956,-0.108570434,0.28877106,0.073369965,-0.45415565,-0.55587614,0.01935642,-0.47014955,-0.7183198,-0.04519702,0.107969046,-0.14444388,0.025558053,-0.23302977,0.049669936,-0.47385705,-0.013284931,-0.045667432,-0.23269892,-0.090545475,-0.0040590432,0.083436765,-0.26163867,0.20432252,0.06969058,0.51267236,0.50610876,-0.014202825,-0.054323226,0.424881,0.083579466,0.52322334,-0.08605784,0.16481556,0.10653784,-0.09341218,-0.79840314,0.3377387,0.020600205,-0.4164101,0.46515155,0.42183957,-0.5478664,-0.34213838,-0.55497354,0.16716693,0.20488365,-0.032633327,0.12726945,-0.02883431,0.051916562,0.1401756,-0.11012064,0.07504403,-0.23089115,-0.35212013,-0.009513664,-0.054029655,0.08957621,0.30072343,0.079975314,0.25464845,-0.47030568,0.3229233,0.32121807,0.27906838,-0.12149747,0.028140595,-0.23109627,0.1930422,0.024513472,0.00019167975,0.45310196,0.2986789,0.06796438,-0.692148,0.691081,-0.013824037,-0.32621044,0.26957062,-0.47035325,0.38435036,0.41450694,0.011743174,0.9939406,-0.058103703,0.39930373,-0.4307853,-0.12607884,0.031396642,0.20310372,0.14671339,0.34602687,0.29315528,-0.123066776,0.17619008,-0.38758466,-0.527523,-0.12600824,0.017191673,-0.15752913,-0.16922003,0.092255026,-0.74810773,0.02552111,0.019404639,0.18956342,-0.013849675,0.054901414,-0.3870777,-0.15193453,0.17025547,-0.22947793,-0.1200565,-0.14690885,0.18275927,-1.7332405,0.051351927,0.25658166,0.06630322,-0.18522091,-0.80245245,-0.18434097,-0.41549003,-0.18899593,-0.90358,-0.6320244,0.07169363,-0.7968777,-0.68225473,0.043093324,-0.25573647,-0.4076136,-0.24730387,0.122459315,0.32465595,-0.35090715,-0.33413476,-0.15707149,0.2823781,-0.33669156,0.259756,-0.3301219,-0.09045146,0.48986158,0.16662017,0.3921672,0.088804066,-0.06264229,0.4246197,0.32059926,0.12953253,-0.020791002,0.19145162,-0.6768632,-0.055267897,-0.11713271,-0.2918951,0.023909058,0.5327265,-0.15841408,-0.5131305,-0.58480316,-0.07987359,-0.5200416,-0.38402393,-0.11150165,0.14041995,0.59724003,0.4306996,-0.0645419,-0.42030755,-0.2865562,-0.37221298,0.16786474,0.4338023,0.4112171,-0.74948156,0.41137877,-0.22578432,0.82096297,0.40618885,-0.08727844,0.2046735,0.11722414,-0.15092334,0.28555116,0.31632972,0.064715065,-0.37339357,0.36894095,0.09102797,0.068652704,-0.2385918,-0.16813661,-0.4375974,-0.3626625,0.5858046,0.7740617,0.52320194,-0.65269583,-0.8071474,-0.022815293,-0.6067278,0.1455602,-0.17091021,0.5754797,0.9010498,-0.39389178,-0.3497854,0.40204662,0.17284442,-0.14541493,0.6250928,0.19229802,-0.14663967,-0.20973855,0.44307587,0.026509328,0.43861946,-0.19355431,-0.008039443,-0.026411131,-0.08708902,0.23193729,0.2911028,0.5646421,-0.031679757,0.056815535,0.28576726,0.076475084,-0.11555337,-0.006469308,0.6671812,0.5986321,0.17909324,-0.3707266,0.16210513,-0.10844997,0.120827936,-0.13274686,0.12907806,0.059362873,0.064686075,0.40393704,0.5256747,0.30189437,0.33437186,-0.5741153,0.017797895,-0.18735564,-0.065050915,0.13162927,-0.0259235,-0.049686793,0.43595514,0.15473363,0.08716904,0.10917528,0.118158504,-0.27110016,0.09635763,-0.21453337,-0.33082667,0.076013066,-0.35012344,-0.21001378,-0.40801257,-0.24345203,0.21427877,-0.6514023,-0.07946184,-0.17830475,-0.031406816,-0.56100804,-0.23505884,0.26395127,0.18730974,-0.17471682,0.31748846,-0.5706878,-0.065489575,-0.09526983,0.35573485,0.04643556,0.20390205,-0.22578317,-0.19400664,0.07569674,-0.038853098,-0.06738569,-0.13729925,0.66599494,-0.38458768,-0.3868125,0.31439865,0.51978874,0.07322195,0.52652913,0.19434318,0.16082983,0.3075536,-0.4692407,-0.37823844,-0.34932697,-0.38908798,-0.45341054,-0.1839323,-0.102314256,-0.093274556,-0.23159519,-0.1284862,-0.018657085,0.31674504,-0.05797254,-0.11604164,0.33219135,0.5128952,0.37715968,-0.57256407,-0.15377125,-0.04755895,0.09709921,-0.2723454,0.322431,-0.30185184,-0.11685837,0.22495414,-0.11907248,-0.33549306,-0.12637341,-0.2382275,-0.033898,-0.8963485,-0.40471092,-0.20828581,-0.085164286,-0.24772328,-0.2610134,-0.083632424,0.19805089,-0.5724283,-0.49914348,-0.18914653,0.10883834,0.0,0,0,1,0,0,0,0,0,0,0,0,0,0,0,1,0,0,0,0,0,0,0,0,0.0,0.0,0.0,0.0
-0.12479422,-0.1810477,0.6147847,-0.21570984,0.14174122,0.006488408,-0.27834755,0.9039013,-0.32940042,-0.324908,0.07964687,-0.42207557,-0.22055498,0.38773736,-0.43706563,0.56060916,0.036437523,0.12509608,0.14996335,-0.25569496,0.54186404,0.2735404,-0.46381915,-0.12428876,-0.09691004,-0.048129454,-0.17440075,-0.059922323,-0.36900768,-0.024338555,0.31769118,0.37716147,0.07548476,0.030793605,-0.054866944,-0.2874395,-0.02504805,0.13761403,0.00611076,0.37941235,-0.034452908,-0.26742306,0.051123153,-0.17828937,-0.24300084,0.07534494,-0.13103485,0.0586585,0.09150957,-0.24573773,-0.5491377,-0.3172333,-0.53745955,-0.007974597,0.08347544,0.09091476,0.34054813,-0.60032034,0.2429422,0.2926832,-0.202146,-0.30199456,-0.093502566,0.39757964,-0.17359957,-0.28330827,-0.028209966,0.19025534,-0.63034415,0.033439383,0.22365756,-0.2286022,0.4474229,0.054236025,-0.13077994,-0.12632827,-0.48550686,0.44921312,-0.07670638,-0.13294224,-0.42379758,0.3297595,0.31986693,0.020567412,0.29521763,0.19299147,-0.30155098,0.0075518694,-0.44118202,0.79114205,0.078672685,-0.4105636,-0.49707335,-0.09147495,0.51210046,-0.26221797,-0.3608258,0.12992667,0.2440159,0.09792294,0.36815453,-0.47298715,0.22276464,-0.16863607,-0.29748794,-0.28480834,-0.24246787,0.1918617,0.17713034,-0.21578303,-0.0011982826,0.39714104,0.17294307,-0.07997018,-0.1598448,0.12545617,-0.32387424,-0.015160845,0.5774171,-0.20341252,-0.32723293,0.1727964,0.10727654,0.21097624,0.26407266,0.31708154,-0.16445833,-0.06124496,-0.026888028,-0.11284716,0.0022892966,0.60417926,0.6199802,-0.08212654,0.5068349,0.18873392,0.13482217,-0.09803868,-0.4861916,-0.43982315,-0.041384045,0.10653677,0.2958433,0.30659574,0.5637139,0.05722156,-0.4681395,-0.2172238,0.2507768,0.39637133,-0.19337589,0.14136414,-0.52736056,-0.17864586,-0.3914676,-0.38448673,-0.21332909,0.2760684,-0.056978006,0.16943143,0.25305116,0.3266455,0.2728762,0.12897363,0.2957686,-0.290808,0.113499425,-0.30637145,-0.056861367,0.18144552,-0.18854704,-0.18454744,0.37714517,0.13821547,0.4067049,0.13215697,0.16336441,-0.16975746,0.21376921,0.4703708,-0.5435826,0.12960435,0.19542237,-0.15393667,-0.05231033,0.05107776,0.31589523,-0.63493615,0.40982848,-0.17247266,0.06160332,-0.04063387,-0.079995066,-0.5921127,0.26619914,-0.36181977,-0.17143963,-0.5465907,0.04342876,-0.10220469,0.29227906,-0.15905593,0.058658667,-0.24345282,-0.21598426,0.5108579,-0.10099924,-0.14097162,-0.5610878,0.047856655,-0.053550955,0.41343176,-0.42582017,-0.033102095,0.26152647,-0.18610193,0.07718134,-0.37169415,-0.12901086,0.35483724,-0.3670751,-0.5573623,-0.0053936797,0.3237677,-0.42538047,1.0721915,0.4383598,0.13731018,0.37923646,0.45107162,0.03661805,0.10032872,0.25769445,0.05238934,0.1640001,0.4568129,-0.028723128,-0.4033373,0.1343686,0.26812878,-0.46146187,0.40699205,0.34783134,0.17987685,-0.5587291,-0.09105443,-0.067310326,-0.6167816,-0.0004673712,-0.17748132,-0.31001922,-0.15324259,-0.20635357,-0.67417043,-0.2900863,0.038502153,0.11429159,-0.4097772,-0.061729092,0.041901134,0.101146296,-0.18157822,-0.08962481,-0.46455848,-0.29819465,-0.17412573,-0.058126163,0.35596067,0.53603005,0.41925335,-0.15962131,-0.16085309,0.11578948,0.18012898,-0.44479716,-0.63659924,0.06136697,0.48417202,-0.15653321,-0.33852893,0.105849676,0.8439903,-0.011104527,-0.081452034,-0.34639123,0.015460346,0.23918541,0.35953534,-0.12722212,-0.5825721,-0.30976674,-0.12036454,-0.25095645,-0.032552544,0.6505529,0.35968426,0.25943473,0.03905152,-0.4489278,-0.41685897,-0.1274571,-0.10848295,-0.056061808,-0.08511152,-0.26633146,-0.13066301,-0.5474006,-0.12430683,-9.955089,0.029757047,-0.020216258,-0.19401819,0.10590808,-0.10731615,0.0039163274,0.2216819,0.037969302,-0.3266954,-0.09645135,-0.26677123,-0.6563077,-0.013098914,0.027971815,-0.19016813,0.2244665,0.30539185,-0.2974332,0.1311239,-0.27192727,-0.6997081,0.5839681,-0.24529067,0.08325438,0.4261919,-0.0554079,-0.040290233,0.18992156,-0.051224966,-0.37435016,0.024266357,-0.15252115,0.9136,-0.4357341,0.1342499,0.28432807,-0.52970546,0.36467227,0.17773102,0.2913756,-0.30990833,0.0041149054,0.17516142,0.45053828,-0.33189884,0.094528094,-0.18696217,0.47831765,-0.031374075,-0.33495656,0.017623084,-0.18319039,-0.42026556,0.07326842,0.1547098,0.17305939,0.8996187,-0.4237169,-0.7020654,0.2575982,-0.42777687,-0.3820847,-0.01004202,0.10180817,0.088385515,-0.47363183,0.114665344,0.15968338,-0.039348044,-0.1331659,0.42993298,0.04209263,-1.5987298,-0.06768678,-0.00038353205,-0.028321605,-0.035985414,0.21174006,-0.42224166,-0.3280386,-0.6215703,-0.024602134,-0.0032715318,-0.39895707,-0.42703083,-0.14466459,-0.3155442,0.034620006,-0.001354918,0.013764035,0.03343972,0.25755212,0.24592985,0.62227166,-0.12474428,0.73841214,-0.37837222,-0.027979026,0.19791861,0.39812377,-0.12593065,0.23596281,0.37223065,-0.34023243,0.19274603,0.0036335648,0.043470226,-0.060957007,0.14517283,-0.15077661,-0.3541519,0.08069964,-0.2625949,-0.38914123,-0.17543624,0.015067901,0.19716997,-0.11377242,-0.71531403,-0.17447452,0.4470906,-0.22976168,-0.5433105,-0.33762196,0.3268378,-0.4153678,0.1465335,-0.3065866,-0.114659205,-0.26718023,0.2020926,0.2365962,-0.3119252,0.28989214,-0.0929353,0.007619326,-0.13834332,-0.024877,0.14024106,0.35047746,0.5030176,0.32940742,0.07766276,-0.15342674,0.042727135,-0.24249151,-0.111299425,0.028496213,-0.121938236,-0.34043172,-0.6194603,0.073179424,-0.07306365,-0.15338361,0.23855728,0.2038707,-0.44411466,-0.2174602,-0.47352177,0.2812022,0.34352008,-0.0919075,0.34026366,0.4603127,0.030689161,0.084429294,0.22804259,-0.16222,-0.32047272,-0.49594635,0.11775455,0.3762963,-0.06949943,-0.120988235,0.62853265,0.17084672,-0.032914862,0.18227611,0.24329886,0.1413431,0.21980904,-0.3407452,0.2584933,0.24944921,-0.2659863,-0.015827632,0.16395944,0.22900379,0.48401365,-0.41358882,0.374463,-0.06235502,-0.67264783,-0.019575112,-0.5737744,0.073957995,-0.04736122,0.074387,0.0222396,0.30178624,0.26025626,-0.19429411,0.10994738,-0.31986657,-0.040067468,-0.0002783531,-0.026881583,0.24487191,0.2876051,0.17520194,-0.32921487,-0.5986045,-0.4016442,0.23119035,-0.07353855,0.082741566,-0.15645832,-0.5674063,0.18745118,-0.24198359,-0.27141765,0.053752504,0.2559276,-0.12402207,-0.13195005,-0.039091066,-0.5369618,0.33026493,0.023869207,0.24452123,-1.3664478,0.13678902,0.15077123,0.08728147,-0.56132406,-0.33505172,-0.018809177,-0.120627515,-0.12247987,-0.43572724,-0.45502374,-0.3151102,-0.20115755,0.1080446,0.44570306,-0.2418783,0.15971556,-0.47903928,0.29307553,0.33886218,-0.13666196,-0.34523463,-0.47896785,0.048353948,-0.098447315,-0.4613938,-0.3126208,-0.26404634,0.33547744,-0.55110514,-0.08585313,0.1963713,0.14028159,0.017205609,0.19790412,0.44406962,0.26740193,0.34806153,-0.30255488,-0.06817948,-0.2740775,0.16004439,0.21265025,0.11056777,-0.16521354,-0.41748807,-0.23251331,0.14279872,0.011467577,-0.17215818,-0.097898655,-0.021564474,0.014835823,-0.058396276,-0.02258945,-0.018070474,-0.08009327,-0.07719269,0.2289338,-0.014477594,0.22306776,-0.32678634,-0.35569936,0.24771257,-0.013267122,0.3139247,-0.36388454,0.17947596,0.18473177,-0.29327404,-0.2265176,0.46801245,-0.0006974995,-0.38678056,0.10014766,-0.011497509,0.008469505,0.025981382,0.049480017,-0.2425622,0.058981344,0.31792343,0.60160136,0.2504473,-0.19052179,0.044492316,-0.2529139,-0.18455641,0.09078522,-0.18145266,0.27098516,0.44771737,-0.18683073,-0.08773797,0.23858826,-0.14043497,-0.16079724,-0.50914603,0.55997455,0.17717002,0.22667685,-0.18414475,-0.015524944,-0.25764033,-0.18731245,0.25342202,-0.12745719,-0.039744508,0.12624384,0.20522487,0.68601614,0.13227513,0.14068364,-0.31730232,-0.06724634,0.25186673,0.14833969,0.29702038,0.49104106,0.06275811,-0.109217,-0.107822955,0.0033787936,0.10859756,-0.34665212,0.088294,0.19614072,0.21417636,0.43903306,0.16255434,0.22946519,0.06714857,-0.5223158,0.067371055,0.0011856292,-0.009996653,0.13717207,0.16127127,-0.30702016,0.39097974,0.16938576,0.48546755,0.11087714,-0.11426076,0.19381653,-0.13747476,0.29354137,-0.5721243,0.12547351,-0.30206642,0.16306017,-0.05617269,-0.00039404928,-0.0026005765,-0.36526072,-0.012191474,-0.13736872,0.032155767,-0.08379656,-0.27985877,-0.03471511,-0.07994526,-0.2552565,0.33059296,-0.011829065,0.06348223,0.0026557825,0.2253758,0.020799099,0.51334274,-0.024568532,0.047169667,0.023178648,-0.011860799,0.10760739,-0.058583453,0.5268338,-0.27623704,-0.12162164,0.08425388,0.55313843,-0.07043136,0.27313384,0.00294891,0.0047371136,-0.64345187,-0.3402794,-0.32058144,0.058709905,-0.4765365,-0.54315305,-0.22608343,-0.049718447,0.22242378,-0.5530971,0.0017638433,0.109074555,-0.14638132,-0.14930415,0.24922623,0.5772744,0.4750534,0.04363397,-0.034288988,-0.3196389,-0.29458153,-0.1703868,0.13483518,0.059150185,-0.17726743,-0.11599066,-0.09909337,-0.34883717,0.031396747,0.16098027,0.4811861,-0.32998416,-0.4515971,-0.3207543,-0.24220489,0.03509349,-0.036782235,-0.017355347,-0.010639739,0.2451233,-0.33977163,-0.47757247,0.054787673,0.3418007,0.0,0,0,1,0,0,0,0,0,0,0,0,0,0,0,1,0,0,0,0,0,0,0,0,0.0,0.0,0.0,0.0
-0.29943252,0.1253553,0.8305443,-0.25775135,0.27442372,0.09323434,-0.076534495,0.21250395,-0.19535168,-0.17679346,-0.20629095,-0.27695593,-0.14914833,0.29733807,-0.18758821,0.3732181,-0.10413541,0.33094266,-0.5062816,0.016775507,0.42397264,-0.15030213,-0.23037909,-0.08690177,0.13326323,0.5358412,0.15894711,-0.5250042,-0.66757554,0.1809977,0.03796076,0.02701206,0.049178407,-0.14327282,-0.42855558,-0.47847873,0.016889522,-0.054756433,0.49322522,0.4104597,0.15128814,-0.6349736,0.46974048,-0.2326981,-0.16509452,0.06276717,-0.054145165,-0.17961003,-0.13134101,0.13659577,-0.93160987,-0.11185469,-0.2174514,-0.39599252,-0.24199188,0.68588334,0.40575516,-0.7689267,0.10432384,0.090444505,0.014451177,-0.40273133,0.055320546,0.57900584,-0.021774158,-0.22885746,-0.21418096,-0.014231495,-1.0028248,0.20274648,0.08052605,0.12754326,0.312617,-0.20193078,0.20924465,0.052440267,-0.5574451,0.6888837,0.22607498,-0.07469814,-0.12603134,0.15277924,0.40594536,0.3986286,0.6764221,0.3250271,-0.12079235,-0.18660364,-0.27105302,0.5819587,0.41877857,-0.20303611,-0.041172594,-0.13527007,0.17677015,-0.324726,-1.0502583,0.0014043227,0.1392807,0.106949694,0.5346935,-0.35794726,0.48215228,-0.10006823,-0.46037853,0.090453014,-0.5811444,0.7480385,0.3360039,0.23897825,-0.13426268,0.292526,0.45118102,-0.3469528,-0.42654502,-0.20250183,-0.46823192,0.15524031,0.5032744,-0.43798092,-0.3291529,0.1906963,0.17087418,0.14183983,0.13581201,0.79906,-0.13820925,0.12642126,0.19188114,0.14172389,0.17658171,0.9376428,0.18791321,-0.23710233,0.34893516,-0.08283032,-0.1598197,-0.13563403,-0.3246155,-0.66578597,-0.016592395,0.12050989,0.55115116,0.34777156,0.5998948,0.3191294,-0.5494875,0.032103583,0.080565564,0.4725848,-0.30338138,-0.07327351,-0.41592255,-0.13961896,-0.18873444,0.0018126615,-0.22421804,0.1035238,-0.07240087,0.34709504,0.06089479,0.21430731,0.04483809,0.012423102,0.21004337,-0.040962353,0.15195042,0.2633979,-0.014462348,-0.37993586,-0.1953903,-0.5561042,0.35576347,0.093400605,-0.08358161,0.08088725,0.26982504,-0.5755951,0.19794323,0.86756295,-0.44351456,0.14166269,-0.2787265,-0.44615826,-0.2101375,0.05582852,0.3770016,-0.5064706,0.57192236,-0.015514581,-0.41044194,-0.21256922,-0.30394992,-0.42236587,0.4430954,-0.48686182,-0.1483565,-0.72814673,0.33731857,0.32373983,0.49178112,0.38731605,0.1405584,-0.33416957,-0.16956964,0.49862972,-0.081333466,-0.044803847,-0.6968472,0.31588686,-0.07206921,0.54448766,-0.2420407,-0.008452212,0.41034585,-0.1857201,0.38154525,-0.61946845,0.38874826,0.102499135,-0.36231554,-0.5027349,0.14407831,0.29797584,-0.60659415,1.3602201,0.21620548,-0.6936392,0.81046844,-0.15872777,0.44582582,-0.14586124,0.07540032,-0.2613858,0.034912013,0.53092366,0.08924318,-0.2148411,-0.3466922,0.13457398,-0.30598912,0.38100898,0.45200744,-0.4531394,0.20408744,-0.04274264,0.15820658,-0.65696555,0.15878798,-0.109095134,-0.078671515,0.31017312,0.48659655,-0.626776,-0.43331513,-0.33507764,0.4929845,-0.19414377,-0.35670272,0.00049633963,-0.37714186,-0.2839469,-0.20023304,-0.09716293,0.21557789,-0.20971993,0.25098926,0.48265848,0.7356069,0.10637448,-0.30281118,-0.15255,-0.0016046108,0.5460422,-0.34367958,-0.34734544,0.019452058,0.010914855,0.2305563,-0.6913798,-0.30797702,0.47493592,0.60918593,0.086837985,-0.18658262,-0.14643769,0.2850644,0.060515575,-0.17259571,-0.55665666,-0.25244275,-0.06606859,-0.3608306,0.028133743,1.0335194,0.39623165,-0.26111197,0.31911668,-0.65017486,-0.8224266,-0.64410037,0.15745015,-0.01858472,-0.39716485,-0.28457206,-0.063655525,-0.9035164,-0.09373366,-11.155564,0.08357494,-0.4491433,-0.52909166,0.3552705,-0.33932114,0.07512942,0.15339352,-0.048715144,-0.101830624,-0.035296954,-0.17293864,0.3139349,-0.19406018,0.020733554,0.09828009,0.29977557,0.3528366,-0.24726954,0.015083614,0.13599461,-0.6532273,0.6908482,0.07045368,0.6011161,-0.039800987,0.080134384,0.10612324,-0.24481964,-0.25886047,-0.08964061,-0.21744165,0.011922913,1.0193197,-0.607935,-0.42630485,0.29699075,-0.4922285,-0.029519606,-0.035955537,0.0356949,-0.248372,-0.5445865,0.1519639,0.44296905,0.06925701,-0.23832212,0.058460254,0.045617905,-0.08992383,-0.39384827,-0.19647549,0.13249743,-0.4424,0.15294221,-0.2851983,0.12437745,0.6480819,-0.5254722,-0.45447117,0.73692703,-0.12071549,-0.6157449,0.10441354,-0.6238653,0.10960515,-0.7501204,-0.32921705,-0.40972382,0.20062721,-0.55828166,0.6655033,0.3595933,-1.095359,-0.049520165,-0.04287723,0.06687872,0.19883566,-0.22695896,0.19775695,-0.54420435,-0.482817,-0.1066084,0.1666626,-0.3010832,-0.016051518,-0.02727891,-0.54597735,-0.15242365,0.31487197,0.378247,-0.04733231,0.22989139,-0.12773873,0.0749582,-0.67183685,0.7563552,-0.8300045,0.34282926,-0.06802278,0.77046615,-0.08432828,0.4395372,-0.44556177,-0.4793969,-0.14315818,-0.84561455,0.092591286,0.27497247,-0.025491036,0.11838828,-0.5158818,-0.34423035,-0.11306891,-0.4071592,-0.05771369,0.054038137,0.33242577,-0.035427835,-0.7170739,-0.38504684,0.20452638,-0.49197003,-0.88570976,-0.28954926,0.115658075,-0.39818183,0.2848731,-0.56378585,-0.08360711,-0.5188089,-0.30086502,-0.17190868,-0.07611114,0.1680116,-0.24094886,0.041981407,-0.14880341,-0.021106122,-0.16344999,0.56402487,-0.138804,0.13034473,0.23185605,0.44960707,0.093575045,0.093556434,0.027268259,0.08535825,0.27505004,-0.16570595,-0.7246151,0.1495292,0.16513053,-0.5538381,0.31785482,0.2801689,-0.71324486,-0.45426342,-0.5090022,0.019421346,0.3381711,-0.029632596,0.44736716,0.022930525,0.1946281,-0.029530404,0.09287765,0.16986579,-0.10990893,-0.3869126,0.05555272,0.14907518,0.07718271,0.356554,0.53528017,0.2780619,-0.27557263,0.43609238,0.763356,0.14768295,0.23361798,-0.05383297,0.060438264,0.70899606,0.0772887,-0.20037001,0.27174687,0.2832098,0.23372324,-0.4848631,0.13901038,-0.049750663,-0.17518236,-0.0045463406,-0.4769109,0.46514577,0.5531796,0.37842175,0.16888805,0.028776834,0.22573997,-0.11392043,-0.33111575,-0.08067074,-0.013966467,0.29555452,0.25865978,0.39542347,0.21707428,0.46928743,-0.5307815,-0.43402246,-0.5156185,0.61643434,0.02253124,0.051930632,0.008575895,-0.75598824,-0.18314476,-0.13243501,0.24731688,0.086929254,-0.21395881,-0.10846237,-0.07371353,-0.08358266,-0.2275635,-0.06004151,-0.1579588,-0.06422358,-1.8636944,0.46119967,0.046647493,0.20871884,-0.42782658,-0.13012832,-0.039624162,-0.1576397,-0.41333795,-0.29747668,-0.72484833,-0.3127526,-0.74957246,-0.40456378,0.48800647,-0.1673236,0.013164911,-0.33280364,0.5651897,0.19181,-0.13374563,-0.5755334,-0.13693842,0.3660284,-0.7070139,-0.3368246,-0.22328235,-0.27647668,0.46921092,-0.35363254,0.20215312,-0.013632971,0.30194667,0.2912678,0.55026037,0.15182279,0.34656554,0.6104036,-0.309812,-0.45519707,-0.2387643,0.14188449,0.23411798,-0.14671692,-0.51854414,-0.8811997,-0.2740143,0.51427704,0.060426,-0.30733055,-0.12850887,0.40374658,0.30505753,-0.04082502,-0.1707136,-0.43128005,-0.40203068,0.32329178,-0.18461971,0.22361095,0.40014952,-0.47860768,0.24126875,-0.6533649,0.16636698,0.059098676,-0.07367823,0.20124471,0.5603391,-0.330556,0.3336793,0.6512654,-0.026715968,-0.28364232,0.3568994,0.12149893,0.24887867,-0.36565372,-0.067094564,-0.32672477,-0.45930696,0.7924118,0.5614364,0.23983292,-0.59407353,-0.4526431,-0.15700038,-0.51542896,-0.041333895,0.16516884,0.5002462,0.9804677,-0.029522007,-0.080773525,0.52569413,0.012792438,-0.2910975,-0.45434543,0.38808048,0.29288733,-0.50464994,-0.123629935,0.3045948,-0.2940728,-0.21247521,-0.2068034,-0.32434237,-0.18739557,0.11378585,0.30052692,0.5496965,0.28916833,-0.31973264,0.05047884,-0.051589742,-0.58618635,0.0263997,0.42125362,0.29993486,0.24455729,-0.21396644,-0.097330816,-0.25946748,0.31972623,-0.07719479,0.027386319,0.19637358,0.56019133,0.6876875,0.30469668,0.48678425,0.30323243,-0.4956657,-0.10013753,0.3383683,0.08126017,0.31661004,-0.102585375,-0.006119376,0.15721942,-0.5544517,0.31872824,0.038777154,-0.08400834,-0.22024529,0.53328186,0.032874048,-0.7787612,0.18279852,-0.82208234,-0.3825203,0.06655756,-0.7758069,0.17640188,-0.6304222,-0.19953708,-0.041171208,0.09365366,-0.21929784,-0.2915403,-0.08680024,0.09087158,-0.36835903,0.22399312,-0.28565514,0.042908963,0.23316425,0.7375423,0.15619679,0.3034761,-0.09121705,-0.11418319,-0.49192107,-0.013609549,-0.02385696,0.14044842,0.6906991,-0.49173924,0.013645165,0.21206973,0.37383258,0.09432196,0.24346647,-0.45060182,0.112973474,0.35502288,-0.46070853,-0.86438316,-0.018404527,-0.4658536,-0.66217923,0.14923272,-0.1675973,-0.23066242,-0.5291949,0.03175597,-0.10766985,0.29433513,-0.6532885,0.23690896,0.74679667,0.95392936,0.3478157,-0.14979391,-0.20035927,-0.2474678,-0.011835311,-0.083181754,0.44881278,-0.14510368,0.22277619,0.18412334,0.18982063,-0.08740479,0.23331425,-0.013029624,-0.34005147,-0.54995406,-0.07079818,-0.12192711,0.19714381,-0.2784365,-0.09300911,0.2667948,0.08558216,-0.3683261,-0.9097042,-0.0014209494,0.3896901,0.0,0,0,1,0,0,0,0,0,0,0,0,0,0,0,1,0,0,0,0,0,0,0,0,0.0,0.0,0.0,0.0
-0.41840652,-0.0057356036,0.4845845,0.31271493,0.37958142,-0.09410182,-0.25268018,0.348297,0.37387943,0.06333815,0.044787522,0.07211122,-0.016422048,0.3853049,-0.24364258,0.38686702,0.07967612,-0.2023305,-0.09831214,0.063048385,-0.2086619,-0.6405029,-0.022811882,-0.043044448,0.29632595,0.3977698,0.07479215,-0.4426456,-0.49288356,0.4291415,0.46206024,0.2825733,-0.15104684,-0.49367607,0.5503334,-0.37803528,-0.3265919,-0.14964595,0.0001711619,0.062465526,-0.49314946,-0.18057846,0.1631206,-0.015702639,-0.19960813,0.4202345,0.22061369,-0.53974694,0.09948302,-0.25702184,-0.51187605,-0.3174385,-0.7138312,-0.315293,0.15831175,0.72413546,0.3320889,-0.6602596,-0.4798829,0.052729554,0.24207667,-0.60359055,-0.026450584,-0.013862187,0.11495232,-0.17007568,-0.22291954,0.24651064,-0.7310354,0.22272131,-0.075093396,0.14249118,-0.014134816,0.21506451,0.11376275,0.02609883,-0.25360206,0.6017153,0.09697733,0.11320257,-0.25014487,0.22958314,0.62371045,0.08610162,0.17023256,0.3819293,-0.26811323,0.017985245,0.15236808,0.81888425,0.34446937,-0.17439027,-0.037110545,0.03255208,0.21772124,-0.4727413,-0.34208253,-0.25523484,0.08580603,0.019608695,0.20101035,-0.30922797,0.109031886,-0.39158258,0.14982098,-0.050740667,-0.23012824,0.2814362,-0.5452436,0.02673285,-0.06707409,0.37633866,0.26789877,-0.33054498,-0.13784608,-0.18038669,-0.34822303,-0.13247634,0.48541093,0.2608511,0.034948397,-0.01788056,-0.11739199,-0.07711718,0.50493294,0.45312682,0.2884988,0.24951245,0.31499553,0.3346081,0.06066082,-0.053925365,0.0056412993,-0.62557584,-0.1597927,0.61745894,-0.589544,-0.23870781,-0.13211161,-0.025534594,-0.5143636,0.0683497,0.0032732445,0.12635307,0.42731708,0.553052,-0.068445,0.032053486,-0.42900756,0.701256,-0.7098898,-0.31052166,-0.12836158,0.17606254,-0.39912933,-0.30203447,-0.052744374,0.2640409,0.14019123,-0.049772147,0.15801218,0.16787452,-0.45849168,0.10621467,0.07805359,0.21253966,-0.14499034,0.49882245,-0.40296268,-0.48062953,-0.31149948,-0.4075967,-0.122691765,-0.42598927,0.39503175,-0.2704047,-0.17532043,-0.19029497,0.51354575,0.44960046,-0.58132,-0.2316227,0.39477825,0.006006745,-0.2062481,-0.5144726,0.30943212,-0.28643018,0.10622366,0.25928596,-0.20882142,0.2855767,0.24151905,-0.35305637,-0.0989228,-0.18817137,0.23940556,-0.41847593,-0.37700403,-0.09898843,0.46747863,0.7456066,0.20473242,-0.239632,-0.04061459,0.0002690792,-0.19951038,-0.056850042,-0.018368376,-0.008367362,-0.27796438,-0.10151689,0.30679923,0.058318995,0.26121557,-0.30213818,0.48822924,-0.100463666,0.7207565,-0.21100049,-0.09673448,-0.37811008,0.1078199,0.33471555,-0.3152028,1.2941512,-0.12582971,-0.12286499,0.52585506,0.34602624,-0.4774681,-0.295483,0.18131708,-0.12702467,0.4396035,0.29854235,-0.42964622,-0.1361578,0.06929851,-0.06285384,-0.20793526,0.3630894,0.7448507,0.016314428,0.09217923,-0.033154808,-0.42002273,-0.13566642,-0.34154198,0.01818237,-0.00940028,-0.06035987,-0.49714962,-0.5287067,-0.35414234,-0.3154641,-0.047086354,-0.26823074,-0.39878216,-0.44453698,0.08472808,-0.3673327,0.41023427,0.09042331,0.034791518,-0.49310124,0.2425289,0.22608536,0.1957197,0.14921874,-0.025343766,0.14063357,-0.39418346,0.3483012,0.19096327,-0.12148157,0.18535994,-0.033761907,-0.18366855,-0.22790514,0.16401964,0.2358024,0.21201077,0.21716665,-0.5145605,0.120457865,0.14951044,0.24866354,0.059463926,-0.49781978,-0.51762164,-0.005536761,-0.17764501,0.14862233,0.68755615,0.27585354,-0.35945672,-0.098509654,-0.51397693,-0.42073265,-0.29731512,-0.19107258,0.42136353,-0.08142116,-0.17882547,0.15053314,-0.21196976,-0.48711547,-8.04416,-0.414151,-0.81599706,-0.01745121,0.45391122,0.039727286,0.11649594,0.16813754,-0.0041431333,0.19710894,0.17780727,-0.36777896,0.5179286,-0.3778971,0.42427796,0.085039675,0.27116206,-0.015903719,0.03200893,-0.17409848,-0.1786519,-0.5346019,0.1805317,-0.1486785,0.5648765,0.045952156,-0.07906307,-0.0027227611,0.025331268,-0.14049181,0.08479347,-0.42341122,0.028773248,0.89098406,-0.04329344,-0.8607414,-0.301343,-0.48618984,0.02757102,-0.14324899,0.11241919,-0.09608709,-0.11528876,0.41722038,0.590009,-0.09243248,0.49923187,0.10116125,0.032624945,0.36102557,-0.17707694,-0.22254398,-0.2290808,-0.39776802,-0.022566652,-0.039244577,-0.0049237097,0.9241921,-0.3419365,-0.12356363,0.31093183,-0.124627,-0.059970666,0.0568006,-0.74888825,0.40907043,-0.97217345,-0.48012102,0.02917637,-0.27001867,-0.47559944,0.08759412,0.42378035,-0.7894371,-0.12733209,-0.29190955,0.46852168,0.7097246,-0.15392165,-0.3282645,-0.26902565,-0.8862339,-0.06474144,-0.10038509,-0.43016988,-0.03697442,-0.14616464,-0.5030483,-0.035907563,-0.25194204,0.18866225,-0.13452278,0.19308883,-0.20233667,-0.4575816,-0.5544234,0.31997803,-0.27194345,-0.04358939,0.0055906232,0.35800803,0.30956942,0.3430236,-0.2620565,-0.45865703,0.04419723,-0.43507224,-0.0019403099,0.16318426,-0.32582295,0.20118952,-0.46393833,-0.20179628,-0.25966048,-0.30539215,-0.031688046,0.04262946,0.21128677,-0.2513977,-0.8219665,-0.014368441,-0.25081027,-0.4319986,-0.39484346,0.08800176,0.18764985,-0.59836864,0.18296719,-0.14389975,-0.1328519,-0.47590074,0.17442954,0.15731229,-0.11133463,0.11738928,0.5082825,0.04915598,-0.41576344,0.20391724,-0.06134798,0.35427344,0.25374755,0.13916758,-0.09275793,0.4353308,0.04398295,0.9200159,0.22445692,0.32369223,-0.2324778,0.043211754,-0.3374566,0.22018847,0.41663322,-0.37194824,0.4089816,0.51968104,-0.26456386,-0.5888509,-0.5270256,0.05374083,0.59293246,0.112114914,0.12098527,-0.029970884,-0.20611286,0.112443954,0.10136365,0.087578356,-0.23088287,-0.34124213,0.157942,-0.29300344,-0.2983308,0.14421803,0.12889022,0.06567531,-0.7580975,0.084553346,0.5408981,0.23993045,-0.097833775,-0.2741237,0.12056357,0.5476614,-0.6017943,0.1241181,0.32541457,0.20120266,-0.09684978,-0.17076384,0.12548332,-0.08265138,-0.3526548,-0.2092337,-0.488771,0.44683537,-0.17572957,-0.05010033,0.8509977,-0.15779565,0.48690867,-0.013893026,-0.22063257,-0.15986137,0.123580076,0.02656511,0.43658352,0.6757573,-0.37903196,-0.0049497853,-0.3159375,-0.16145225,0.037887968,0.2838981,0.10150715,-0.2194151,-0.12771197,-0.6457915,0.16792461,0.0448072,0.23865126,0.34568465,-0.021095369,0.01812286,-0.009733029,0.10260527,-0.4450859,-0.3706111,-0.25336438,-0.10903439,-1.3712422,0.3286948,0.22504425,0.25370976,-0.4508556,-0.3348386,-0.025680967,0.054125927,0.10353531,-1.0881099,-0.59259665,-0.1768739,-0.53689265,-0.7105411,0.14867531,-0.18000603,0.01547386,-0.48377472,0.12012328,0.31725785,-0.21980557,-0.531494,-0.38663003,0.50996274,-0.52170664,-0.010847391,-0.28823367,-0.47540593,-0.11766963,-0.38793805,0.3681797,0.2327147,0.051488295,-0.039026987,0.4168291,0.13478754,0.17117348,0.053569738,-0.47109047,0.15743174,0.038099054,-0.12851414,-0.12184048,0.45507976,-0.11268157,-0.5260302,-0.7649419,-0.0661614,-0.3071664,-0.07340237,0.056159843,-0.18049565,0.5931043,-0.16043988,-0.20541252,-0.148196,-0.1289797,-0.15465827,0.1892846,0.7045384,0.42344746,-0.6064761,0.22439402,-0.68474334,0.1254714,0.5484555,-0.0005343914,-0.10716486,0.5890076,-0.29083163,0.07472256,0.2605589,-0.2770899,-0.2867951,0.12017159,-0.15175611,-0.04705982,-0.19519547,-0.23950094,-0.06419166,-0.19788404,0.8700497,0.7549274,0.48033097,-0.483573,-0.5442334,0.26084077,-0.4917694,-0.02166331,0.031774722,0.4481548,0.5588464,-0.38268894,-0.07108345,0.45356923,-0.36477023,0.039622094,0.5975538,0.20090401,-0.19722643,-0.2521727,0.18700384,0.16852018,0.052140273,0.16078399,0.19252376,0.11115142,-0.082892306,0.30738208,0.044301618,0.23042181,0.43466458,0.3653829,0.23022774,0.14032038,-0.20583986,0.08613436,0.70651025,0.39507258,0.1289916,-0.19743966,0.22317055,-0.37555668,0.28410357,0.16401346,-0.18357673,0.15542187,0.12973791,0.623442,0.4392847,0.4287411,0.46872807,-0.58042365,-0.17694534,-0.14164028,0.048769046,0.2657396,-0.020813458,-0.012802279,0.44956,0.066003665,0.294244,-0.04530314,0.44494638,0.03958671,0.13414825,0.054429185,-0.0069540404,0.48520282,-0.6150287,-0.75672823,-0.39415047,0.010807953,-0.14139496,-0.5424585,0.019210022,0.009249116,0.09075748,-0.7438437,-0.3860544,0.12871785,0.013882709,-0.16365065,0.13757296,-0.35772625,0.21069944,-0.5001076,0.31893268,0.25179276,0.4621814,-0.4745623,-0.5157692,-0.13704604,0.09634811,0.05492023,0.08693285,0.8702991,-0.21929626,-0.59396505,-0.16985105,0.20363455,0.06204252,0.33605635,0.08570174,0.30853856,0.277041,-0.5048419,-0.12579602,0.117956065,-0.50838464,-0.91690165,-0.41107067,-0.14892831,-0.344535,-0.122291505,0.4478325,-0.007004088,0.08434435,-0.4324988,0.44676936,0.32980025,0.48639843,0.5510833,-0.26579928,-0.028133716,-0.43773922,0.040331718,-0.49733603,0.53876966,0.012030703,0.2029778,0.02417242,-0.1922624,-0.019133957,-0.2890025,-0.2905358,-0.6065676,-0.48684874,0.09955975,-0.5421893,-0.18704836,-0.20730862,-0.23207296,0.135936,0.028623506,-0.27310893,-0.5380609,0.34321705,0.13833237,0.0,0,0,1,0,0,0,0,0,0,0,0,0,0,0,1,0,0,0,0,0,0,0,0,0.0,0.0,0.0,0.0
0.03313594,0.32318196,0.52837974,-0.6230503,0.46926585,0.010513396,0.63599426,0.32132557,-0.12482146,0.06397463,-0.18255894,-0.19508499,-0.2505596,0.3482768,0.23799486,0.87010854,0.162836,0.2594694,-0.129298,0.1039612,0.46480367,0.28837273,-0.47830653,-0.21110618,0.31225467,0.51104224,-0.049920365,-0.115643136,-0.5083879,0.014038483,0.24827099,-0.05227194,0.056660343,-0.22007608,-0.7079161,-0.48547474,0.17699344,-0.14565305,0.71511894,0.28612065,0.054734167,-0.6721006,0.31805432,-0.09281023,-0.29337487,-0.4221917,-0.06288822,-0.44300464,0.29117444,-0.4130863,-0.9183308,0.30876586,-0.36640397,-0.6159083,0.03677469,0.43485275,0.63763595,-0.5649958,0.056395963,0.0025485242,-0.19163531,-0.5089819,0.3619969,0.3943052,-0.69778734,-0.12675679,0.10557569,0.026565708,-0.7568942,-0.018419854,0.422379,0.4210234,0.7664158,0.13193792,-0.1887693,0.10109763,-0.31245774,0.53640866,0.16556399,-0.023213822,0.026823698,-0.21759273,0.44709802,0.267131,0.68651164,0.22901587,0.29448304,-0.042161223,-0.8316293,0.91648275,-0.2544975,-0.30417004,-0.17336966,-0.07719858,0.37410134,-0.41919482,-0.6361121,-0.30825356,0.21147032,-0.23621929,0.32733145,-0.9939296,0.63996905,-0.086319864,-0.773983,0.121726945,-0.3763918,-0.03795764,0.19069476,0.031209713,0.054777656,-0.018747088,0.40280974,-0.20872979,0.41945103,0.39825404,-0.513468,0.6213603,0.08185809,-0.1085904,-0.4177408,0.25600538,0.6199571,0.11169062,0.106583856,0.35330045,-0.26816246,0.16046292,-0.09046098,0.1195228,0.4850649,0.47529674,0.042812757,-0.028227996,0.16916737,-0.2059496,-0.18012442,0.002925558,-0.29599315,-0.46587956,-0.2517474,-0.24383673,0.47424334,0.2562953,0.5623538,-0.039463975,-0.3776208,-0.064822145,0.16446356,0.26028854,-0.076347426,0.115472086,-0.18912049,-0.25281084,-0.26685464,-0.10697434,-0.34537807,0.016132245,-0.026685998,0.18546396,0.41972375,0.13403875,0.17883392,0.01807963,0.03265484,0.11300967,0.44444585,0.22495992,-0.29449496,-0.12489975,-0.10204526,-0.6401359,0.5731883,-0.122927696,0.35215682,0.13557988,-0.04357796,-0.9057036,0.16887091,0.9002603,-0.44521892,0.047156855,-0.09853658,-0.41537043,0.056975402,-0.29402536,0.7670007,-0.860626,0.568997,0.17411214,-0.35653436,-0.31683296,-0.14804807,-0.26091152,0.5135528,-0.4589228,0.030689247,-0.70534754,0.6801621,0.008949646,0.30052155,0.40239012,0.23831117,-0.4268338,-0.4817394,0.8165541,-0.17357865,0.017167132,-0.89386904,-0.026822513,-0.405677,0.39725155,-0.12427675,0.45573997,-0.0071127485,-0.06937395,0.29203302,-0.1908314,0.2528309,0.14725213,-0.7002885,-0.7245012,0.07539857,-0.008569469,-0.6580015,1.2749205,0.50166094,-0.81402946,0.81564283,-0.091982864,0.089728765,-0.60168576,-0.16812247,-0.11056902,-0.20549153,0.634203,0.1679811,-0.2293966,-0.11990844,0.6853227,-0.63812125,0.5063123,0.21888699,-0.18379277,0.030266648,0.16017073,0.23048355,-0.6212752,0.00285052,0.29814333,-0.4569291,-0.00398272,0.08117775,-0.13043573,-0.12866522,-0.84457237,0.21343873,-0.27076125,-0.29231903,-0.09961473,0.19676094,0.08819066,-0.027447514,-0.3053384,0.41292337,-0.10381284,0.17931408,0.25982887,0.8719461,0.3112154,-0.5758905,0.16420083,0.24969251,0.6893089,-0.13188349,-0.5790156,0.39073002,-0.08385655,0.36061427,-0.41919038,-0.29235047,0.14061187,-0.23202898,-0.21382923,0.02372973,-0.58228475,0.9167718,0.13451,-0.08153519,-0.16549557,0.13634056,0.07758901,0.0149685815,-0.27942076,0.8904561,0.49069393,-0.24291302,0.14836664,-0.3830537,-0.6356958,-0.062588766,0.1678419,-0.22932091,-0.44078046,-0.09131814,-0.018966338,-0.8026458,-0.1744669,-10.327773,0.22916631,-0.2608819,-0.33904427,0.006621405,-0.17479134,-0.2885959,0.44221878,-0.021332229,0.2927232,-0.05458924,-0.066164754,-0.088992804,-0.6126262,0.015420902,-0.44775906,0.85102516,0.42601016,-0.6269922,0.22592531,-0.4399646,-0.3833038,0.70235556,0.008557701,0.9261787,0.06409199,0.09849603,-0.43055087,0.21689776,-0.21561767,-0.0026358261,-0.13462155,-0.020781651,0.9177681,-0.44299388,0.026027016,0.18021148,-0.701527,0.114983775,0.14456233,0.12227076,-0.53475165,-0.7150712,0.29042313,0.72984576,-0.40896115,-0.538427,0.1820702,0.08299467,-0.12917112,-0.26729727,-0.14711568,-0.25580466,-0.49466792,-0.018745493,0.2171187,0.39601403,0.4022811,-0.037086274,-0.11349419,0.99917847,-0.37199983,-0.3997329,0.5763206,-0.0010529598,-0.22192301,-0.71600944,-0.41758472,-0.52908117,-0.019081837,-0.12634516,0.2269786,0.22277847,-1.0401103,-0.022709226,-0.06240216,0.07487483,-0.18204655,-0.20878553,-0.4919429,-0.6854727,-0.4038972,-0.12886076,0.15540408,-0.5260147,-0.14009438,-0.2591048,-0.45813453,-0.27903035,0.6686165,0.053438652,0.2771531,0.31967786,0.30250975,0.072161764,0.10597137,0.705691,-0.8471984,0.21072488,0.35094115,0.15432575,-0.04807134,0.5110508,-0.12149654,-0.79811835,0.19533798,-0.7484533,0.2256423,0.12282194,-0.032730356,-0.22317189,0.017451428,-0.31055275,-0.25624067,-0.5253891,-0.27480632,-0.03834945,0.44988456,-0.050467223,-0.30668658,-0.63799363,0.3826809,-0.5878592,-0.47928017,-0.69412315,0.1995509,-0.044194173,-0.04296585,-0.19392727,-0.1987001,-0.2523053,-0.41872722,0.095341615,-0.5690591,-0.032120876,-0.13726722,-0.017184643,-0.34065333,-0.8333168,0.31398228,0.6162376,0.19901676,-0.020651445,0.7010398,-0.4094862,-0.22665507,0.073553145,-0.12046034,0.038132604,0.44593188,-0.58015525,-0.7432565,0.306979,-0.7259008,0.08309283,0.3312071,0.63679314,-0.52696735,-0.32764122,-0.7272603,0.6040508,-0.09085462,-0.26642665,0.055156242,-0.00652687,-0.28027427,0.192802,0.16078465,-0.122772604,-0.7649032,-0.1164814,0.24823679,0.40861157,0.5478925,0.012388834,0.19048327,0.5275984,-0.30480373,0.14202654,0.38797796,0.677033,0.50333524,-0.14575227,-0.121247746,0.30018267,-0.6977081,-0.17680855,0.55794805,0.5539474,-0.01640222,-0.6099401,-0.07964188,-0.096927464,-0.27291733,-0.13513465,-0.19346954,0.30772084,0.4596814,0.14468041,0.8404135,-0.33303708,-0.1688958,-0.16991317,-0.0061294897,-0.10498753,0.19850722,0.39956817,0.3168772,0.30929118,0.47589892,0.35830978,-0.44682857,-0.50700396,-0.18939611,0.41394475,-0.3241166,-0.091957875,-0.26266107,-0.6760552,-0.22765966,-0.16570336,-0.15195619,-0.5471801,-0.22293916,-0.41343728,0.1343256,-0.14280021,-0.23075035,0.2966764,-0.012081945,-0.17713526,-1.8325374,0.13085994,-0.05076211,0.013509158,-0.102938525,-0.28710988,-0.15751745,-0.11956096,-0.22209172,-0.18579876,-0.56878716,0.2695917,-0.6708462,0.033683266,0.13841358,-0.45214236,-0.40440917,0.08037421,0.21152477,0.24635167,-0.37534332,0.08630316,-0.42880666,0.29995057,-0.29582903,-0.20517139,0.2189487,0.11083291,0.62736577,-0.09546829,0.07056791,0.20667946,0.4632954,-0.1221973,0.22135012,0.30227673,0.33223563,-0.039159585,-0.35907868,-0.5786902,-0.5245702,0.1808663,0.32128167,-0.48717502,-0.37459728,-0.6339975,-0.4830864,0.26029727,-0.086921304,-0.26125896,0.028335445,0.32771742,0.5090711,-0.34251067,-0.03798635,-0.25719082,0.076032326,-0.035324425,0.3521777,0.120427124,0.6377971,-0.60592455,0.054492988,0.14987801,0.52848494,0.3933181,0.16849853,-0.54579085,0.20385076,-0.3994928,-0.028265227,0.38046867,-0.08176432,0.058671962,0.24626194,0.120455325,0.10706821,-0.41880286,-0.20558628,-0.76908964,-0.44896656,0.27713844,0.60217357,0.08289008,-0.08490893,-0.40608084,-0.39086777,-0.11699622,-0.21401711,-0.11285997,0.23185907,1.3560175,0.28864893,0.33425486,0.16675131,0.084657334,0.08433583,-0.1810122,0.3362223,0.21078853,0.026237862,0.46264195,0.28495982,-0.12238304,-0.19730772,-0.28789374,-0.39029953,-0.017738558,0.25944978,0.2536971,0.52511704,0.2121636,-0.14844504,-0.074519046,0.098347664,0.19238842,-0.07919025,0.16634397,0.38418946,-0.08869772,-0.12085121,0.23451562,-0.40440217,0.49078536,0.026755767,0.30843636,-0.16516346,0.3121525,0.5999772,0.14432424,0.52470577,0.3583299,-0.49904567,-0.4999214,-0.10846326,0.21160507,0.33208358,0.11028783,0.19061159,0.1985905,-0.4605285,0.17630428,0.19863133,-0.10807498,0.0018431833,-0.30745098,-0.18118468,-0.25004953,0.3583375,-0.5672812,0.204508,-0.17994337,-0.37091145,0.52574915,-0.8275924,-0.21849482,-0.14427571,-0.30696195,0.08572301,-0.32263234,0.13991581,-0.037658095,-0.26712018,0.34583196,-0.24419174,0.04589519,0.3239188,0.6264317,0.023447268,0.35604677,0.14830099,-0.14386462,-0.2296452,0.14829823,0.05271322,-0.30509475,0.2698889,-0.5444715,-0.20440651,0.4691617,0.37983906,0.015512686,0.435298,-0.01436047,-0.059386488,0.27494067,-0.62669146,-0.6792155,-0.21992725,-0.19186181,-0.5761452,-0.12275177,0.07353592,0.03416586,-0.39986935,-0.40244004,-0.25028116,0.05076247,-0.27745113,0.2592945,0.18247019,0.76236343,-0.13258845,-0.63326937,-0.3394349,0.114137605,-0.44110322,-0.2666102,0.35855162,0.47738782,-0.16156605,0.39596596,-0.012435811,-0.44080356,0.34936738,0.04441204,-0.22078295,-0.6327795,-0.28690425,-0.52405006,0.0054147565,-0.44267887,-0.3631653,0.0048271758,-0.0012918134,-0.2542851,-0.7187403,-0.14875908,0.42728764,0.0,0,0,0,0,0,0,0,0,0,0,0,8,1,0,2,0,0,0,0,0,0,0,0,0.0,0.0,0.0,0.0
-0.41840652,-0.0057356036,0.4845845,0.31271493,0.37958142,-0.09410182,-0.25268018,0.348297,0.37387943,0.06333815,0.044787522,0.07211122,-0.016422048,0.3853049,-0.24364258,0.38686702,0.07967612,-0.2023305,-0.09831214,0.063048385,-0.2086619,-0.6405029,-0.022811882,-0.043044448,0.29632595,0.3977698,0.07479215,-0.4426456,-0.49288356,0.4291415,0.46206024,0.2825733,-0.15104684,-0.49367607,0.5503334,-0.37803528,-0.3265919,-0.14964595,0.0001711619,0.062465526,-0.49314946,-0.18057846,0.1631206,-0.015702639,-0.19960813,0.4202345,0.22061369,-0.53974694,0.09948302,-0.25702184,-0.51187605,-0.3174385,-0.7138312,-0.315293,0.15831175,0.72413546,0.3320889,-0.6602596,-0.4798829,0.052729554,0.24207667,-0.60359055,-0.026450584,-0.013862187,0.11495232,-0.17007568,-0.22291954,0.24651064,-0.7310354,0.22272131,-0.075093396,0.14249118,-0.014134816,0.21506451,0.11376275,0.02609883,-0.25360206,0.6017153,0.09697733,0.11320257,-0.25014487,0.22958314,0.62371045,0.08610162,0.17023256,0.3819293,-0.26811323,0.017985245,0.15236808,0.81888425,0.34446937,-0.17439027,-0.037110545,0.03255208,0.21772124,-0.4727413,-0.34208253,-0.25523484,0.08580603,0.019608695,0.20101035,-0.30922797,0.109031886,-0.39158258,0.14982098,-0.050740667,-0.23012824,0.2814362,-0.5452436,0.02673285,-0.06707409,0.37633866,0.26789877,-0.33054498,-0.13784608,-0.18038669,-0.34822303,-0.13247634,0.48541093,0.2608511,0.034948397,-0.01788056,-0.11739199,-0.07711718,0.50493294,0.45312682,0.2884988,0.24951245,0.31499553,0.3346081,0.06066082,-0.053925365,0.0056412993,-0.62557584,-0.1597927,0.61745894,-0.589544,-0.23870781,-0.13211161,-0.025534594,-0.5143636,0.0683497,0.0032732445,0.12635307,0.42731708,0.553052,-0.068445,0.032053486,-0.42900756,0.701256,-0.7098898,-0.31052166,-0.12836158,0.17606254,-0.39912933,-0.30203447,-0.052744374,0.2640409,0.14019123,-0.049772147,0.15801218,0.16787452,-0.45849168,0.10621467,0.07805359,0.21253966,-0.14499034,0.49882245,-0.40296268,-0.48062953,-0.31149948,-0.4075967,-0.122691765,-0.42598927,0.39503175,-0.2704047,-0.17532043,-0.19029497,0.51354575,0.44960046,-0.58132,-0.2316227,0.39477825,0.006006745,-0.2062481,-0.5144726,0.30943212,-0.28643018,0.10622366,0.25928596,-0.20882142,0.2855767,0.24151905,-0.35305637,-0.0989228,-0.18817137,0.23940556,-0.41847593,-0.37700403,-0.09898843,0.46747863,0.7456066,0.20473242,-0.239632,-0.04061459,0.0002690792,-0.19951038,-0.056850042,-0.018368376,-0.008367362,-0.27796438,-0.10151689,0.30679923,0.058318995,0.26121557,-0.30213818,0.48822924,-0.100463666,0.7207565,-0.21100049,-0.09673448,-0.37811008,0.1078199,0.33471555,-0.3152028,1.2941512,-0.12582971,-0.12286499,0.52585506,0.34602624,-0.4774681,-0.295483,0.18131708,-0.12702467,0.4396035,0.29854235,-0.42964622,-0.1361578,0.06929851,-0.06285384,-0.20793526,0.3630894,0.7448507,0.016314428,0.09217923,-0.033154808,-0.42002273,-0.13566642,-0.34154198,0.01818237,-0.00940028,-0.06035987,-0.49714962,-0.5287067,-0.35414234,-0.3154641,-0.047086354,-0.26823074,-0.39878216,-0.44453698,0.08472808,-0.3673327,0.41023427,0.09042331,0.034791518,-0.49310124,0.2425289,0.22608536,0.1957197,0.14921874,-0.025343766,0.14063357,-0.39418346,0.3483012,0.19096327,-0.12148157,0.18535994,-0.033761907,-0.18366855,-0.22790514,0.16401964,0.2358024,0.21201077,0.21716665,-0.5145605,0.120457865,0.14951044,0.24866354,0.059463926,-0.49781978,-0.51762164,-0.005536761,-0.17764501,0.14862233,0.68755615,0.27585354,-0.35945672,-0.098509654,-0.51397693,-0.42073265,-0.29731512,-0.19107258,0.42136353,-0.08142116,-0.17882547,0.15053314,-0.21196976,-0.48711547,-8.04416,-0.414151,-0.81599706,-0.01745121,0.45391122,0.039727286,0.11649594,0.16813754,-0.0041431333,0.19710894,0.17780727,-0.36777896,0.5179286,-0.3778971,0.42427796,0.085039675,0.27116206,-0.015903719,0.03200893,-0.17409848,-0.1786519,-0.5346019,0.1805317,-0.1486785,0.5648765,0.045952156,-0.07906307,-0.0027227611,0.025331268,-0.14049181,0.08479347,-0.42341122,0.028773248,0.89098406,-0.04329344,-0.8607414,-0.301343,-0.48618984,0.02757102,-0.14324899,0.11241919,-0.09608709,-0.11528876,0.41722038,0.590009,-0.09243248,0.49923187,0.10116125,0.032624945,0.36102557,-0.17707694,-0.22254398,-0.2290808,-0.39776802,-0.022566652,-0.039244577,-0.0049237097,0.9241921,-0.3419365,-0.12356363,0.31093183,-0.124627,-0.059970666,0.0568006,-0.74888825,0.40907043,-0.97217345,-0.48012102,0.02917637,-0.27001867,-0.47559944,0.08759412,0.42378035,-0.7894371,-0.12733209,-0.29190955,0.46852168,0.7097246,-0.15392165,-0.3282645,-0.26902565,-0.8862339,-0.06474144,-0.10038509,-0.43016988,-0.03697442,-0.14616464,-0.5030483,-0.035907563,-0.25194204,0.18866225,-0.13452278,0.19308883,-0.20233667,-0.4575816,-0.5544234,0.31997803,-0.27194345,-0.04358939,0.0055906232,0.35800803,0.30956942,0.3430236,-0.2620565,-0.45865703,0.04419723,-0.43507224,-0.0019403099,0.16318426,-0.32582295,0.20118952,-0.46393833,-0.20179628,-0.25966048,-0.30539215,-0.031688046,0.04262946,0.21128677,-0.2513977,-0.8219665,-0.014368441,-0.25081027,-0.4319986,-0.39484346,0.08800176,0.18764985,-0.59836864,0.18296719,-0.14389975,-0.1328519,-0.47590074,0.17442954,0.15731229,-0.11133463,0.11738928,0.5082825,0.04915598,-0.41576344,0.20391724,-0.06134798,0.35427344,0.25374755,0.13916758,-0.09275793,0.4353308,0.04398295,0.9200159,0.22445692,0.32369223,-0.2324778,0.043211754,-0.3374566,0.22018847,0.41663322,-0.37194824,0.4089816,0.51968104,-0.26456386,-0.5888509,-0.5270256,0.05374083,0.59293246,0.112114914,0.12098527,-0.029970884,-0.20611286,0.112443954,0.10136365,0.087578356,-0.23088287,-0.34124213,0.157942,-0.29300344,-0.2983308,0.14421803,0.12889022,0.06567531,-0.7580975,0.084553346,0.5408981,0.23993045,-0.097833775,-0.2741237,0.12056357,0.5476614,-0.6017943,0.1241181,0.32541457,0.20120266,-0.09684978,-0.17076384,0.12548332,-0.08265138,-0.3526548,-0.2092337,-0.488771,0.44683537,-0.17572957,-0.05010033,0.8509977,-0.15779565,0.48690867,-0.013893026,-0.22063257,-0.15986137,0.123580076,0.02656511,0.43658352,0.6757573,-0.37903196,-0.0049497853,-0.3159375,-0.16145225,0.037887968,0.2838981,0.10150715,-0.2194151,-0.12771197,-0.6457915,0.16792461,0.0448072,0.23865126,0.34568465,-0.021095369,0.01812286,-0.009733029,0.10260527,-0.4450859,-0.3706111,-0.25336438,-0.10903439,-1.3712422,0.3286948,0.22504425,0.25370976,-0.4508556,-0.3348386,-0.025680967,0.054125927,0.10353531,-1.0881099,-0.59259665,-0.1768739,-0.53689265,-0.7105411,0.14867531,-0.18000603,0.01547386,-0.48377472,0.12012328,0.31725785,-0.21980557,-0.531494,-0.38663003,0.50996274,-0.52170664,-0.010847391,-0.28823367,-0.47540593,-0.11766963,-0.38793805,0.3681797,0.2327147,0.051488295,-0.039026987,0.4168291,0.13478754,0.17117348,0.053569738,-0.47109047,0.15743174,0.038099054,-0.12851414,-0.12184048,0.45507976,-0.11268157,-0.5260302,-0.7649419,-0.0661614,-0.3071664,-0.07340237,0.056159843,-0.18049565,0.5931043,-0.16043988,-0.20541252,-0.148196,-0.1289797,-0.15465827,0.1892846,0.7045384,0.42344746,-0.6064761,0.22439402,-0.68474334,0.1254714,0.5484555,-0.0005343914,-0.10716486,0.5890076,-0.29083163,0.07472256,0.2605589,-0.2770899,-0.2867951,0.12017159,-0.15175611,-0.04705982,-0.19519547,-0.23950094,-0.06419166,-0.19788404,0.8700497,0.7549274,0.48033097,-0.483573,-0.5442334,0.26084077,-0.4917694,-0.02166331,0.031774722,0.4481548,0.5588464,-0.38268894,-0.07108345,0.45356923,-0.36477023,0.039622094,0.5975538,0.20090401,-0.19722643,-0.2521727,0.18700384,0.16852018,0.052140273,0.16078399,0.19252376,0.11115142,-0.082892306,0.30738208,0.044301618,0.23042181,0.43466458,0.3653829,0.23022774,0.14032038,-0.20583986,0.08613436,0.70651025,0.39507258,0.1289916,-0.19743966,0.22317055,-0.37555668,0.28410357,0.16401346,-0.18357673,0.15542187,0.12973791,0.623442,0.4392847,0.4287411,0.46872807,-0.58042365,-0.17694534,-0.14164028,0.048769046,0.2657396,-0.020813458,-0.012802279,0.44956,0.066003665,0.294244,-0.04530314,0.44494638,0.03958671,0.13414825,0.054429185,-0.0069540404,0.48520282,-0.6150287,-0.75672823,-0.39415047,0.010807953,-0.14139496,-0.5424585,0.019210022,0.009249116,0.09075748,-0.7438437,-0.3860544,0.12871785,0.013882709,-0.16365065,0.13757296,-0.35772625,0.21069944,-0.5001076,0.31893268,0.25179276,0.4621814,-0.4745623,-0.5157692,-0.13704604,0.09634811,0.05492023,0.08693285,0.8702991,-0.21929626,-0.59396505,-0.16985105,0.20363455,0.06204252,0.33605635,0.08570174,0.30853856,0.277041,-0.5048419,-0.12579602,0.117956065,-0.50838464,-0.91690165,-0.41107067,-0.14892831,-0.344535,-0.122291505,0.4478325,-0.007004088,0.08434435,-0.4324988,0.44676936,0.32980025,0.48639843,0.5510833,-0.26579928,-0.028133716,-0.43773922,0.040331718,-0.49733603,0.53876966,0.012030703,0.2029778,0.02417242,-0.1922624,-0.019133957,-0.2890025,-0.2905358,-0.6065676,-0.48684874,0.09955975,-0.5421893,-0.18704836,-0.20730862,-0.23207296,0.135936,0.028623506,-0.27310893,-0.5380609,0.34321705,0.13833237,0.0,0,0,0,0,0,0,0,0,0,0,0,2,0,0,1,0,0,0,0,0,0,0,0,0.0,0.0,0.0,0.0
0.4196427,0.14000244,0.43679696,0.06155084,0.10431302,-0.19908051,0.0077626007,0.64692324,-0.5103594,-0.14747918,0.047891058,-0.19121772,-0.044971958,0.22195049,-0.12513006,0.5067081,-0.04913291,0.035326988,0.009075818,0.13469885,0.4419423,0.33671257,-0.45013225,-0.06686976,0.06206806,-0.027688067,0.04210254,-0.35122862,-0.43446505,0.017358575,0.48071,-0.19016877,-0.16268313,0.12643465,-0.18697721,-0.039548017,0.030559313,0.022464428,0.47546288,0.40292588,0.20769808,-0.3216339,0.08391128,-0.13823712,-0.24286972,-0.109880134,0.18192509,-0.31950495,0.45521367,-0.75582933,-0.23470646,0.28274098,-0.14235887,-0.61262894,0.13315324,0.48600358,0.3359605,-0.42135638,-0.11891078,-0.36985543,-0.3566064,-0.37332863,-0.005111316,-0.24939774,-0.20026064,-0.21957828,-0.015957003,0.13544291,-0.81154203,-0.06648311,0.1909688,-0.1517983,0.7530916,0.04697819,-0.16856028,0.12722069,-0.24390441,0.5241032,0.037801217,-0.49010926,-0.028853646,0.18288769,0.33805075,0.27327573,0.34392223,-0.04603989,0.4152332,-0.055902254,-0.5403994,0.7992859,-0.55236906,0.023880862,-0.32066095,0.023605961,0.23278296,-0.40662572,-0.01233045,-0.1374755,-0.5657578,-0.27579862,0.38753498,-0.5808637,0.49657023,0.042795874,0.08148225,0.08171716,-0.20307754,-0.10547917,0.14666438,0.08160148,0.28048137,0.07788196,0.0065971054,-0.3354984,-0.053554438,0.08058847,-0.2595904,0.331095,-0.09089074,-0.1336442,-0.19865002,0.24531148,0.053798474,-0.04764781,0.20474745,-0.11853665,-0.11527558,-0.13888241,-0.25852263,0.16193144,0.6080221,0.42700973,0.10382178,-0.3601787,0.01629601,0.054237433,0.22353059,-0.015895994,0.070620805,-0.16039781,0.019231023,-0.101202376,0.4090804,-0.03225656,0.31613252,-0.0004932347,-0.10165573,-0.088840246,-0.22539525,0.14311928,-0.08974705,-0.037660528,-0.07326149,-0.15112849,0.080160044,-0.18545626,-0.05303761,0.21372597,0.167753,0.5459433,0.2322471,-0.26650083,0.18041216,0.114068516,0.13672967,0.061961822,0.12079453,0.21697673,-0.04003734,-0.3194226,0.30232155,-0.5107611,0.47414184,-0.00616716,0.8330252,-0.035639443,0.30702138,-0.35319555,-0.06096591,0.7274671,-0.53232986,-0.19229308,0.21876445,-0.2129273,0.26901194,-0.42341244,0.4942653,-0.6118344,0.633542,-0.21685278,-0.13043262,-0.14419818,0.17993803,-0.3035061,0.27536076,-0.16296178,-0.1527253,-0.37552014,0.35723373,-0.0060551376,0.078148514,0.13098218,0.04933284,-0.25625038,0.0076135052,0.69990534,-0.120995805,0.20271167,-0.59652305,0.08028984,-0.10868678,0.7046806,-0.5097021,-0.13653019,-0.30879602,-0.30736762,0.38583168,-0.08330389,-0.047305852,0.36981097,-0.41097507,-0.27885392,-0.15194325,0.33727288,-0.13556556,0.8846311,-0.01674139,-0.51135975,0.47004363,0.1193084,0.13132328,-0.32159537,0.1679441,-0.28207788,0.31670517,0.22262573,-0.103380546,-0.3655853,-0.13683754,0.52817905,-0.2615361,0.13928562,0.26780963,0.11556904,-0.2468063,0.3559469,-0.13616574,-0.73787004,-0.019054877,-0.093410835,-0.2760204,-0.077075645,0.13242474,-0.034582246,0.013734983,-0.10280286,-0.057681438,-0.29028302,-0.12960988,-0.064576425,0.40637767,-0.2964978,0.19322577,-0.30832005,0.11568764,-0.10591217,-0.24195336,0.18914263,0.32620227,0.4696867,-0.32166275,0.15608825,0.13439044,0.60197586,-0.18641025,-0.6280685,0.23034485,0.013788443,-0.16033615,-0.39168125,0.043101672,0.56180984,-0.47790217,0.076390594,-0.32953027,-0.4825027,0.8628693,-0.10877312,-0.14019863,-0.12681885,-0.18679552,-0.49321115,-0.13978504,-0.1482967,0.67027956,0.09171213,0.06349525,0.03965411,-0.5551203,-0.054991975,-0.13208458,-0.16406888,0.08154104,0.07628113,-0.1490629,-0.09577643,-0.49030858,0.14320035,-9.308291,-0.21077073,-0.26016322,-0.1991257,0.2845536,0.085791215,-0.06368188,-0.094261624,-0.5070282,0.025372593,0.062997095,-0.1328801,0.25385413,-0.14865181,-0.06864273,-0.56172025,0.50896937,-0.09565291,-0.2868703,0.5967487,-0.18286908,-0.19732718,0.6099019,0.20834717,0.66101134,0.08625697,-0.13918017,-0.037056223,0.21480097,0.13028985,-0.32187057,0.1731485,0.017707873,0.7006853,-0.42052394,0.16159086,0.010312085,-0.42498997,-0.24814302,-0.1109678,-0.07658762,-0.40106106,-0.4772892,0.20710163,0.7301856,-0.3236294,-0.5469194,-0.05976914,-0.1855031,-0.03429801,-0.09375198,0.16782057,0.051855057,-0.4534195,-0.107213974,0.20462205,-0.10433718,0.7991719,-0.24871862,-0.39738345,0.67746425,-0.0850523,-0.5676163,0.4090122,-0.14186339,-0.31251943,-0.4703715,-0.16877335,-0.23040967,-0.048750453,-0.054350156,0.6199592,0.067646,-1.1041956,0.23051031,-0.15389897,-0.013807355,-0.0014939042,0.1357381,0.064998195,-0.59535944,-0.49643844,0.03296195,0.16936393,-0.5824125,-0.2945105,-0.02836519,0.1584778,-0.6128402,0.3030022,-0.03202101,0.11573437,0.21025221,0.11211299,0.28286973,-0.08618808,0.5858314,-0.07219102,-0.29887038,0.11105002,0.011072989,0.1995548,0.355892,0.009265729,-0.5230666,-0.0820575,-0.44867188,0.31459674,0.062329996,0.06734068,-0.22291401,-0.20369549,0.0033388434,0.0667167,0.15380003,-0.33970794,0.10302912,0.27048662,-0.38445416,-0.52545524,-0.0031256964,0.1622904,-0.46439788,-0.4017578,-0.30970243,-0.0972863,0.2059139,0.14680211,-0.07549777,-0.0809337,0.09638377,0.022153618,0.117408626,-0.18314938,-0.20440939,-0.15370929,-0.059907917,-0.21664959,-0.781255,0.3692086,0.44389176,0.28873447,0.2904485,0.20009866,-0.2553191,0.076755874,0.077236384,0.3131828,-0.3008777,0.30943918,-0.31238648,-0.5959758,0.21766871,-0.288676,-0.0026646892,0.34534776,0.763146,-0.2180751,0.06490595,-0.6894578,0.11327174,0.038275227,-0.17087248,0.28125373,0.034623533,-0.08627615,-0.12559187,-0.06179575,-0.013299623,-0.3794626,-0.14295667,0.37354624,0.22873332,0.033301882,0.17043075,0.10950217,0.4898251,-0.51498526,0.11204956,0.2839031,0.124361955,-0.21051702,0.05037355,-0.19316727,0.08243044,-0.31568572,-0.1660031,0.31812346,0.12267358,0.09548334,-0.4534166,0.014124343,0.2497889,0.0040154303,-0.44227695,-0.15112513,0.44774473,-0.11195347,0.0961121,0.13286014,-0.20895904,-0.2961534,-0.20283318,0.0007563306,-0.31080878,0.11087778,-0.23097794,0.38192257,0.54801524,0.4657301,0.09778506,-0.24074195,-0.59507036,-0.17806913,0.4106374,-0.6765542,-0.09088035,-0.45553166,-0.8546734,0.12864046,0.08295637,-0.21391527,-0.2354102,-0.11290277,-0.4047203,-0.07966424,-0.5919727,-0.110532194,-0.009905979,-0.5406958,-0.042609386,-1.7594303,0.31869525,0.19372982,-0.03287973,-0.020010384,0.059409298,0.3098649,-0.22839329,-0.25147876,-0.36965603,-0.35955417,0.100574024,-0.27388945,0.008416481,0.40764728,-0.25492492,0.16765524,-0.28124434,-0.038402926,0.43880072,-0.12480899,-0.23400679,-0.0717535,0.3307074,-0.60230637,-0.5425353,0.08547701,-0.06091315,0.3873882,-0.4400157,-0.31932962,-0.034219466,0.03256163,-0.14920692,0.15144986,0.2760215,0.047265746,-0.40607765,-0.7289141,-0.44246006,-0.15061878,-0.22707617,-0.15511484,-0.10599587,-0.14466058,-0.520952,-0.5015705,0.48909244,-0.038143273,-0.19993354,0.08420496,0.16405499,0.09257,0.26814044,-0.38152683,-0.4766968,0.17126215,0.10146428,-0.21492893,0.104555264,0.44516128,-0.5616556,0.15604877,-0.034075554,0.29269817,0.3644511,0.1846842,-0.2847202,0.08093956,-0.07504291,-0.35349542,0.17097959,0.15186314,-0.046234332,-0.019990122,-0.045265183,0.15456457,0.035325803,0.042193424,-0.46647125,-0.11383493,0.49495038,0.14756769,0.29735494,-0.020877106,-0.2935065,-0.32586414,-0.23002623,-0.059304528,-0.13668306,0.12955993,0.52524704,-0.14809544,0.21260144,-0.062480863,-0.017470187,0.067372754,0.12746455,0.32447177,-0.20359989,0.474419,0.1464734,0.14594254,-0.098719396,-0.38093716,-0.0019911446,-0.7036159,0.07654033,0.56140935,0.20487806,0.2594077,0.0015912891,0.24916533,0.06229652,-0.48620984,-0.315865,0.41615,0.32826367,0.5134266,0.03616564,-0.31400207,0.16037285,-0.25636303,0.6385484,-0.473334,0.19066754,0.27369213,0.35600865,0.4017365,0.14986825,0.4100195,0.2517749,-0.21040176,0.28619504,0.10456936,0.09535921,0.45046246,0.01181643,0.1797531,0.0015325274,-0.4265259,0.319315,0.04119853,0.0072548566,0.08180992,-0.13881582,-0.20674078,-0.023982596,0.09211193,-0.38363856,0.39178056,-0.30390874,-0.2663581,0.027986592,-0.41078088,0.06616707,-0.3567073,-0.20666306,-0.12258986,-0.40263078,-0.01696356,-0.30918425,0.12411466,0.1599109,-0.32481384,-0.0061657,0.35100764,0.5698819,0.07467461,0.2554748,0.36391166,-0.07560276,0.16066581,0.26149434,-0.27952835,-0.29331693,0.15489392,-0.18563263,-0.3784381,0.3416957,0.45836794,-0.08813231,0.44114438,-0.29252744,-0.1724668,0.60435367,-0.2736106,-0.10071329,-0.29963812,-0.3084458,-0.38375366,-0.34333065,0.13813499,0.3158212,-0.6273529,-0.06819946,-0.3367281,-0.00054033054,-0.37511387,-0.13769956,0.10641397,0.15798634,-0.15251298,-0.5228976,-0.3239538,-0.17532265,-0.41806266,-0.09541609,0.044469494,0.3615995,0.09542849,0.2914443,-0.18257555,0.2637077,0.34934577,-0.014441731,-0.044568125,-0.4153866,0.106985465,-0.285511,0.14977342,-0.35844818,-0.3263508,0.006726972,0.050126094,-0.18936305,-0.18605833,0.0955754,0.0980852,0.0,0,0,1,0,0,0,0,0,0,0,0,0,0,0,0,0,0,0,0,0,0,0,0,0.0,0.0,0.0,0.0
0.10090243,-0.4151407,0.66472036,0.11654891,0.53221995,-0.0519174,0.2627405,0.5068274,-0.44504967,-0.47883758,-0.4748505,0.12971325,0.04899132,0.22711352,0.19125718,0.34510738,-0.4178197,0.5357541,0.12506142,0.5349303,0.48890457,0.1565682,-0.3698767,-0.08131922,0.61906266,0.06601912,0.15824695,-0.3602684,-0.9381731,-0.32312697,0.051472828,0.07358133,0.5126648,-0.259608,-0.46032602,-0.7007857,-0.17262903,-0.22306655,0.4138622,0.6001921,-0.23122612,-0.2849212,0.49319988,-0.21883108,0.16245343,0.33750394,-0.09059039,-0.3880225,-0.020618124,-0.12163953,-0.85199773,-0.033710487,0.22214045,-0.08486584,0.3931746,0.05215847,0.5164451,-0.6282712,-0.34265658,0.29340345,-0.19293232,0.16915755,-0.005616246,-0.0051180627,0.15884614,-0.10499919,0.18533434,0.528407,-1.1554681,0.3638086,0.44156188,0.44091788,-0.014956815,0.19234945,0.16867727,0.35490155,-0.41580945,0.7115963,0.21090378,-0.20436275,0.07889875,0.28672937,0.95463544,-0.056724355,0.19462927,0.22013924,0.11076908,0.16900805,-0.66028327,0.6893951,-0.17580794,0.19639617,-0.07378147,-0.07251679,1.2588117,-0.3888464,-0.6967593,-0.3932852,-0.15642512,0.14225917,0.3168518,-0.34843877,-0.030115284,-0.31658563,-0.21510337,0.06781991,-0.81421953,0.03201417,0.32099524,0.49101388,-0.244522,0.6328508,0.41042367,-0.8065574,-0.14499089,0.043801025,-0.26362374,0.46236026,0.38448617,0.009976799,0.15200937,0.6488138,0.31438458,0.41606387,0.6240366,0.3478708,-0.037872422,-0.24898207,0.5303319,0.3808338,0.7771742,0.54044104,0.21004412,-0.26128873,0.23489882,-0.21264772,0.061265368,-0.052032042,-0.053525135,-0.2839161,-0.24007936,-0.061871506,0.37221715,0.121562764,0.53496134,0.14614211,-0.18058214,-0.3845613,-0.3659203,0.26591802,-0.20855501,-0.18258081,-0.39473778,-0.006145797,0.002309957,-0.02203559,-0.10418354,-0.04226799,0.079123236,0.11773861,0.24117649,0.39266312,-0.23733222,0.13990954,0.057047624,0.100413434,-0.015123303,0.3342826,0.13376026,-0.043903977,-0.035721444,-0.5339709,0.10566688,0.050745696,-0.024567556,0.30710518,0.12722623,-0.4091301,0.14436378,0.8030148,-0.68580705,0.0215642,0.15455957,-0.68254125,-0.2594295,-0.11165087,0.7495754,-0.8406318,0.5135303,0.40600845,-0.6236657,-0.3173169,-0.042521477,-0.2519882,0.780514,-0.3824011,-0.56314135,-0.1695368,0.68073213,0.064489864,0.70863456,0.004014352,-0.008909338,-0.37433994,-0.8294832,0.11173174,-0.08964628,-0.53738433,-0.597783,0.25867617,-0.35407463,0.342123,0.0058319587,0.37716582,0.21722814,-0.0024915463,-0.12228697,-0.7628735,-0.11553792,0.47267342,0.00851883,-0.5353627,-0.123395644,-0.049564928,-0.048970398,1.1484452,0.11929798,-0.4191786,0.89795333,0.19295196,-0.25043422,0.19975065,-0.024476105,0.049126092,0.38052472,0.3681687,-0.18441924,-0.52584195,0.03658106,0.06759326,-0.3522096,0.3573098,0.38001105,-0.17694205,-0.07543008,0.2241397,-0.14557242,-0.41157618,0.048896495,-0.38072002,-0.113937356,0.1380452,-0.6340503,-0.46841136,-0.11142689,-0.20782438,-0.0453416,-0.43184578,-0.61922216,0.61435884,0.25818187,0.23131403,0.12467009,-0.046961326,0.13641526,-0.6812203,0.3399117,0.28135324,0.6203173,0.43933758,-0.18116154,-0.66361266,-0.2926279,0.51238084,-0.12937346,-0.23964448,-0.04367968,0.21141197,0.15271598,-0.32535768,-0.15617985,0.3442357,0.42480683,0.012430941,-0.15899503,-0.19714677,0.62884855,-0.2586497,-0.7305352,0.11843297,-0.6363223,0.36639148,-0.43222895,-0.06631896,1.2278115,0.57696974,0.1296114,0.4613833,-0.22090791,-0.23819108,-0.08806584,-0.30978712,-0.046221253,-0.5923839,0.1696747,0.25182188,-0.7001402,-0.7526374,-6.2350426,-0.19045952,-0.40766394,-0.3426585,-0.39131823,-0.471647,0.32399976,0.008736473,0.10369969,-0.15699112,-0.2412151,0.11426235,0.19767599,-0.43727967,-0.25392947,0.43213928,0.6981225,0.2677067,-0.22164963,0.015335309,-0.3817246,-0.4129903,0.305202,-0.035164326,0.52319485,-0.060170617,-0.09818156,0.011913892,-0.24184759,-0.3229764,-0.096733294,0.018998276,-0.0659728,0.64102197,-0.31609893,-0.46985695,0.051920425,-0.48550278,0.39451677,-0.51629615,0.27888635,-0.23574576,-0.08678282,-0.101324454,0.86739814,-0.8763476,-0.04415987,0.38750336,-0.078926,0.36073816,-0.20501444,-0.5650983,0.038391527,-0.39657813,-0.34104934,-0.045203783,0.3801757,0.78462166,-0.43989354,-0.18485494,0.4324894,-0.35743526,-0.28736883,-0.20154585,-0.5267219,-0.308589,-0.85409623,-0.60558337,-0.45905876,-0.2718897,-0.54670584,0.472463,0.17928655,-0.9786203,-0.060005046,-0.3383684,0.0316636,-0.01204399,-0.8058711,-0.3660112,-0.5577273,-0.29886073,-0.065451816,-0.010748407,-0.57370913,-0.2269777,-0.30062264,-0.9909957,-0.5142427,0.31302267,-0.28550637,0.1517974,0.13812551,0.19872421,0.076990135,0.090123594,0.81760156,-0.573213,0.05022355,0.070301436,0.39925933,0.07719028,0.6322118,-0.30490163,-0.5340155,0.033333197,-0.5804456,0.025139993,-0.0015866606,-0.09753087,-0.1786088,0.0194215,-0.48427495,-0.18604502,-0.6096635,0.011775699,0.024391737,0.17316043,0.44164908,-0.74032944,-0.66442317,0.14418076,-0.14602758,-0.46382105,0.5043648,0.20469269,0.000700102,-0.15717164,-0.045309328,-0.22379692,-0.17054236,-0.26434895,0.12876242,0.044168044,0.006021119,-0.6468421,-0.03696974,-0.2426408,0.2088753,0.15486938,-0.1495372,0.39407048,0.29609296,-0.1699408,0.365387,0.02830928,0.16160843,0.24172851,-0.052236266,0.08844696,-0.65660775,-1.0081023,0.119561434,-0.17534871,-0.09969632,-0.11909256,0.18389054,0.088581085,-0.1087409,-0.5618347,0.09914385,-0.14566354,-0.29628572,0.35210437,-0.095699556,0.18936916,0.38908276,-0.029127197,0.21980481,-0.69578665,-0.2637673,0.45747003,0.13317923,0.1297775,0.32075715,0.29929513,0.25474423,-0.24681573,0.13455579,0.6783412,-0.12621908,0.031993765,0.009713877,-0.25393865,0.3596474,-0.035696298,-0.12628469,0.4554502,0.7925721,0.4797549,-0.7435156,0.79964674,0.107805125,-0.59283483,0.2634474,-0.7011664,0.43514717,-0.030547375,0.056736145,0.26962823,-0.5278786,-0.21275453,-0.8870605,0.43483996,-0.2132982,0.19274682,0.4757376,0.29472417,0.3038755,0.12908815,-0.10947266,-0.43918887,-0.27128273,-0.6382539,0.13164999,0.08963093,-0.27929175,-0.12723881,-0.37702835,-0.034571856,-0.0861348,0.24061543,0.36052552,0.27909276,-0.10647753,0.39930466,0.5764395,-0.2698281,0.023897292,0.038985536,0.10344371,-1.3000113,0.07929977,-0.23098388,-0.1283122,-0.10319385,-0.91283256,-0.26201648,-0.15448086,-0.622849,-0.3704413,-0.6783319,-0.39518204,-0.826467,-0.3686692,-0.2633973,-0.45383275,-0.0994371,-0.41081274,0.2594469,0.20179497,-0.3993493,-0.060905132,-0.47424197,0.5764505,-0.36493436,-0.2186458,-0.31878576,-0.19791132,0.4707415,-0.013951863,0.5824469,0.17127807,0.43784627,0.27910957,0.2719748,0.035723466,-0.23053685,0.15322497,-0.6241529,-0.2424726,0.20385402,-0.18319696,0.61963046,-0.069275424,-0.52856755,-0.062451936,-0.12078148,0.203507,-0.003506653,-0.506922,-0.03423824,0.48689708,0.2900562,0.58728194,-0.28279248,-0.28116128,0.2171031,0.35347253,-0.19351006,0.09733109,0.326577,-0.34334233,0.0014204559,-0.14365326,0.7044884,0.57694125,-0.14001347,0.44766903,-0.007160576,-0.2596942,0.22113119,0.56841314,0.111955926,-0.27655768,0.34730992,0.25445646,-0.2856033,-0.2167394,-0.3856031,-0.21902168,-0.33665696,0.66347235,1.0121891,-0.037336543,-0.071430184,-0.7552495,-0.11257447,-0.40566444,0.022802839,-0.10133247,0.25155476,0.607006,-0.01963228,-0.20717326,0.016450819,0.05610476,-0.23246738,0.3874765,-0.07534092,-0.2823764,0.029860575,-0.017295357,0.25776613,0.46376854,-0.4143155,-0.20432007,-0.030081859,-0.29601192,-0.26204622,0.21517387,0.44754562,-0.37917876,0.34338474,-0.008765841,0.36216038,-0.33001578,0.13637616,0.22530575,0.25721824,0.3070804,0.16460508,-0.33201045,0.31186917,0.1794083,-0.17130525,0.5878967,-0.135572,0.26436538,0.5222903,0.41544548,0.15431152,-0.043664742,-0.65218306,0.01182385,0.15831852,0.32603306,-0.28899822,0.18359041,0.30930877,0.2774395,0.2432391,-0.15403038,-0.2773136,-0.31382298,-0.21639699,0.18984486,-0.097336836,-0.6206606,-0.016633205,-0.3907711,-0.3043993,-0.5871878,-0.031052819,0.3074803,-0.59937155,-0.26443213,-0.12676974,-0.026648063,-0.38184795,-0.24450181,0.3366184,0.28223372,-0.31473857,-0.029026859,-0.3089683,0.019094858,0.3353513,0.6179723,-0.13527209,0.18089716,-0.3846822,-0.16137008,-0.22212034,-0.030092707,-0.09431281,-0.07664423,-0.16072096,-0.6857554,0.05841075,0.11898831,0.34556583,0.013998222,0.2379343,-0.11203501,0.36360368,0.56390953,-0.0022360333,-0.45784554,-0.11699778,-0.04489929,-0.21153438,0.19591515,0.27557954,0.16598004,-0.903749,-0.61073923,0.09715955,0.115095116,0.122998945,-0.42785987,0.36054596,0.37050307,0.278386,-0.69304925,-0.43609166,0.05759082,0.5888765,0.09772705,0.18966614,-0.83265823,0.023595503,0.28102687,-0.11027546,-0.37803876,0.2516394,0.1507184,0.1040906,-0.7944295,-0.68576074,0.15467812,-0.06218578,-0.51330763,-0.4723324,0.36498085,0.10683499,-0.49020684,-0.45475543,-0.34738836,0.12529384,0.0,0,0,1,0,0,0,0,0,0,0,0,0,0,0,1,0,0,0,0,0,0,0,0,0.0,0.0,0.0,0.0
0.34036103,-0.5422792,0.3448723,-0.04194181,0.50560266,-0.38858145,0.094829455,0.76395583,-0.42753482,-0.24946548,-0.20427208,0.07776641,0.0036857396,-0.058298577,0.0023514994,0.6595505,-0.41176486,0.19906026,0.022868779,0.42044052,0.3679361,0.23657018,-0.23372371,-0.08612486,0.5743244,-0.0964259,-0.0067259246,-0.48100388,-0.90957016,-0.4625082,0.08426218,0.006841439,0.30345944,-0.12502939,-0.26006833,-0.77283424,-0.25711855,-0.40379512,0.3218898,0.53048766,-0.3211846,-0.042329833,0.2682313,0.12344084,-0.15805466,0.5391161,0.045278583,-0.5462986,0.08489335,-0.19088021,-0.67492765,0.04567374,0.32496756,0.12550402,0.34041172,0.15823154,0.49160972,-0.1858925,-0.50278914,0.118489526,-0.1275231,0.40867138,0.075967915,0.0075152772,0.07290368,-0.01464897,0.13419482,0.77797717,-0.57940364,0.18392493,-0.1045208,0.07713842,-0.015764548,0.40887564,0.5680055,0.24025756,-0.159489,0.63873535,0.40516904,-0.16711897,-0.18423994,0.16645384,0.466838,0.0572675,0.28785944,0.16518806,-0.018640293,0.27070558,-0.5636129,0.60412866,0.033263933,-0.12229168,0.21614803,-0.21631695,0.85787934,-0.46344918,-0.31118476,-0.29058686,-0.044033002,-0.0018951088,0.28106156,-0.38469708,-0.07119331,-0.28282616,-0.24484903,0.1836943,-0.7232849,-0.3068831,0.08281979,0.4494281,-0.61346877,0.32405883,0.010969244,-0.68339384,-0.06753939,-0.05183801,-0.09084842,0.19243681,0.098655224,0.12128684,0.11096576,0.26025456,0.32013157,0.16650525,0.5851486,-0.11125296,-0.1442716,0.023388587,0.20449585,-0.029753346,0.7793179,0.23501451,0.08516032,-0.42664096,0.14225438,-0.0068464037,0.18691319,0.072284944,-0.0015231523,-0.06717128,-0.2967851,0.038860377,0.15443665,-0.06284349,0.22089347,-0.04489252,0.17098476,-0.44143045,-0.37602112,0.3683597,0.050163615,-0.11170888,-0.1980707,-0.14344715,-0.08174883,-0.1612181,0.22491914,-0.40784383,0.16343194,-0.39763004,0.35393432,0.3897068,0.15836473,-0.1118968,-0.100128286,0.019558914,-0.35423008,0.056563612,0.09682972,-0.20074666,-0.04863342,-0.24794939,0.33000702,-0.19358267,-0.0054425616,0.64748657,0.1267398,-0.18551806,0.105033785,0.730513,-0.67428017,-0.07888393,0.27975616,-0.45429334,-0.112540044,-0.14465146,0.5668715,-0.121784754,0.65123385,0.36082593,-0.51182413,0.2765152,0.29126614,-0.44792783,0.4542678,-0.12330558,-0.51605946,-0.20921339,0.11015784,-0.28859702,0.526757,0.091928095,-0.33358207,-0.22857827,-0.5871809,0.031799976,-0.29496863,-0.6656217,-0.11179724,-0.10998692,-0.401189,0.25070396,-0.17251083,0.37643868,0.0108502535,-0.046224505,0.11718967,-0.3053451,0.071458414,0.12674916,0.28893268,-0.097767755,0.16112143,0.08630605,-0.11911625,0.88475823,-0.04473146,-0.12497863,0.3328081,0.36490032,-0.4829541,0.14149418,0.0924323,-0.17139201,0.796617,0.3511278,-0.5758507,-0.38380653,0.08483695,-0.29181567,-0.22725673,0.28581506,0.22037199,0.42888668,0.03381897,0.484463,-0.05445422,-0.43148392,-0.44347087,-0.4208787,-0.0019124282,0.14936028,-0.5284358,-0.5021274,-0.38735154,-0.071104094,-0.2931134,-0.14766157,-0.1876263,0.026077585,0.5330457,-0.10840407,-0.13243821,-0.13280188,-0.011032684,-0.32142875,0.25329322,-0.045241866,0.6159147,0.46898615,-0.14907205,-0.4013555,-0.15206042,0.43424693,0.14675888,-0.2761153,0.11849724,0.06392771,-0.1645108,-2.4154484e-05,0.16505004,0.5032029,0.04165135,0.025609348,0.024065735,-0.14651905,0.38066524,-0.055670608,-0.49072808,-0.02521244,-0.4804727,0.13641101,-0.38329437,0.015864728,1.0916373,0.049628627,-0.01763819,0.25205866,-0.20617267,-0.0711916,0.5082987,-0.37697428,0.03475497,-0.220091,-0.11755642,0.3005597,-0.30034333,-0.5206769,-6.11388,-0.45740724,-0.4071851,-0.3412022,-0.29301012,-0.5295591,-0.016960599,0.14475016,0.088971,0.07363352,0.24209222,0.11944366,-0.08512282,-0.13083173,0.038890418,0.47615975,0.51201993,-0.03588501,-0.15620947,0.22168623,-0.23196055,-0.50770384,0.34260285,0.038854856,0.22953832,0.18031128,-0.47649115,0.10125103,-0.10751817,-0.46270934,-0.044566363,-0.28139812,-0.015458486,0.62081945,-0.15812515,-0.61252016,0.0067177988,-0.31085008,0.045440014,-0.02706195,-0.01833201,-0.027009062,0.04036392,0.043839887,0.8638927,-0.5198041,0.31980267,0.18525742,-0.12922466,0.14857301,0.03023938,-0.47908947,0.4388481,-0.23738609,-0.21358894,0.004397564,0.2360602,0.7451422,-0.05154182,-0.40798163,0.49968445,-0.44095317,0.16090193,0.0029416406,-0.52320284,-0.37409055,-1.103914,-0.41260064,0.0945467,0.07552621,-0.41809112,0.24946344,0.2887348,-0.8490152,0.02316387,-0.20602894,0.34984374,0.29943693,-0.5011202,-0.09275933,-0.25262457,-0.13611734,-0.3198342,-0.012479246,-0.3202182,-0.1729916,-0.14532968,-0.55364054,-0.6362198,0.113363095,-0.19529253,-0.0024298495,0.29754752,-0.10383194,0.08378859,0.3041171,0.77424777,-0.40140778,0.06900166,0.05120369,0.4124272,-0.20483541,0.42511398,-0.32739466,-0.32734144,-0.16887078,-0.710286,-0.08712662,0.17224018,-0.22878486,-0.08955863,0.19618602,-0.42641413,-0.15891768,-0.4768462,-0.42885742,-0.035669137,0.11320516,0.12775338,-0.47532237,-0.23101334,-0.23301078,-0.5117871,-0.35217902,0.51974183,0.20497856,0.031741094,-0.2663172,-0.22238733,0.2245341,-0.04212477,-0.33773112,0.049915966,0.0409466,-0.039101493,-0.07850425,0.25938672,-0.007263616,0.30803666,0.10795455,0.26485774,0.3753086,-0.060916625,-0.34372285,0.17793682,0.19109699,-0.22649404,0.54942214,-0.16268626,-0.09833238,-0.3077972,-0.62373626,-0.062514775,-0.039055128,0.019980004,-0.1639784,0.18467535,-0.2472654,-0.41854686,-0.39156827,-0.09465865,-0.5238915,-0.16536364,0.4200415,0.037164643,0.14629807,0.44617894,-0.026342629,0.052176207,-0.7062707,-0.22231956,0.22891726,-0.054482628,0.27695805,0.39960012,0.05914773,0.3106006,-0.43266755,-0.00042054392,0.13814445,-0.30237037,-0.050545588,0.09103055,0.011056738,0.375192,-0.4849714,0.25207615,0.12291505,0.4025669,0.53647023,-0.16960673,0.14117987,0.15680313,-0.7626616,0.38467613,-0.88784784,0.5736282,-0.30882597,-0.19353732,0.7076033,-0.40118092,-0.1220572,-0.81704503,0.413981,-0.09785573,0.22375442,0.16233377,0.11087245,0.35603207,-0.050645694,-0.21349485,-0.46107614,-0.18429302,-0.48371124,0.04305265,0.06746458,-0.56077284,-0.1951281,-0.43816414,0.18177918,0.2758995,0.041644026,0.4969812,0.0050189435,-0.27382633,0.54639137,0.26653668,-0.25964424,0.055106077,0.00430683,0.20348527,-1.0982739,-0.2505263,-0.09792342,-0.049993016,-0.09791302,-0.7650302,-0.32147712,-0.22603226,-0.36904848,-0.47311145,-0.36300278,-0.44023478,-0.36516684,-0.38347507,0.25484988,-0.07183064,-0.38111153,-0.061937973,0.16944325,0.053979505,-0.24682495,0.06394343,-0.5611463,0.44132823,-0.37831447,-0.3829772,-0.25786716,-0.15154225,0.2652,-0.1656211,0.5652942,0.25540492,0.22697018,0.25129607,0.19291557,0.06671438,0.19808346,0.2661914,-0.4101553,-0.3879945,0.007940033,-0.23160817,0.36988854,0.47336242,-0.2025354,-0.45197815,-0.5683042,-0.28437084,-0.19880103,-0.41196555,-0.19407512,0.22940826,0.3536266,0.6540825,-0.24526642,-0.17726701,0.21176018,-0.41818753,0.47107968,0.3692436,0.80710053,0.04464288,0.21420103,-0.25216267,0.56755716,0.92336875,-0.09862056,0.07591587,0.14472382,-0.30491,-0.13774158,0.58659685,0.16703445,-0.04486922,0.2760705,0.118955806,-0.24188732,-0.031374786,-0.201408,-0.11588447,-0.07630168,0.545028,1.329816,0.0069020796,-0.47159588,-0.9212313,-0.25979987,-0.7187734,-0.011401335,-0.13918416,0.3042478,0.730716,-0.04480318,-0.4946502,0.008615006,0.20299873,-0.14048631,0.08761852,-0.38716525,-0.42127454,0.32460338,-0.16149795,0.4013991,-0.020362286,-0.4963117,-0.49166855,-0.15268633,-0.0036661094,-0.065927595,-0.15704109,0.40609697,0.13703282,0.22585195,-0.2169513,0.02639526,-0.0010679024,0.04702212,0.4048207,0.2988972,0.16447644,0.1209377,-0.14351128,0.24299096,0.34229943,-0.042521466,0.15823132,-0.26873568,0.08130339,0.4763173,0.40217513,0.25994208,0.015281904,-0.6046532,-0.03107856,0.055094566,0.21827166,-0.4781319,-0.14599024,0.42111528,0.2717703,0.16087347,0.09029331,-0.4175207,-0.22595778,-0.14844042,0.07460656,-0.016344778,-0.4575905,0.10444111,-0.2960549,-0.40786442,-0.81073815,0.1975095,0.40656102,-0.16679887,0.18798554,-0.25383005,-0.23124368,-0.2870536,-0.33174065,0.19509576,0.15067968,0.21123141,-0.100595094,0.094017275,-0.26815733,0.13431619,0.3145595,0.006107833,0.092111,-0.3386944,0.06876181,0.119418755,-0.093094766,-0.28097457,0.07853907,0.33861706,-0.5163071,-0.0098138675,-0.14799851,0.04957407,0.026783891,0.28693497,0.072017625,-0.1360266,0.12922214,-0.08001665,-0.27201545,0.06300378,-0.038933244,-0.17123978,0.09321765,0.1680492,0.08752822,-0.5673912,-0.3809243,0.16194893,-0.11792031,0.24387953,-0.49966925,0.022953613,0.2770061,-0.018320123,-0.11373541,-0.4582607,0.14081632,0.080257066,0.4742791,-0.12196722,-0.469605,0.059974838,-0.015114794,-0.2530836,-0.29070652,0.17334652,0.31445006,-0.11608598,-0.5815563,-0.43099195,-0.019563682,-0.16792843,-0.6478235,-0.29602468,0.23617151,-0.005418514,-0.48653018,-0.4745203,-0.31830907,0.042465664,0.0,0,0,1,0,0,0,0,0,0,0,0,0,0,0,1,0,0,0,0,0,0,0,0,0.0,0.0,0.0,0.0
0.30915073,-0.26433915,0.3093691,-0.107967965,0.56161106,-0.543039,0.18568186,0.90882635,-0.22513105,-0.48840213,0.1456545,0.13475479,0.09871967,-0.18933135,-0.24651209,0.38864326,-0.7346733,0.6056848,0.13323884,0.3797765,0.23506443,0.111782655,0.085945226,-0.08807234,0.49463502,0.3652296,-0.39451587,-0.43911672,-1.1369516,-0.3594246,0.62429446,-0.06462641,0.4678878,-0.05306829,-0.25392228,-0.4469301,-0.08350874,-0.009018626,-0.1976654,0.30491868,-0.09288131,-0.17022665,0.061009273,-0.26720557,0.01745999,0.042487208,-0.070758134,-0.24311823,0.16642378,-0.28446874,-0.30581826,-0.24539313,-0.1667353,0.013999014,0.27122313,0.075668216,-0.28575367,-0.3985302,-0.64085984,-0.05163547,-0.35915843,0.3422813,-0.020888744,-0.0033206248,0.15278812,0.25920168,0.23551746,0.2960055,-0.45944586,0.03687302,0.12709734,0.04540447,0.21577357,-0.052264765,0.41058704,-0.029939406,-0.5624166,0.97450083,0.08179357,-0.14985113,-0.2144668,0.3467189,0.10486426,0.070885845,0.29029962,0.062163528,-0.2711049,-0.057504945,-0.53244597,1.05396,-0.37762108,-0.24105626,-0.28988576,-0.149267,0.31338885,-0.77133995,-0.402456,0.025242286,-0.36802024,0.1775503,0.5267363,-0.1972636,-0.31455597,-0.13023269,0.13064247,0.005379096,-0.086882375,-0.19898063,0.13277131,0.30209598,0.13816166,0.0024633212,0.07007784,-0.71076035,-0.01977406,0.29228324,0.21781124,-0.32851696,-0.32145733,-0.22945668,-0.014751029,0.388328,0.028895622,0.19968659,0.44725966,0.21622783,0.48441324,-0.57737035,0.07351659,-0.8252371,0.20916018,0.7833391,0.100719,-0.36938694,0.36042386,0.1796415,0.2057329,-0.44424385,-0.04070985,-0.11120104,0.21119164,-0.13294078,0.22195825,0.3459121,0.30608398,0.083567105,-0.1719894,-0.3861979,-0.060127415,0.30271333,-0.49325973,-0.23449019,-0.0011456398,0.20877117,-0.48796955,-0.4178013,-0.0005397708,0.11130132,0.35322648,0.1306687,0.2789625,0.019419685,-0.31072438,0.27791524,-0.11959914,0.5380881,-0.44736797,-0.43351474,0.08147921,-0.15406945,0.35394725,-0.12324274,0.6030171,0.12650849,0.546365,0.28519544,-0.20631447,0.29144368,-0.23632991,0.5667228,-0.564904,-0.36651465,0.091106795,-0.41487327,0.09359649,0.027321475,0.8143063,-0.14987515,0.41600892,0.38509938,-0.5534718,0.2249164,0.4050416,-0.06316564,0.09799345,-0.1572159,-0.27957007,-0.08692587,0.18418686,-0.3514368,-0.08536553,-0.023218,0.15491521,-0.1890643,-0.64590895,0.045415487,-0.4189369,-0.15281776,0.12519497,0.27326643,-0.58603656,0.37299106,-0.26756567,0.406263,0.20714746,0.1871777,0.102479555,-0.12530635,-0.36129212,0.07745323,0.3326376,-0.001038507,0.23796761,-0.23740299,0.03858019,0.9247993,-0.33538142,-0.21870427,0.5161661,0.26856986,0.024095746,-0.4446795,0.18490928,0.17304154,0.7970971,0.45955372,-0.575874,-0.80199844,-0.34464213,-0.11824868,-0.35133636,0.013722344,0.58181155,-0.08822989,-0.32286537,0.2798558,-0.06443017,-0.48652634,0.3437695,0.03328506,0.060425486,-0.40076315,-0.4239339,-0.78567034,0.08814387,-0.26004982,-0.44689846,0.120826356,-0.28833497,0.020263007,0.6304792,0.03303013,-0.08716491,-0.15258078,-0.22695358,-0.67340094,0.50829774,0.5848205,0.14611602,-0.27422434,-0.24244791,-0.2965841,-0.14141051,0.8535534,-0.10992493,-0.02888772,-0.06982484,-0.21683562,0.37094918,0.013915228,0.30212507,0.061416835,-0.13135958,0.1137989,-0.47479156,-0.15293334,-0.13447331,0.08845678,-0.65387106,-0.49686456,-0.38327587,-0.011787973,-0.62073374,0.19155946,0.6876515,0.56241125,-0.043059386,0.79359215,0.0447535,-0.4543229,0.18087462,-0.8413018,0.08596297,-0.2784819,0.1540578,0.46212634,-0.7023686,-0.70902747,-6.3878703,-0.30215237,-0.33975056,-0.15220772,0.2685488,0.076056875,0.27596456,-0.13098638,0.056688234,0.10324277,0.018673208,-0.020904884,0.27473137,-0.38833103,0.052804645,0.34871492,0.80296296,-0.20642847,-0.25439394,0.26267982,-0.43807113,-0.38147363,0.17295735,-0.13459791,0.23932178,0.43514428,-0.2092335,-0.19952616,-0.050481,-0.43743145,-0.18557054,0.0384835,0.15959491,0.5580774,-0.1459612,-0.44219136,-0.39181724,-0.24348427,-0.27457574,-0.47823375,0.5582964,-0.16573437,-0.41574237,-0.3936172,1.0632304,-0.50351816,0.14324422,0.15674937,0.10666322,0.47369114,-0.07502326,-0.43157867,0.54023486,-0.64002824,-0.35114878,0.24811465,-0.19386306,0.88879174,-0.13526383,-0.51605105,0.60701704,-0.5440661,-0.19896199,0.17396754,-0.35357597,-0.62117624,-0.6872221,-0.40603584,-0.09326509,-0.07687591,-0.19859697,0.7577152,0.18731314,-0.8324891,-0.038503524,0.24557507,-0.11149995,0.36448833,-0.59481335,0.07432109,-0.47522408,-0.14027195,-0.11321796,0.29466462,-0.084872276,0.06867858,0.23213106,-0.22153816,-1.0600454,-0.13397716,0.35512516,0.07946607,0.52359384,0.13195229,-0.42053854,-0.19371834,0.47083947,-0.8003188,-0.44402465,0.6359277,0.7615869,0.33325607,0.3589516,-0.27225536,-0.4901747,-0.17582902,-0.47404274,-0.20525783,-0.11236076,-0.33031532,0.04908917,-0.13484302,-0.40331638,0.055715803,-0.4747772,-0.56333905,0.24586086,0.24375479,0.23480844,-0.9473703,-0.22772123,-0.091078684,-0.41120422,-0.14182732,0.56218153,-0.32049674,-0.05421775,-0.037449833,-0.24666461,-0.29686603,0.021980233,-0.23055246,0.17730357,0.6257663,-0.16776875,0.10877119,0.26438907,-0.2489737,0.11810152,0.1456481,-0.24276653,0.69532716,0.2487686,0.061917022,-0.094591826,-0.12216564,0.4580125,0.32371366,-0.27935782,0.44175908,-0.42521608,-0.65446436,-0.058087625,-0.28242782,0.13396752,0.47559878,0.4686306,-0.35023686,0.3859801,-0.63188285,-0.4027354,0.11811978,0.34433147,0.18707262,-0.39160916,0.28841364,-0.009074551,-0.067637704,0.011056416,-0.31483647,-0.45076752,0.3225752,0.23595448,0.06812565,0.6655897,-0.22881365,0.3084012,-0.4577687,0.34918416,0.39438865,-0.1538934,-0.3104018,-0.033635333,-0.3753661,-0.14256194,0.026325518,0.13616687,0.12043792,0.33824658,0.2039581,-1.0284466,0.44961,-0.07310566,-0.7272465,-0.05982773,-0.3631551,0.33316445,-0.30630863,0.21455511,0.89728546,-0.05361601,0.1580226,-1.3074208,0.33551922,-0.28796238,0.29210448,-0.09234145,0.18653248,0.15601999,0.11350893,-0.44364423,-0.70343953,-0.16268757,-0.35465515,0.65997696,-0.49561012,-0.48443696,0.049511176,-0.5309032,0.4856907,0.2803345,0.37071922,0.7924898,-0.17598416,-0.15458265,0.30742398,0.19164455,0.23305748,-0.47137558,0.22376494,-0.10714142,-1.1935992,0.26577264,-0.31446576,-0.3127029,-0.13029876,-0.509361,-0.497154,-0.15444891,-0.8241513,-0.47538093,-0.85439944,-0.4041514,-0.65405214,-0.64323825,-0.08544115,-0.18369302,0.24814981,-0.11678348,0.29243568,0.2046445,-0.16505009,-0.2114561,-0.1602675,0.48410738,-0.6979549,-0.41605404,0.22554512,-0.0016172486,0.48318824,0.22872023,0.38667706,0.2579621,0.71661425,0.18087453,0.10735264,0.20294149,0.44074285,-0.19797973,-0.6244615,-0.42223492,0.06419152,0.10636513,0.39686435,-0.18184654,0.123791635,0.3547495,-0.5226711,0.055549555,-0.36296523,-0.5995582,-0.3731525,-0.17167386,-0.044991784,0.5308982,-0.40351573,-0.64254594,-0.029091213,-0.06827723,0.47266757,0.03316705,0.7768636,-0.26212862,0.5662056,0.07769442,0.464567,1.1250515,-0.1460819,0.33627415,0.4626337,-0.3915159,0.3584788,0.75157034,0.41382527,-0.0078192325,0.4934504,-0.10866061,0.12985288,-0.35525346,0.056628376,-0.31700534,-0.24542116,0.46158454,0.62071794,0.11117447,-0.23022078,-0.6995016,-0.365341,-0.96453357,0.03169365,0.07109881,0.28092125,0.5221842,0.09489086,-0.5245316,0.22019775,-0.13956629,-0.17470968,0.13513158,0.08776167,-0.4341416,-0.08011678,-0.003195262,-0.073134005,0.49157226,-0.1675334,0.40140378,-0.060501326,-0.07855278,0.30749202,-0.44918728,0.5286858,0.38512003,0.7514138,-0.03213524,-0.0426272,-0.33997226,0.3213449,0.8692654,0.25609347,0.026107531,0.10315319,-0.34842473,0.2754727,0.3889502,-0.33578205,0.8462529,-0.31743884,-0.08809157,0.39153135,0.46784633,0.18187094,-0.28502318,-0.82593644,-0.2960725,-0.45939025,0.4299883,-0.25123242,0.21708757,-0.10092062,0.28090513,0.23147802,-0.090027034,0.22056334,-0.050838675,0.35433814,0.37162673,0.061191894,-0.6035487,-0.20229413,-0.43010062,-0.046169434,-0.85735774,0.20096913,-0.06778159,-0.2989808,-0.06881787,-0.31216887,0.1640982,-0.60571635,-0.5477738,0.14941882,0.013525006,-0.005648336,0.3758377,0.22040537,0.17100838,0.58084714,0.27372685,0.058621783,-0.061616264,-0.60912067,0.29932943,0.2424332,0.23981375,-0.14200363,-0.29744494,-0.022784568,-0.73903596,-0.564024,0.0729523,0.9396416,-0.113236904,0.28693354,0.26326737,-0.33134976,0.50573933,-0.4591054,0.18353498,-0.6586443,0.3941425,-0.17569324,0.011124478,0.29306734,-0.10053932,-0.89959913,-0.07707697,-0.27225947,0.01877782,0.27860856,-0.37569302,-0.5804993,0.24890643,0.101579845,-0.44607148,-0.8049507,-0.4644654,0.7986276,0.78261733,-0.2652183,0.04592155,-0.06491081,0.2764114,-0.19586623,-0.28213364,0.53907347,0.26676628,0.026507346,-1.0026107,-0.19851513,-0.23950118,-0.067703746,-0.5573437,-0.13511187,0.22459182,0.02215675,-0.60647357,0.021149388,-0.11976985,-0.5668495,0.2,0,0,1,1,0,0,0,2,0,2,0,1,0,1,0,0,0,0,0,0,0,0,0,0.0,0.0,0.0,0.0
0.30339912,-0.45638183,0.82518274,0.047161654,0.32270917,-0.3340571,0.30545267,0.79296386,-0.3168849,-0.32068855,0.097122215,-0.010411356,0.078731,0.1722371,-0.07876862,0.5485814,-0.5841417,0.13041934,-0.106771275,0.00017219954,0.32726887,0.2721421,0.30529672,0.49685884,0.2691456,-0.04585826,-0.27881435,-0.20261724,-0.58873063,-0.013399614,0.31214273,-0.049200892,0.2220425,-0.051440295,-0.2248666,-0.49069726,-0.08062779,-0.1347516,0.032157168,0.41831857,-0.44087872,-0.16290343,0.29381734,0.030385042,-0.049149513,0.33654076,-0.10781011,-0.38447013,0.44965988,-0.33495873,-0.35959023,0.026529763,-0.1935335,-0.22164541,-0.0006510833,0.400063,-0.18641056,-0.8255507,-0.37103996,0.35113254,-0.27138045,-0.2607589,-0.3637255,-0.28434637,-0.16612674,-0.06494754,0.22355136,0.25713515,-0.12683398,0.8080607,0.033616114,-0.023956528,0.25395814,0.23604435,-0.006430359,-0.25938207,-0.117143735,0.44198978,0.021292098,-0.42790413,-0.18603021,0.40185615,0.26604807,0.15370096,0.5700024,0.32332122,0.255739,0.22038767,-0.3759165,0.53917116,0.031646248,-0.33417037,-0.05588694,-0.053178884,0.6994245,-0.68909055,-0.4115556,-0.20211104,-0.18950135,0.083344705,0.48851803,0.048067212,0.067265145,-0.12340805,-0.016683958,0.17209223,0.12578581,-0.1435634,0.07148065,0.2838815,0.183783,0.19501844,0.14977963,-0.3155869,-0.13242589,-0.2144195,-0.05033118,0.30394757,0.079978675,-0.2802245,-0.19038187,0.043035474,-0.10386905,0.15859735,0.3357166,0.25027278,0.03694197,-0.26347965,0.4787933,-0.06478688,0.39841342,0.059977867,0.38468578,-0.29887092,0.41255695,0.176185,0.22267151,-0.35553008,-0.6708667,0.16149099,0.16521509,0.16770738,0.5336997,0.24986562,0.18778004,0.07756094,-0.20849046,-0.16043575,-0.22499137,0.3465987,-0.32656863,-0.46235523,-0.6557263,0.010934748,0.06377485,-0.55206454,-0.32463112,-0.13052174,0.027271839,0.22391815,-0.022732386,0.027542403,0.049856342,-0.11636476,0.17172684,-0.025947772,-0.044157144,-0.05132086,0.49022403,0.024689425,-0.013875078,-0.46583146,-0.073596604,0.13172162,0.16039719,0.17969957,0.26342845,-0.302209,-0.31025413,0.2549827,-0.5008678,-0.34453332,0.17952389,-0.36554146,0.09493022,0.09892136,0.34619954,-0.16905373,0.43939048,0.4657016,-0.27299523,0.237987,0.41292718,-0.23072584,0.47034428,-0.10959437,-0.2047841,-0.25613353,0.11051741,-0.03856097,0.4666792,-0.15516578,0.1423715,0.095487595,-0.5197779,0.33099866,-0.1719196,-0.31644857,-0.36585703,0.22591868,-0.11833231,0.5273485,-0.108998835,0.47201642,0.11560978,0.38978538,0.15763639,-0.4044397,-0.25686228,0.32905132,-0.019705962,0.13582367,-0.105459616,0.05704756,0.1620285,0.9859241,0.057627887,-0.6252443,0.80928975,0.41170076,0.024726002,-0.08581767,0.06962688,0.20918252,0.36371958,0.2046053,-0.6013709,-0.4790662,0.11519184,-0.014759626,-0.3587232,0.088377625,0.723778,0.12984702,-0.14188488,0.6249947,-0.44573513,-0.29021308,0.0072592627,-0.13141264,-0.2741912,-0.4293251,0.030912058,-0.030663088,-0.05815246,-0.107165664,-0.3728542,-0.6562641,-0.18154213,0.27722824,0.5557767,-0.024434939,-0.11392211,-0.32821617,0.27030915,-0.32478982,-0.15113182,0.057983316,0.5187099,0.3002107,-0.26466048,-0.035750587,0.119834654,0.5906711,0.0485137,-0.41148204,0.10987013,0.22713238,0.12733465,0.05663438,0.03734785,0.6025713,-0.11825484,0.03772998,-0.36766404,-0.36570415,0.33616123,-0.08797392,-0.13955244,-0.07201011,-0.45437813,-0.20105831,-0.49100307,-0.059025835,0.7999316,0.28582758,0.27988008,0.11177414,-0.33742929,-0.1834187,0.22400093,-0.018665507,0.026471352,0.12479349,-0.09598893,-0.03343825,-0.5079818,-0.6191591,-7.858992,-0.3711779,-0.026004663,-0.43730366,0.10765607,-0.09671259,0.18320593,-0.075578436,-0.24737288,-0.25967807,0.13531707,-0.044649348,0.12423979,-0.56848717,-0.3623119,0.06222587,0.34667653,0.20375867,-0.20746686,0.09213212,-0.017989494,-0.25774196,0.24006727,-0.03205396,0.19065294,0.0027758894,0.014565992,0.027706109,-0.22013281,-0.06541859,-0.09582575,-0.23896389,0.023319568,0.86422193,-0.039102834,0.04390728,-0.17098875,-0.38114533,0.399942,0.18770388,0.42310923,-0.4296229,-0.0749894,-0.0030606044,0.8139088,-0.8325906,-0.074862085,-0.18325289,0.17342779,-0.042655926,-0.20968205,-0.0953059,0.33813536,-0.25414634,-0.075742304,-0.04748828,0.016198177,0.97389925,-0.04351683,-0.29974854,0.46628627,-0.277361,-0.27325997,-0.21792513,-0.32955405,-0.15102217,-0.6312282,-0.684281,-0.10805381,-0.035524204,-0.063581035,0.40795124,0.038016126,-1.6222731,-0.35473016,0.356833,-0.20085935,0.2582942,-0.10574691,-0.2861527,-0.48890343,-0.39505833,0.041165926,0.3729301,-0.20736836,-0.271048,-0.02835443,-0.39637446,-0.42878297,0.049369346,-0.19274119,0.061510745,0.0044394513,0.23462325,0.13489483,0.003697105,0.2567126,-0.02153664,0.16854888,0.29516524,0.16675113,0.16718291,0.32676765,0.16749507,-0.34480822,-0.14033383,-0.29540664,-0.005396105,-0.19337122,-0.34913653,0.11631929,-0.09036139,-0.7327287,-0.06390251,-0.5580599,-0.08919534,-0.056806646,0.09384083,-0.2464345,-0.6676973,-0.19143942,0.26209155,-0.21042553,-0.13968009,0.057579864,-0.44059908,-0.22589073,-0.10398064,-0.15105422,-0.10974951,-0.39987755,-0.29128733,-0.1318706,0.1421385,-0.21050595,-0.0038942718,0.15911871,-0.60019284,-0.1628749,0.2716026,0.0021779386,0.74095315,0.5054379,-0.27110356,-0.22970688,-0.02303899,-0.17867967,0.12132981,-0.26911077,0.2933388,-0.51681376,-0.3234721,0.0023017006,-0.08703529,0.2636364,0.24573265,0.22919312,-0.045071844,-0.07538328,-0.060187932,0.21513525,-0.21704279,0.06862326,0.20705892,0.1451139,0.16335449,-0.07216032,-0.032222386,0.027368417,-0.730678,-0.30050367,0.67964816,0.06499114,0.18344225,0.10075138,0.20227519,0.25456038,-0.5168016,-0.18639165,0.46837506,0.011332907,0.019602327,-0.14870888,0.2512471,0.32915902,0.28737697,0.029465292,-0.07008201,0.49022233,0.297719,-0.4928889,0.4061601,0.009559136,-0.470985,-0.29554623,-0.9462912,0.46665546,-0.035419613,0.06008067,0.0040040757,-0.3176819,0.04702784,-0.55874735,0.21315075,-0.53075194,-0.19020689,-0.057390667,0.13915874,0.3318475,0.14038469,-0.050999586,-0.5776139,-0.023287652,-0.14903203,0.45395973,0.042631723,-0.54792345,-0.14245868,-0.8713905,0.080424696,-0.16023669,0.12690273,0.41513225,0.27844712,0.059970465,-0.06825622,0.031233164,-0.06568288,0.061706986,0.11276173,0.13634294,-1.1009196,0.36392337,-0.16814381,-0.46120408,0.16142446,-0.4632954,0.118845455,-0.6369977,-0.07416253,-0.32049274,-0.66080004,-0.2563447,-0.37730557,-0.14640732,0.21884592,-0.33179247,0.64286876,-0.18318096,-0.37148324,0.2576724,-0.060860034,-0.12423395,-0.48461175,0.07157753,-0.58355486,-0.40829158,-0.08974514,-0.36499122,-0.18287474,-0.20061883,-0.11924638,-0.014841523,0.2091929,-0.16413745,0.002071974,-0.1920924,0.18507977,-0.229847,-0.17405348,-0.09591156,0.017594136,-0.06287875,0.33270127,0.12393886,-0.12787583,-0.61160517,-0.012042102,0.2305896,-0.23248997,-0.34220037,0.070401184,-0.027075134,-0.09710301,0.26370975,-0.34800896,-0.20585869,0.08814538,-0.0202583,0.31275684,0.24325903,0.30753204,-0.48941028,-0.02769688,0.25856435,0.5812942,0.39980125,-0.14375514,0.2748662,0.11790848,0.15207513,-0.1775779,0.6149911,0.21944107,-0.28152466,0.31340978,-0.1167091,-0.1006953,-0.030885724,0.035614043,-0.27475527,0.18756194,0.53701717,0.8940026,-0.058629457,-0.17480612,-0.54141825,0.11126009,-0.4836193,0.6103652,0.15314253,0.30597737,0.25849086,-0.0047000046,-0.21814837,0.5047137,-0.26629782,-0.38310036,0.18339863,0.27955234,-0.41267806,0.4878156,-0.29179844,0.01582929,0.22120114,-0.32439944,0.22425222,0.051323716,-0.14345007,0.22871351,0.14427006,0.50080895,0.33920372,0.34595615,-0.08919849,-0.21526223,-0.47266376,0.16445577,0.5354029,-0.0038682162,-0.001186074,0.25079575,-0.1794969,0.11281488,0.2530283,-0.10287513,-0.323031,-0.08588332,-0.08754217,0.3591751,0.14170927,0.23605944,0.054311175,-0.8130858,0.089886576,0.15959185,0.30423617,-0.11482372,0.15585262,-0.19309634,0.17337517,-0.2834755,0.47311538,-0.550397,-0.44974363,0.20323467,0.35774916,-0.2099247,-0.14029117,-0.24810906,-0.34255922,-0.049630947,-0.4754528,-0.35617793,0.041905805,-0.2615548,-0.19782296,0.0310894,-0.04316896,-0.44097546,0.05738466,-0.13178445,-0.2427363,0.08724644,0.36500436,0.0304062,0.34133217,0.27736238,0.33618125,0.026105609,0.03971606,-0.5899981,-0.10941622,0.029571446,-0.09221642,-0.2800595,-0.21712609,-0.12453897,-0.13682884,-0.41236335,0.15029395,0.3299623,-0.08629374,0.5107544,0.07685307,0.0038700884,0.2610513,-0.16386692,-0.4884025,-0.22020967,-0.27990288,-0.16324358,0.060873803,-0.24043034,0.2648984,-0.53699297,-0.448969,0.19733934,-0.044773594,0.02434463,-0.12442051,0.25578025,0.053473406,-0.003801062,-0.27526,-0.27886236,-0.08815121,0.10084874,0.29667053,0.1750555,0.0008519034,-0.00036968008,0.49348316,-0.15802287,-0.18774386,0.32330433,0.3310251,-0.2340784,-0.39239693,-0.4880737,-0.369789,-0.0056431605,-0.46276692,-0.3434886,0.4301998,0.08287848,-0.20664601,-0.3667946,0.44112667,-0.24015236,0.10000000000000002,0,1,0,1,0,0,0,0,0,3,1,4,4,2,17,2,0,0,1,1,0,0,0,0.10000000000000009,0.0,0.0,0.3
0.09445845,-0.20964812,0.22277796,-0.27792826,0.072981454,-0.2742765,-0.13135241,0.9003713,-0.34400403,0.115369365,0.09270093,-0.17545004,-0.104444645,0.16315621,-0.43086123,0.23739472,-0.12978838,0.066316225,0.043705188,0.08151334,0.19087906,0.03149637,0.011505501,0.2590226,0.30738112,-0.02470613,-0.22535437,-0.24530269,-0.4042095,-0.23504478,-0.07382135,-0.20811546,0.4517635,-0.09078505,-0.11832373,-0.081165075,0.036969636,-0.027964527,0.07538209,-0.047370758,-0.55431634,-0.29685944,0.0062986203,0.05251667,-0.43358052,-0.2370419,0.18755907,-0.27997732,0.22770014,-0.6234358,-0.39781243,0.19091836,0.08701965,-0.3271433,0.25455996,0.46600515,-0.2476632,-0.17901814,-0.38160557,-0.16147056,-0.061321486,0.043396436,-0.24774164,-0.37545776,-0.48648736,0.11185581,-0.006204425,0.06583337,-0.17719312,0.0029131717,-0.22820114,-0.26268438,0.2183603,0.014757828,-0.14757393,-0.18101397,-0.30481023,0.2917968,-0.2001208,0.17029767,-0.25770223,0.05283334,-0.014404096,-0.07804442,-0.009399619,0.22086209,0.010687692,-0.17821398,-0.356023,0.79737204,0.15141125,-0.27056268,0.103599064,0.07723443,0.20269185,-0.39364716,0.14393844,-0.07453861,0.30909342,-0.18925196,0.01384865,-0.63553,-0.18515663,-0.014647271,0.4273582,-0.1824437,-0.054101404,0.22976074,0.15144105,-0.07211844,-0.11022804,-0.013881408,0.05318234,-0.032095328,0.106354676,0.040220078,-0.53850514,-0.16558982,-0.28468692,-0.19247632,-0.48170143,-0.03695747,-0.034818467,-0.09853357,-0.0052181454,0.061777797,-0.14859287,0.0895378,0.058169797,-0.098103255,-0.05559596,0.3748466,0.025189593,-0.350538,-0.108211905,0.055191487,0.2657379,0.007919804,-0.037815735,-0.15787879,-0.28383183,-0.2499058,0.47739822,0.20394845,0.10745571,-0.22709408,-0.28471464,-0.4493202,-0.18486764,0.09032794,-0.3500207,0.23333584,-0.44762436,-0.0598301,-0.14377023,0.032275084,-0.4939995,-0.00709763,-0.24962716,0.20951886,0.05916485,-0.49622494,0.02483351,0.13007666,0.036586873,0.10194493,0.007429489,-0.05227354,0.23524599,0.11265121,0.010614485,-0.30260777,0.27821198,0.24173197,0.16176619,-0.1888834,-0.2403946,0.13649687,0.14658464,0.44034627,-0.62561303,0.020067865,0.38208228,-0.01642208,0.056659866,0.14316288,-0.15557195,-0.33965215,0.50087637,-0.16255891,0.079147264,0.38776368,0.41419324,-0.35873252,0.24235693,-0.4070607,-0.17659105,-0.21023151,-0.15616041,0.01742539,0.29947978,0.3425433,0.20651679,0.12323534,0.08445278,0.3821404,-0.11248404,0.07157446,-0.20096359,0.18395655,-0.035453834,0.3097544,-0.33758873,-0.09629218,0.25082332,0.35894096,-0.17519926,0.13183266,-0.21372722,-0.42830908,0.064772,0.1549718,-0.31627244,0.09577543,-0.2503358,0.5114593,0.010436634,-0.40831965,0.19179049,0.35553944,0.1255948,-0.21995863,0.52934927,-0.03568302,0.10202115,-0.35853663,-0.28662246,-0.4285631,0.0737293,-0.13604808,-0.40700233,0.114676505,0.08244205,0.55789584,-0.16696526,0.23325838,-0.055027943,-0.46369663,-0.07602923,0.042528283,0.27569708,-0.37944603,-0.41267222,-0.16335037,-0.44420138,-0.48752156,-0.40987527,-0.40694314,-0.023676898,-0.06336266,0.21750104,0.11723334,-0.27797356,0.041777983,-0.11729008,-0.24402432,0.33666366,0.10200334,0.33379737,0.1795972,-0.02199028,-0.06595531,0.09518203,0.28536627,-0.19660622,-0.43462813,0.1124086,0.392139,0.21261166,-0.27861696,0.13016488,0.034901705,0.048656538,0.38809568,-0.39890176,0.12773141,0.012697782,0.35963318,0.020817425,-0.22384253,-0.17199597,0.24222639,-0.13147323,-0.17807084,0.6676596,-0.31170532,-0.25909543,0.0060990546,0.19257778,-0.29369357,0.108676694,0.022460323,-0.06397336,-0.02301962,-0.06771038,0.21054506,-0.36031243,-0.00022756576,-8.967911,-0.5979426,0.013969642,-0.2322487,0.04010604,-0.56570536,0.7355828,0.21567297,-0.020179601,0.21601146,0.4410037,-0.08186212,0.20335026,-0.3441435,-0.108631104,0.3690021,0.47482127,-0.7104223,0.16130555,0.63116187,0.26522624,-0.20073372,0.10490316,0.3366653,0.090375125,0.41305116,-0.22728132,-0.172226,-0.09055968,-0.27522492,-0.113743275,0.08984708,0.023391955,0.584588,-0.13193497,-0.0429814,-0.13490433,-0.19689731,-0.028530907,0.14047171,0.14027776,-0.37494344,0.0021349222,0.14764267,0.6342029,-0.45445377,0.32795644,-0.054641932,0.41536853,0.06269012,-0.20857374,-0.045068618,-0.15118222,-0.7032293,-0.3256458,0.35751194,0.3001265,0.9175042,-0.3545221,-0.37954086,-0.08772622,-0.32474476,-0.2741022,0.033102166,-0.26073065,-0.06498062,-0.30329993,0.022387018,-0.11473035,-0.073101714,-0.2863861,0.13155042,0.26100695,-1.4292754,-0.21517223,0.19472522,-0.12891662,0.48655576,-0.32849064,-0.20891747,-0.42634922,-0.24301368,0.015365337,0.17868003,-0.07515019,-0.4458971,0.103504665,0.30469468,-0.39783764,-0.07840891,0.25440687,0.4253574,-0.120357655,-0.06891044,0.16917828,-0.18975012,0.20457765,-0.25132528,-0.41049403,0.31080762,0.20064321,0.05808512,0.046755876,0.24064471,-0.34382382,-0.34237278,-0.21383563,-0.022239897,0.13256828,0.08699769,0.39061296,0.020931916,-0.7501051,-0.15045252,-0.38409686,-0.4123118,0.3558155,-0.04192528,-0.05393281,0.021243453,-0.44152302,0.027932694,-0.0012668531,-0.069597594,0.150214,0.058295317,-0.22063091,-0.05981226,-0.08954393,0.1838313,0.11595839,0.1250931,-0.117325954,0.09701977,-0.18991178,-0.29749724,0.29654682,-0.31298286,0.29498288,-0.053203568,-0.027729237,0.31980497,0.32171172,0.43863007,-0.37327212,0.07517145,0.2425009,-0.01887576,-0.030366909,0.43821114,0.042639848,-0.15260182,-0.1891594,-0.11787508,-0.34680519,0.3426833,0.22519411,-0.33304048,-0.16271362,-0.5793207,0.21761179,-0.06649555,-0.034533605,0.13881855,0.020531261,0.10281545,-0.1064079,0.20216739,-0.15749468,-0.15685748,-0.0871302,-0.09189912,0.22783813,0.04875271,0.19594267,-0.055988617,0.29766747,-0.48038518,0.13235782,0.20122294,-0.09398124,-0.06790543,-0.12688696,-0.1291679,0.22428365,-0.014153779,0.22304608,-0.0077502793,0.038343877,0.16269304,-0.4307604,0.17915642,0.049039062,-0.57902503,-0.017206011,-0.32511836,0.23946086,-0.10206519,0.12736885,0.4911142,0.2107882,-0.37753353,-0.6569789,0.050584186,0.13602549,0.35287517,0.046509586,0.45739484,0.16437675,-0.2476095,-0.5069716,-0.3512647,0.23188353,-0.066818506,-0.34859914,-0.2197271,-0.12372387,0.0032756971,-0.49172604,0.45324463,0.19095455,0.23099421,0.07384729,-0.18203662,-0.2879542,0.11615116,0.05760777,-0.16264765,-0.29308406,-5.203277e-05,-0.301317,-1.375564,0.5093787,-0.0747497,-0.29950663,0.29549325,-0.13233826,0.43013972,-0.032721944,0.028088085,-0.50791377,-0.050771274,-0.06698458,-0.3784452,-0.30406904,0.16095054,-0.024496375,0.17258854,-0.13825786,0.12132998,0.59571093,0.20661497,0.10028629,-0.490644,0.02249907,-0.016065918,-0.443726,0.3543742,0.09329098,0.24729511,-0.25788945,-0.008001317,0.060384393,-0.22114347,0.08295107,0.3982243,-0.27267703,0.13193054,-0.18347114,-0.011290437,-0.057125177,-0.15842073,0.26213026,-0.17915855,0.3891375,-0.13830888,-0.3835513,-0.6206535,-0.014903406,-0.016971018,0.06351795,-0.4060451,0.20233978,-0.0634839,0.39933342,-0.7545047,-0.5345463,0.23882234,0.023460727,0.3256689,0.29080498,0.2221425,-0.4639452,0.33097684,0.23121154,0.21519357,0.7193762,-0.27975586,0.03854109,0.2897357,0.045866426,-0.17649907,0.19029358,0.16133797,-0.107290566,0.12268096,-0.07146993,-0.33084354,0.19164869,0.0013968849,-0.23524266,-0.05430864,0.35328025,0.64840883,-0.015527777,-0.13192788,-0.5505252,-0.16774237,-0.34559745,0.046958752,-0.07386952,0.15133215,0.48270965,-0.007876776,0.007300813,0.39005896,0.21798667,-0.37989798,0.14920586,0.05630794,-0.27473223,0.42569992,0.023671145,0.06909127,-0.2856857,0.032694675,0.28329715,-0.63120466,-0.21857712,0.40221483,-0.0015656564,0.4370723,0.7144178,0.20548128,0.17558849,-0.15181547,-0.1881478,0.40004662,0.6818471,0.5845885,-0.023564875,-0.46794894,0.0075630033,0.06072977,0.6022049,-0.043736916,-0.10085388,0.2550064,0.161277,0.51740813,0.5135894,-0.08234572,-0.1974795,-0.88445634,0.21546547,-0.28702807,0.47414482,0.064793155,0.12283699,0.011452693,0.16909868,-0.017035337,0.26000035,0.09276798,0.0832788,0.23692974,-0.33455762,0.1521943,-0.18871939,-0.16065924,-0.2999593,-0.48704594,-0.27518827,0.29743624,-0.35542434,-0.27125186,0.012392138,-0.4637774,0.15909193,-0.3696016,-0.5637911,0.10580609,-0.25133136,-0.4764776,0.2514347,-0.050399832,-0.0435995,0.10228219,0.38568103,-0.2239658,0.094483,-0.28778446,0.22395831,0.081133135,-0.14078139,-0.03365366,-0.23249005,0.5470199,-0.43180358,-0.14679356,0.22811815,0.51223844,-0.02600263,0.23334639,0.15096441,0.032675833,-0.024358664,-0.43092418,0.2659782,-0.42468312,-0.25209716,-0.21995878,-0.124631055,-0.15833028,0.08266596,-0.06668359,-0.15611051,0.38354462,0.1848031,-0.04078243,-0.07783404,-0.109931715,0.3947251,-0.44332218,-0.29116523,-0.3934642,-0.40005648,-0.1598382,0.3089236,0.09985848,-0.21753143,-0.095363244,0.09797818,0.15275347,0.18719055,-0.036698207,0.29833767,0.10637892,-0.07092865,0.22836527,-0.26766047,-0.3267915,0.119583435,0.104311556,0.18922023,0.12163887,-0.11591384,-0.2803472,0.09824722,-0.19203807,0.0,0,0,1,0,0,0,0,0,0,0,0,0,0,0,1,0,0,0,0,0,0,0,0,0.0,0.0,0.0,0.0
0.24173239,-0.31789523,0.84572595,-0.3604877,0.11218994,-0.5132944,0.56439257,1.0134751,-0.20889696,-0.30906495,0.33691588,-0.40428057,0.32911292,0.76321495,-0.53001463,0.20022658,-0.19276798,0.022612896,0.26461428,0.0253793,0.63706785,0.30010164,-0.023004202,0.07354599,0.0049944334,-0.29539785,-0.2796016,-0.18246078,-0.119626656,0.15200442,0.015689127,-0.014226348,0.020690078,-0.031905588,-0.014439959,-0.25976622,-0.25754303,0.4870785,-0.39966115,0.2196464,0.09039941,-0.36538628,0.37398067,-0.4135511,-0.34385145,-0.08618454,0.20059162,-0.632517,0.4265363,-0.23313108,-0.28158063,-0.16594477,-0.8828678,-0.33450058,0.15817715,0.48143128,0.10550979,-0.8993342,-0.43375492,0.076180436,0.23050614,-0.23642379,-0.23526327,-0.113488734,-0.46181914,-0.33525765,-0.055387534,0.023043895,-0.039119065,0.18197633,-0.06837232,0.01187046,-0.035208154,0.7754448,0.15210786,-0.15564026,-0.32678887,0.5125652,-0.11634407,-0.24626671,-0.15321817,-0.059833642,-0.2513255,0.10579815,0.149769,0.014904908,0.022593036,0.05920144,-0.4522724,0.69024557,0.4612593,-0.018275179,-0.41827676,0.04143929,0.48383084,-0.47748098,-0.011506093,0.13727622,0.09439604,0.20505728,0.41694477,-0.37217972,-0.038542747,-0.62630993,0.17469643,0.0011527945,-0.15635203,0.049147878,0.84680146,-0.300004,0.20361868,0.31641874,0.13395695,0.13524112,-0.2849723,-0.061078534,-0.17112087,0.26076782,0.28113583,-0.32507285,-0.97261584,0.036414914,0.27129233,0.428934,0.32974193,0.740181,-0.18929264,-0.45531666,0.28293845,0.37085345,-0.38093093,0.46591142,-0.35274047,-0.69645303,0.31752574,0.07366897,0.049833823,-0.38785523,-0.4607537,-0.19600067,-0.36621663,-0.25909892,0.36234066,0.3262418,0.039140996,-0.21699604,-0.44246137,-0.053286012,-0.13501489,0.21461713,-0.7840162,-0.29353392,-0.43692848,0.07874411,-0.6362519,-0.07208467,-0.71873873,0.16076258,-0.014178444,0.4726754,0.4299736,-0.15910305,0.037152737,0.20715007,0.12520204,-0.04819129,0.3411393,-0.34292373,-0.12801081,0.032083124,0.02206334,-0.05756571,0.16285345,-0.20758887,0.3029962,-0.015986752,0.10460003,0.31813732,-0.42865252,0.40127563,-0.3461608,0.0026363006,-0.24147959,0.24131659,0.49338377,-0.043678757,0.21551141,-0.18502422,0.699576,0.090315774,-0.3122579,-0.21929449,0.7366198,-0.39915523,0.4680104,-0.34736988,-0.19748922,-0.2014458,-0.15219694,0.29604843,0.30896163,0.281054,0.056347262,0.0047057513,-0.4257366,0.80047226,-0.49568924,0.48588866,-0.11886703,0.19229522,-0.024838872,0.6339029,-0.13645045,0.2847493,0.45497268,-0.14513354,-0.23432712,-0.048457503,0.028849266,-0.062481113,-0.26855573,-0.34973145,-0.3728328,0.16576394,0.08890891,0.83387595,-0.20618825,-0.2848138,0.10997614,-0.075570576,-0.26087433,-0.5594041,0.38393584,0.022886027,0.24872574,0.68937594,0.037008703,-0.3228427,-0.07124369,-0.18293339,-0.39586812,0.27214006,0.6015921,0.25883162,-0.5336428,0.09846194,-0.5257943,-0.809281,-0.28632998,-0.18539529,-0.31087202,-0.31554106,0.0163526,-0.13291569,-0.018464826,-0.050206155,-0.18513623,-0.38908085,-0.25047427,-0.52640885,0.26804048,-0.26005387,-0.27906534,-0.12501545,-0.38301212,0.0057422887,-0.21313658,0.5143631,0.47556105,-0.09934033,0.21090195,-0.116919905,0.14045042,0.710437,0.6813531,0.20001434,0.35286435,0.3608649,0.110024445,0.029052507,0.41944036,0.62233454,0.011686503,0.01901434,-0.00017255724,-0.22432493,-0.022753656,0.35784477,-0.0027424558,-0.3938414,-0.22175255,-0.029344602,-0.27449998,-0.012740469,0.3506214,0.25835872,-0.4381744,0.13978204,0.20876639,-0.22468479,-0.5484475,0.25295493,-0.19562215,0.069552004,-0.30008146,-0.23110542,-0.22390616,0.074983686,-11.241442,-0.515209,-0.11964501,-0.16697283,0.29145768,-0.24876167,0.42493778,0.048562113,0.11375554,-0.17432709,0.06641803,-0.31731334,0.24878925,0.30383474,0.25071296,0.06377178,0.784357,-0.032873042,-0.34675434,0.777266,-0.07546708,-0.0838276,0.7521796,-0.17144072,0.009102602,0.0418958,0.073024005,0.056354035,0.37433216,-0.13822289,-0.063023865,0.069681846,-0.2977674,0.9593688,-0.26978615,0.50689584,0.0929685,-0.36215457,0.30964762,0.073182516,0.19306804,-0.5487734,-0.083909854,0.16457321,0.39723656,-0.33053884,-0.11633438,-0.069144584,0.11845736,0.27779064,-0.20735416,-0.35401925,0.13393047,-0.9231088,-0.23276813,0.1502954,0.6840877,1.0838202,-0.15008701,-0.7556082,-0.08500104,0.22695498,-0.7373608,-0.5176973,0.4958884,0.44640768,-0.087560505,0.0338279,-0.23207287,0.075930715,-0.12275161,0.09915341,0.27809018,-1.3834174,-0.4610755,0.6628908,-0.14731845,0.6213986,-0.24957623,-0.10172141,-0.34730184,-0.22502704,-0.24930164,-0.046774782,-0.53379905,-0.17028123,0.45197347,-0.778275,-0.55179745,-0.12973042,0.22108635,0.029902115,0.20108368,0.4246148,0.48660603,0.045500435,0.25918248,-0.21630435,-0.20619279,-0.042217687,0.024966067,0.7064263,-0.08649904,0.21357657,-0.23066765,-0.004761494,-0.03750908,-0.25873515,-0.20883344,0.043091707,0.6690699,-0.32489082,0.058330145,0.056121692,-0.33404306,-0.6278656,0.35805985,0.38261274,-0.5188163,-0.5244051,-0.26559564,-0.20400488,-0.73735404,-0.78067446,-0.66366446,-0.023318643,-0.27700284,0.31546474,-0.3302221,0.39578763,-0.64953977,-0.035310324,-0.1086621,0.25501937,-0.09801987,-0.30944324,-0.25035632,-0.9723491,0.26131392,-0.16386002,0.2869048,0.40830767,0.18965039,0.60990924,-0.12046426,0.06741131,-0.19376253,-0.26128742,-0.16475576,0.42697385,-0.2552239,-1.0903071,0.6031288,0.062597,-0.102245,0.28526825,-0.06280924,-0.5432241,-0.079244405,-0.52336156,-0.37924042,-0.36681336,-0.28284165,0.48956624,-0.115796894,0.18609783,-0.24374805,-0.14586215,0.59971464,-0.32759368,-0.58794534,0.47102085,-0.413568,0.34007403,-0.061205603,0.30029047,0.15603085,-0.39008155,-0.01593526,0.06500973,0.23043068,-0.12847972,-0.058722705,-0.09840883,0.587723,-0.030480472,0.27021393,-0.3633641,0.4282359,0.50234383,-0.9214653,1.3207332,-0.032086708,-0.26346028,0.17401443,-0.50780547,0.5624398,-0.092368975,0.3108095,0.43845984,0.27457333,-0.012063617,0.13189127,0.20602669,0.012099279,-0.21052878,-0.349874,0.46051562,0.506853,0.07356995,0.28569362,-0.27558997,0.20970392,-0.07743725,0.27128434,-0.18444635,0.008458303,0.054215755,-0.842543,0.49538174,-0.0834637,-0.5010327,-0.19870058,0.13657774,-0.33177555,-0.26812646,0.120985754,0.20290744,0.029511625,-0.3443786,0.0018717201,-1.6935833,0.64600897,0.19675007,-0.19111192,-0.02207866,0.048026495,0.20256439,0.35236287,-0.10533976,-0.25163728,-0.33285892,0.19983938,-0.6280949,-0.21011816,0.24998248,-0.0684535,0.014002634,-0.38614786,-0.04787066,0.64803004,-0.2858202,-0.13054599,-0.25923097,0.124744385,-0.4098037,-0.88420194,0.20944943,-0.34530297,0.44448307,-0.33840835,0.40430617,-0.08398444,-0.6072154,0.00065413624,0.2966578,0.354165,0.2687863,-0.49053407,-0.0017474156,-0.09806106,-0.17635831,0.043212112,-0.3721747,0.21452992,0.06050863,-0.5067823,-0.14700249,0.5992749,-0.15611577,0.051513344,-0.3324254,0.022284405,-0.06308818,0.10266092,-0.2754863,0.20192948,-0.4342903,-0.00029463574,0.24953993,0.27537653,0.59238225,-0.63531417,-0.28913966,0.3863301,0.38608345,0.7431455,-0.39533103,0.44482517,0.40381396,-0.07032492,-0.6784666,0.3851024,-0.10687616,-0.34160218,0.774244,-0.2743312,0.17215987,0.063509785,0.50511706,-0.5129139,0.23404485,0.6923248,0.42169854,0.11115768,-0.5875246,-0.18855564,-0.6000868,-0.29420012,0.26599866,-0.26497993,0.040125646,0.65686244,-0.16660663,-0.20144694,0.19098315,-0.2782634,-0.0018771329,-0.12722154,0.19719708,-0.16324715,-0.026369415,-0.119033955,0.15030603,0.499183,-0.0902618,-0.025960166,-0.48162174,0.08165897,0.34395003,0.6204486,0.33336407,-0.1691173,0.42112693,0.10357272,-0.3366876,-0.48141754,0.4244394,0.7117201,0.71373457,0.33888882,0.12465399,0.1995269,-0.7464152,0.5493858,-0.27193514,-0.094922416,0.10652814,-0.13392161,0.4202938,0.29719698,-0.21894448,0.18749857,-0.16673662,0.17831258,0.051070537,0.293153,0.25147918,-0.2854323,-0.3062632,0.025285736,-0.046192538,0.0035451937,0.39154437,-0.20525429,0.25882503,-0.45687243,-0.15872374,-0.07693429,-0.07836297,-0.24461547,-0.18835059,-0.45594707,-0.22259907,-0.09374614,-0.39083177,-0.6526468,-0.33700633,-0.43861094,-0.15623404,-0.23646519,0.19550936,-0.300207,-0.40159822,0.25017384,0.086604014,0.15228361,-0.2639982,0.406397,0.05227064,0.34124577,-0.35716525,0.28021634,-0.1316538,0.2920412,-0.45818722,-0.3727976,0.05624523,-0.26385495,-0.25622195,-0.30304876,0.6047976,-0.11619192,0.47959274,-0.097023554,-0.16669971,0.1149321,-0.62967086,-0.39926314,-0.34958604,-0.4985169,-0.36124608,-0.5031487,-0.48841384,-0.09221282,-0.97238123,-0.24277855,0.22651209,-0.21516128,-0.11980538,-0.098782815,0.14461164,0.7872769,-0.68062186,-0.2577224,-0.28279975,-0.38304767,0.053616866,0.3558538,0.23212583,0.5097356,-0.1609283,-0.051942263,0.0015461984,0.19928713,-0.16595192,0.27746034,0.40982127,-0.59717596,-0.905198,-0.41115725,-0.24215536,0.15073448,0.2988155,0.20641498,0.11689185,-0.24561557,-0.7388657,0.2766333,-0.18890671,0.0,0,0,0,2,0,0,0,0,0,0,0,1,2,2,3,0,0,0,0,0,0,0,0,0.0,0.0,0.0,0.0
0.27256057,-0.29620206,0.7361147,0.32901642,0.74903643,-0.15366441,-0.052885145,0.33034742,0.2873045,-0.13090977,-0.007154351,0.14189188,0.34095162,0.44902906,0.022217683,0.65092695,-0.27845353,0.15988448,-0.31768563,-0.0899966,0.015352227,-0.0046477667,0.43239567,0.19552608,0.41816327,0.1843309,0.18241939,-0.5049755,-0.97419006,-0.12305806,0.49085876,0.3505388,-0.19792852,-0.45844927,0.091742136,-0.563294,0.3194291,-0.25298852,0.32041523,0.28549567,-0.17815603,-0.47255486,0.46338734,0.09583701,0.057316553,-0.24322627,0.0033219105,-0.48810738,0.11304815,-0.3186644,-0.41695583,0.147901,-0.71256304,-0.27687874,-0.124591626,0.4868639,0.22596374,-0.5391037,-0.2976713,0.2959486,-0.1496281,-0.37051883,0.09112482,-0.23340108,-0.2344871,0.19070283,0.15871806,0.47599193,-0.26403725,0.36122632,0.24990734,0.16795321,0.11977217,0.23222902,0.06215118,-0.33312622,-0.52356595,0.8625796,0.104287416,-0.0012750786,-0.1967407,0.3722698,0.5734609,-0.079298735,0.20270948,0.3222531,0.30941454,0.0057200827,0.2998487,0.8628156,0.013966436,-0.47312847,-0.17586741,0.25929195,0.6169592,-0.7755902,-0.5871087,-0.23119666,-0.06604887,-0.029591091,0.72850716,-0.26415202,0.18537411,-0.3889686,0.19396918,0.12658395,0.12616967,-0.26343954,0.2659879,0.35157397,-0.1561384,-0.104931116,0.33556923,-0.3807673,0.16624144,-0.33356977,-0.13633229,0.06041753,0.05161889,-0.022221904,-0.22532776,-0.0074479347,-0.1852235,0.24166277,0.55955523,0.5653518,0.19335608,-0.2556554,0.5375213,0.15451284,-0.022098634,-0.038251903,0.010966507,-0.13817768,0.08643165,0.17165093,-0.007842573,-0.21304561,-0.089661896,-0.074976705,-0.39762366,-0.06868471,0.3172381,0.18833767,0.41332397,-0.026819028,0.15401427,-0.068418495,-0.1875339,0.2306468,-0.5460207,-0.0598803,-0.60296124,0.16915208,-0.43297413,-0.46268275,-0.31459087,-0.05731586,0.071390316,0.27260584,0.27803135,0.29821688,-0.016222645,0.069193274,-0.49353397,0.5204239,-0.31416103,-0.088109024,-0.2717551,-0.3119642,0.08174924,-0.3674826,-0.16650313,0.018824957,0.4773632,-0.05800843,-0.30697396,-0.16224222,-0.11759781,0.71100724,-0.58106387,-0.30201766,0.22470044,-0.35610715,0.49348262,-0.17983252,0.6693205,-0.32384652,0.36487716,0.33911443,0.0026332724,0.097282976,0.30865216,0.02734302,-0.35125583,-0.5060353,0.013178241,-0.51737756,0.33190623,-0.1312664,0.2126093,0.3858083,0.31521603,-0.0145085575,-0.6984601,0.18767422,-0.20340966,-0.2799048,-0.20664543,-0.2644833,-0.2484167,0.100997865,-0.50459224,-0.00988498,0.07051399,-0.049710087,0.22258194,-0.018966537,0.08470143,0.36550304,0.017916178,0.002111686,0.3400925,0.19093661,-0.19411348,1.3221779,-0.19495077,-0.49807683,0.1220694,0.15579648,-0.35355073,-0.48926902,0.26188165,0.059740853,0.55895936,0.56871265,-0.44250762,-0.3802541,-0.27320698,0.09862594,-0.25754917,0.14851111,0.78389597,0.40620938,-0.37784737,0.3163918,-0.60624045,-0.41417623,-0.32963985,-0.20330893,-0.11744679,-0.17761107,-0.4879165,-0.34092605,0.19166055,-0.15189092,-0.053140543,-0.5417605,0.05036273,-0.5933633,0.20076218,-0.003999389,0.18468834,-0.03762817,0.2886004,-0.58131444,-0.15670918,0.09873904,0.47488767,0.3360372,-0.017914128,0.2022665,0.048450705,0.63433313,0.31453204,0.051800985,0.13713144,0.07841912,0.5215067,-0.14342518,-0.051592432,-0.08356894,0.37321392,0.3414398,-0.020029342,0.33629102,0.45636863,0.07061534,-0.16475774,-0.54190904,-0.43887025,-0.072205745,-0.22747503,0.2080655,0.8812272,0.31548706,0.17483175,0.35154217,-0.40212792,-0.5569239,0.47379082,-0.22079964,-0.0023602585,-0.0261149,0.77774405,-0.16100395,-0.08181615,-0.5262393,-8.554012,-0.42136726,-0.28617665,-0.18537624,-0.044261184,-0.5540281,0.41524297,0.14554136,0.06980703,-0.16970946,0.030335903,-0.29127204,0.4565363,-0.6987469,0.25636402,0.08839481,0.48093578,0.2518097,0.091002725,0.12461273,-0.48048648,-0.38858357,0.7606736,-0.124665044,0.3896825,-0.0007029754,0.001912437,0.03914625,0.10905272,-0.086032026,-0.16032429,-0.20926954,-0.38857362,0.92555344,-0.039686617,-0.47144234,-0.0031052532,-0.53449565,0.34355912,-0.07456639,-0.014988125,-0.2919049,-0.3282677,-0.23054922,1.0327833,-0.2440541,0.25235698,0.04477854,0.12172361,0.02433113,-0.17601304,-0.5731172,-0.16032627,-0.42182267,-0.15006734,0.07876073,-0.11217178,0.8982088,-0.31836358,-0.48289773,0.5990322,0.26319507,0.028957715,0.38070872,-0.56065947,-0.1382783,-0.70237195,-0.52640986,-0.2783015,-0.37948567,0.021215834,0.37614003,0.61426675,-1.09206,-0.5454567,-0.12638038,-0.0789788,0.82495,-0.5344645,-0.18345226,-0.40142947,-0.5878106,0.02885558,-0.14506988,-0.59697324,-0.15085676,0.17444809,-0.54160917,-0.27820846,0.19472334,-0.11411283,0.11300399,0.65761787,0.15012711,-0.12403354,-0.21432577,0.38101193,-0.59203184,0.031005206,0.009231969,0.265511,0.44042215,0.43955314,-0.45780915,-0.5610344,-0.35387245,-0.037051458,0.22266267,0.034251723,-0.38007775,0.26345906,-0.2738811,-0.7371038,0.1060777,-0.35968235,0.00029471575,0.02111222,0.20675756,-0.4512065,-0.7202617,-0.25841,0.11750716,-0.4324633,-0.53311133,0.02760469,0.1795966,-0.48404956,-0.06521917,-0.23356459,0.14236239,-0.5885094,-0.118736476,0.03408711,0.24084759,-0.014794938,0.106191896,0.09991439,-0.07878924,0.27362975,-0.05696337,-0.0050104777,0.6957325,0.107243106,0.504472,0.31705314,-0.09275375,0.41231588,0.29015872,-0.16731931,0.19597387,-0.47401837,-0.50097394,0.15359424,-0.15489154,-0.3791319,0.3615204,0.50500613,-0.26660967,-0.18799447,-0.48217532,0.085315235,0.18768345,0.024181735,0.4732699,-0.042278696,0.22481324,-0.023360696,0.3892713,0.16633843,-0.28109178,-0.39192528,0.28240195,-0.07937032,-0.1527033,-0.16838285,0.40008602,0.3467203,-0.83124405,-0.07977012,0.7071245,-0.06598,0.061258662,-0.039754335,0.018394167,0.52369523,0.1113205,0.36892533,-0.039802454,0.7306639,0.46237594,-0.30263865,0.35003945,-0.21279006,-0.25331262,0.03531953,-0.44107515,0.54621446,0.09511947,-0.12273777,0.6808855,-0.24576527,0.2648831,-0.44482267,0.34205714,-0.42907253,0.2857613,0.38118646,0.629342,0.034052346,-0.16227168,0.29074168,-0.2072167,-0.33574924,-0.17966631,0.32456046,-0.14973651,-0.24133623,-0.07726184,-0.87149256,0.2331347,0.1843049,0.16948847,0.100642875,-0.03776755,0.2509697,0.080619484,0.41054192,-0.019839637,-0.4337587,-0.13825744,0.13817509,-0.7667207,0.07248336,-0.015314788,-0.07436918,0.14354372,-0.70257455,-0.38993165,-0.09596886,-0.5207175,-0.6101677,-0.81876,-0.24387819,-0.43998572,-0.62601405,0.11150059,-0.07439339,0.30508167,-0.27177086,-0.2733474,0.38753223,-0.26834956,0.022997737,-0.36053833,0.33627033,-0.6741734,-0.43870842,-0.36807832,-0.31294763,0.29322648,-0.28914085,0.4098971,-0.00081400305,0.16898985,-0.09014713,0.13504006,-0.013045427,0.14400834,-0.4002148,-0.599389,-0.23132879,0.015964208,-0.3851902,0.1822385,0.07539077,-0.19809899,-0.60634536,-0.40153337,-0.018476633,-0.0045055347,-0.31586772,-0.15354243,-0.09923098,0.5167682,0.45555437,-0.07699799,-0.49501455,0.25725198,-0.2004205,0.3802613,0.9841665,0.22152086,-0.3819617,0.17842281,-0.5084965,0.47669306,0.6985849,-0.4803681,0.51601774,0.56367636,-0.24459425,-0.41603678,0.014443704,-0.0054316306,-0.43887234,0.14453588,-0.11288879,-0.38579312,-0.38159215,-0.17282362,-0.33849862,-0.46790868,0.7556085,0.80315286,0.2329462,-0.46860436,-0.64352345,0.138911,-0.65942794,0.31517276,-0.03536539,0.6749772,0.5682904,-0.1702036,0.089480355,0.37102464,-0.46473324,-0.2654322,0.05398841,0.027777933,0.0014736966,0.16138732,-0.27025294,-0.27621728,0.36946833,0.06435213,-0.21827932,0.2487929,-0.10470696,0.06165832,-0.12260584,0.37512276,0.33158034,-0.0032378554,0.06540181,-0.32973823,-0.416014,0.008217548,0.9720922,0.44290042,0.17046072,-0.18433426,-0.006592544,-0.21305522,0.2822796,-0.3719624,-0.08699909,0.18178709,-0.0031886941,0.45833316,0.12951638,0.39746922,0.08918095,-0.78732324,0.02252161,-0.33904353,0.25013927,-0.0013369623,0.15751305,0.09960799,0.24506155,-0.19738238,0.09732925,-0.100030996,0.18347086,-0.19758537,0.040566187,-0.45944038,-0.13363996,0.5723367,-0.213621,0.04032983,-0.9730683,-0.35203528,-0.27880073,-0.49403518,-0.17771551,-0.24670371,0.028350351,-0.41836154,-0.495157,0.1183471,0.11919094,0.06140246,0.27126607,-0.14999162,-0.3209442,0.2827153,-0.06654644,-0.033383578,0.27118665,-0.48742992,-0.4313547,-0.12256248,0.42464888,-0.27650547,-0.3645398,0.5537831,-0.69939905,-0.27948654,-0.25442222,0.18945205,-0.03193317,0.7130119,0.07268565,0.022592358,0.71635985,-0.41325977,-0.41556305,-0.3928021,-0.39679155,-0.66131884,-0.29202256,-0.1474005,-0.0728094,-0.49866378,-0.4308365,-0.28282514,0.16257906,0.15094268,-0.09652918,0.072819754,0.28675595,-0.15039435,-0.23537172,0.01717905,-0.21702972,0.13079613,0.024123304,0.4797377,-0.07600832,-0.101159945,-0.100807674,-0.22851768,-0.22092043,0.054544196,0.18059023,-0.3322945,-0.46340933,-0.36685127,-0.6375541,-0.16345465,-0.22970124,-0.0691288,0.32890236,0.34938318,-0.5640942,-0.22508217,0.37014234,-0.5214241,0.0,0,0,1,0,0,0,0,0,0,0,0,0,0,0,0,0,0,0,0,0,0,0,0,0.0,0.0,0.0,0.0
0.27776015,0.43507367,0.48210678,-0.57162786,0.60602933,-0.09395905,0.48475602,0.05001089,-0.051683817,0.20527995,-0.06059156,-0.13712609,-0.21661495,0.75257134,0.43478695,0.71696204,0.099379234,0.14399791,-0.24153475,0.48148042,0.5284296,0.3491244,-0.3268715,0.11414896,0.11351504,0.56330615,0.00011784017,-0.31444246,-0.45787454,0.13102315,0.20188078,-0.14350984,-0.21982062,-0.5483475,-0.81760377,-0.50778353,0.1151083,0.18235293,0.5919391,0.10186534,0.25567174,-0.70572764,0.34113744,-0.06890761,-0.11281841,-0.4519403,-0.0034536996,-0.2663533,-0.013632835,-0.6821042,-1.1691571,0.07774242,-0.12860028,-0.8137583,0.0006167069,0.51073825,0.41914982,-0.6131267,-0.032851975,-0.3382666,-0.33935368,-0.72186804,0.18267433,0.59223413,-0.43970123,-0.20707765,-0.045442972,0.19263971,-1.0367302,-0.35412788,0.35769168,0.34441638,0.7490558,0.0696263,0.012970575,0.30968592,-0.59611946,0.64501923,0.13226455,-0.090411216,0.066208936,-0.29387668,0.6532779,0.36465988,0.66342115,-0.10147359,-0.18430766,-0.13505076,-0.5631079,1.0735958,-0.17304094,-0.022893853,0.007644335,0.051836118,0.41912133,-0.52778566,-0.63284403,-0.01112422,0.2886407,-0.20682321,0.50295174,-0.9630355,0.6225967,-0.121935174,-0.468265,0.22956699,-0.40847683,-0.08278623,0.41950715,0.11286504,0.19907242,0.22192657,0.34038666,-0.06948032,0.66381156,0.040874887,-0.62976664,0.60468394,0.080105476,-0.030218255,-0.4381039,0.11752594,0.7085997,0.13667148,0.30456164,0.25637192,-0.28181174,0.009266991,-0.17507242,0.59425336,0.6836449,0.5739109,-0.18251003,0.11841001,0.11738288,-0.4111375,-0.17642444,0.094790176,0.1280679,-0.47050014,-0.15619281,-0.08684629,0.14207134,0.40605712,0.5239944,0.015559185,-0.33192486,0.017129296,0.10078192,0.11242066,-0.26573732,-0.011586133,-0.27345034,-0.34865487,0.024949951,-0.19157694,-0.60301447,0.12790303,0.114673436,0.46018425,0.3195288,-0.037156697,0.109023005,-0.5180106,0.002598668,0.17077209,0.61976874,0.4037259,-0.55733705,-0.24156305,-0.17626666,-0.8786293,0.7621792,-0.296099,0.22722453,0.16960096,-0.056067616,-0.8850488,0.3587608,1.0649023,-0.4524678,0.39466804,-0.17392099,-0.6575954,0.5528861,-0.37329745,0.949421,-0.8225626,0.425167,0.39772308,-0.5549018,-0.107506946,-0.27480122,-0.2634247,0.48370403,-0.46700302,-0.06363156,-0.4516705,0.95718557,0.116505735,0.024207423,0.39307347,0.15657975,-0.62595695,-0.34780705,0.98526686,0.21043932,-0.015143152,-1.066053,-0.022248227,-0.38833016,0.30919158,-0.20663366,0.34426013,-0.13721927,-0.24071151,0.17308445,-0.39958274,0.60150456,0.0059172213,-0.48155916,-0.8055488,0.14577904,-0.008405304,-0.49755722,1.4761748,0.45337018,-1.1835269,1.0235116,0.0019280678,0.28693065,-0.7465687,-0.33478847,-0.4923825,-0.25718004,0.70494723,0.42005593,-0.19710003,-0.270488,0.63786864,-0.73456705,0.64664465,0.3710577,-0.45963344,0.045057762,0.38171008,0.10312514,-0.83932734,-0.080196075,0.5460877,-0.4214299,0.01794616,0.31399867,-0.004787069,-0.2607022,-0.78008354,0.44103926,-0.28794864,-0.20578437,0.10046101,0.18949933,0.16055556,0.35084292,-0.35126358,0.5618646,-0.34182274,0.19195947,0.5445155,0.751069,0.28784522,-0.77304274,0.090575345,0.15396911,0.43722075,-0.31174874,-0.76130486,0.64336795,-0.17589748,0.3576407,-0.62231475,-0.46728948,0.24803373,-0.031002462,0.023449788,0.34038493,-0.611336,0.4886212,0.16082008,0.058028255,-0.19085951,0.18818136,0.330348,-0.054802775,-0.52490044,1.1093776,0.053677157,-0.39653686,0.34294936,-0.82677054,-0.75600266,-0.34563598,0.36980286,-0.059920806,-0.2898415,0.07027677,-0.016365664,-0.77928454,-0.29234967,-11.791676,-0.046567798,-0.4729676,-0.37372032,0.06315109,-0.20191887,-0.23272696,0.20501357,-0.44501945,0.1583032,-0.23508915,-0.08111255,-0.38279927,-0.68109,0.025164258,-0.38814637,0.543639,0.6277,-0.8487001,0.46170902,-0.32466274,-0.61262804,0.72367644,0.3306396,1.0646671,-0.040854655,0.039371703,-0.47368282,0.060179476,-0.4253801,-0.05628345,-0.033217587,0.033040684,1.085211,-0.2613512,-0.095466144,0.19647494,-0.9480285,0.36062214,0.1268196,-0.08221496,-0.38540345,-0.73215055,-0.0314114,0.8420471,-0.34607202,-0.51699454,0.24825436,-0.18947302,0.2502556,-0.2226111,-0.23492453,-0.4492451,-0.5800873,-0.3095626,0.30106676,0.3362519,0.32088718,-0.2912084,-0.04210032,1.1366731,-0.23503472,-0.46289277,0.40901875,0.015335393,-0.36682755,-0.60301214,-0.18182234,-0.6748467,0.23291188,0.064526476,0.1354833,0.2985368,-0.7794049,-0.007529138,-0.19001274,-0.11799803,-0.17723964,-0.3287917,-0.32559216,-0.7648827,-0.62770075,0.06285225,0.0010048287,-0.7837007,-0.17704444,-0.35143864,-0.42160335,-0.124571845,0.86094344,0.032395944,0.14939147,0.33566284,0.30538687,-0.21399039,0.0735558,0.6461869,-0.5986483,0.07239358,0.6454547,-0.3052461,0.077370256,0.84497184,-0.12311301,-0.48732278,0.35537598,-1.0067039,0.36550674,0.12438583,0.055743173,-0.39717308,0.16463427,-0.3446138,-0.35694432,-0.46697634,-0.11453762,-0.26972914,0.6063759,0.009915983,-0.1738241,-0.99431956,0.6136422,-0.6706172,-0.775768,-0.6794973,0.012709707,0.26739714,-0.107090324,-0.16190189,-0.19503996,-0.18037462,-0.40939713,0.112967566,-1.0951759,-0.08665319,-0.12068119,-0.09452786,-0.42593983,-1.1929731,0.6339695,0.8474678,0.06742776,0.42535853,0.64548117,-0.2508561,-0.33984965,0.022437252,-0.073995166,0.34223738,0.39701873,-0.23782948,-0.77543944,0.33476558,-1.0738736,0.42319635,0.34008124,0.73998696,-0.75508827,-0.43680912,-0.8310783,0.91682106,-0.2844137,-0.2935724,-0.005848702,-0.18152232,-0.24166885,0.40885535,0.0759198,0.1353895,-0.5490184,-0.2933429,0.2152393,0.36074665,0.3339529,-0.121876866,0.1312866,0.58978546,-0.42302006,-0.12756272,0.5134612,0.7457027,0.74453676,0.09326672,-0.3637567,0.18862301,-0.6749725,-0.26305953,0.8380445,0.5182924,-0.050761953,-0.52324015,-0.05700861,-0.21041565,-0.15411969,-0.23532295,-0.2022177,0.23162626,0.67439085,0.43730867,1.1631216,-0.33914295,-0.20603256,0.022069495,0.1453156,-0.11443679,0.22170553,0.27716824,0.42474198,0.46949077,0.1903444,0.5836322,-0.36052653,-0.6915945,0.06730624,0.65287256,0.0098936735,0.06054994,-0.21799646,-0.49775833,-0.22692232,-0.08180876,-0.06895467,-0.29752696,-0.46190915,-0.23187023,0.27488565,-0.29024348,-0.2723165,0.1470716,0.010070847,0.09966476,-2.1082144,0.48057592,-0.31693372,0.22299914,-0.2404606,-0.027476922,-0.051388536,0.14918852,-0.069344565,-0.1935125,-0.9123563,0.43658245,-0.5217722,0.037008222,0.23846254,-0.21662493,-0.3903775,-0.08197593,0.43804207,0.4634872,-0.42951545,-0.35651344,-0.52431315,0.19689362,-0.08102623,-0.415744,0.38810796,0.08898753,0.48665574,-0.07672768,0.06868722,0.16307047,0.18409313,-0.29083234,0.40429315,0.28391683,0.36158952,-0.1334833,-0.4761406,-0.4684397,-0.6542941,0.11956975,0.49816,-0.80537105,-0.53442824,-0.5961642,-0.47290316,0.3218151,-0.27113548,-0.35401496,0.058417436,0.2972419,0.61703223,-0.13730162,-0.01813926,-0.26623338,-0.19608325,0.04447869,-0.012966016,0.34955868,0.8366953,-0.86485666,0.28577292,-0.24218683,0.4521953,0.37843436,0.31462437,-0.5568639,0.109585464,-0.25613606,-0.18901376,0.4654912,0.22640264,0.3183102,0.38219002,0.18486972,0.060910758,-0.55878305,-0.063073166,-1.0643697,-0.2867669,0.17058173,0.3823147,-0.07696098,-0.13216537,-0.34219918,-0.51471484,0.009672441,-0.034775253,-0.017104052,0.34481895,1.5379354,-0.060023427,0.4537885,-0.08280154,0.23319061,-0.1171004,-0.37153798,0.3860121,0.40209788,-0.06984417,0.66995186,-0.032152053,-0.06776004,-0.29176545,-0.40744504,-0.11616638,-0.39190102,0.2793322,0.17653742,0.48258644,0.22161928,-0.41752854,0.021912737,-0.08566145,0.1967956,-0.011949692,0.34992227,0.38917005,-0.11198156,-0.18705714,0.10532722,-0.24424246,0.6118866,-0.13702129,0.20495267,-0.362865,0.4003333,0.81118387,0.41390267,0.3616992,0.71014005,-0.43581623,-0.44808188,-0.09925106,-0.0040790453,0.4244355,0.23338589,0.021079533,0.008837862,-0.776635,0.12535064,0.49391896,-0.2771871,-0.04599055,-0.2920448,-0.28782752,-0.24539024,0.03314503,-0.37809953,0.15375552,0.029339166,-0.5099066,0.5609824,-0.8391167,-0.077427946,-0.07232322,-0.4492875,0.22204721,-0.100122154,0.081404306,0.02051752,-0.12241013,0.31409085,-0.4296347,0.13401873,0.09358543,0.67826444,-0.06984524,0.06714212,0.10993599,-0.32906106,-0.39708033,0.115522966,-0.0048354156,-0.10154336,0.2978849,-0.5353529,-0.093266994,0.8190911,0.070120566,0.08738789,0.5114646,-0.17543453,0.14037621,0.42451176,-0.30385286,-0.9137722,0.12499752,-0.36055747,-0.87390715,-0.11843334,-0.10571409,-0.0024374821,-0.33863583,-0.28171012,-0.34169996,0.35835156,-0.50880075,0.15627658,0.36578625,0.6940672,-0.059574336,-0.5365708,-0.4570557,0.12230855,-0.37661856,-0.3567517,0.5125651,0.61395437,-0.1442729,0.20467569,-0.10886659,-0.3547405,0.38584018,-0.2038624,-0.12603176,-0.76108766,-0.47282994,-0.8609681,-0.18473402,-0.40698418,-0.33356997,-0.07480457,-0.12891723,-0.4484559,-0.83037126,0.01678777,0.6058882,0.0,0,0,1,0,0,0,0,0,0,0,0,0,0,0,1,0,0,0,0,0,0,0,0,0.0,0.0,0.0,0.0
0.1931704,0.08075965,0.675602,-0.16148224,0.45645446,0.12170843,0.07380814,0.09506419,0.1799227,-0.116924345,0.09894344,-0.21344592,-0.19679357,0.5726788,0.25397167,0.49495333,-0.1461343,0.0111745335,-0.36790738,0.27474824,0.13340612,0.19029379,-0.28391522,0.1468804,0.12635133,0.35600445,0.025875092,-0.29320267,-0.671252,0.023806605,0.034736358,0.23707153,-0.49216336,-0.40341842,-0.6636274,-0.36351734,-0.07469627,0.09371437,0.5500076,-0.09882995,0.23088951,-0.49583513,0.4242893,0.092554435,-0.38773835,0.19551958,-0.0010017068,-0.59289485,-0.1546534,-0.5177493,-0.7953157,0.09021231,-0.33255723,-0.4392324,-0.035575513,0.5719853,0.5042423,-0.7514059,0.07031652,-0.123740375,-0.276257,-0.4119336,0.18208179,0.35092476,-0.44306874,-0.6271648,0.14967163,-0.055509686,-0.70489043,0.048931047,0.25402957,0.11065687,0.5894452,-0.084077224,-0.08479938,0.039080795,-0.3589317,0.39993554,0.115770824,0.044116545,0.072108656,-0.19157085,0.3730382,0.5082032,0.4135188,-0.17127411,0.2822325,-0.23791035,-0.44640326,0.8693367,0.029071823,-0.2823307,0.009459166,-0.23255253,0.17995378,-0.46971065,-0.42193764,-0.3526471,0.10725398,0.0675554,0.6123631,-0.86407334,0.3664525,-0.2407913,-0.009563862,0.12454268,-0.2663759,-0.013166193,0.31456834,-0.11218416,0.042082332,0.13469408,0.32606,-0.088876314,0.35400972,-0.053107325,-0.34151122,0.4639954,0.12303854,-0.1273563,-0.14041218,0.042254787,0.27688757,0.15614969,0.24884488,0.4637296,-0.2978365,-0.16237451,-0.22566128,0.20861477,0.48868674,0.41505146,0.13072166,-0.346114,0.078616045,-0.04083901,-0.073505476,-0.12722927,-0.008625661,-0.47414476,0.16521458,0.37223762,0.24078014,0.3305412,0.18711792,-0.14051817,-0.050382245,-0.17254621,0.11947141,0.27932265,-0.10466582,-0.2652093,-0.30315104,-0.58623254,0.16466245,-0.043073326,-0.41922027,0.03956772,-0.07535576,0.2397422,0.030263737,0.19120888,-0.02368577,-0.4271046,-0.051164974,-0.014731233,0.2630802,0.39486092,-0.31851187,-0.33502406,-0.1252117,-0.6233533,0.5692246,0.14369854,0.105432816,0.26891467,0.2115309,-0.4487337,0.16661604,0.7313955,-0.42661175,0.43230096,-0.09310955,-0.48285398,0.5640085,-0.40115264,0.86437535,-0.67404103,0.4644948,0.18731815,-0.4823333,-0.17891409,-0.24694067,-0.3112992,0.4642696,-0.4091372,-0.062295508,-0.63958514,0.4615984,-0.05441,0.04077961,0.5858392,0.6284483,-0.6354832,-0.29054117,0.70601,-0.16200863,0.024947314,-0.5901632,0.08510328,-0.21384056,0.15964484,-0.14230882,0.38795325,-0.031683367,-0.15220696,0.44472513,-0.14770797,0.4126073,0.16359457,-0.2112627,-0.5443493,0.18388171,0.16331552,-0.52435803,1.1479095,0.36096925,-0.8677073,0.7348433,0.11379404,-0.05979614,-0.46477726,-0.07336078,-0.42289776,-0.078077614,0.43643206,0.16731876,-0.4684169,-0.4258579,0.41648614,-0.48898497,0.47057143,0.14257303,0.08445318,-0.026232112,0.1713562,-0.10354497,-0.6962988,0.11300694,0.14222407,-0.69237596,-0.062009417,0.060446292,0.20128423,-0.044050816,-0.3540168,0.2915769,-0.16138409,-0.4436459,-0.251127,0.3600913,0.026957544,0.2150324,-0.070827425,0.2349961,-0.19258021,0.14733197,0.41953763,0.70281786,0.15364166,-0.46257344,0.1623788,-0.03335277,0.5350262,-0.20439208,-0.66627526,0.38044292,0.20851648,0.5244743,-0.5053957,-0.064812034,0.40609717,0.17196351,-0.10244545,0.111094534,-0.5266143,0.4453007,-0.066706896,-0.029230619,-0.5273868,0.032043107,0.07135325,-0.26580393,-0.553154,0.9806478,-0.055770293,-0.41146514,0.07617328,-0.47910154,-0.3470293,-0.3306314,0.0024037242,0.11076015,-0.28456786,-0.25877076,0.20666805,-0.5203169,-0.2609685,-11.473197,0.09626899,-0.40008435,-0.39535892,0.08773913,-0.20863941,0.2084354,0.16722113,-0.28942454,-0.007055753,0.064054996,0.06769198,-0.36173183,-0.37093884,-0.012986076,-0.3675834,0.47272995,0.3782406,-0.6849177,0.11364324,-0.12763476,-0.31604606,0.4652823,0.27629358,0.6963278,0.184242,-0.1720683,-0.2397067,-0.19438276,-0.28104654,-0.26169547,-0.14739029,-0.08565253,1.097952,0.022487693,-0.2059141,0.34812072,-0.62770194,0.014643738,-0.15394816,0.061631206,-0.4168584,-0.14396283,0.33315033,0.46448398,-0.5423916,-0.08169773,0.33531383,-0.22490472,0.05284915,-0.08881024,-0.13291867,-0.37783474,-0.56217587,0.1368302,0.09082866,0.32318005,0.63012207,0.25845563,-0.21026143,0.72923124,-0.09046388,-0.31531513,0.26024127,-0.26862612,0.119355,-0.5866432,-0.02473906,-0.25472397,0.16009973,-0.24495491,-0.087570734,0.09693722,-1.1740738,-0.05394321,0.03439355,-0.080107585,0.38882723,-0.15156333,0.062481448,-0.4290607,-0.7653353,-0.06262594,0.2008274,-0.5767777,-0.25229478,-0.19292313,-0.24597469,-0.08070121,0.55930555,0.18004985,0.050199814,0.04434208,0.06472372,0.20427968,-0.25533414,0.5269624,-0.53663945,0.114947416,0.179984,-0.12191985,-0.13052955,0.50271475,-0.08278754,-0.77894807,0.10489497,-0.72144175,0.3870734,-0.03880702,-0.19537027,0.02624968,-0.22619252,-0.47477394,-0.23608707,-0.1034737,-0.29246032,-0.07824328,0.27769038,-0.14357933,-0.3202748,-0.38244584,0.49079734,-0.6442753,-0.4718002,-0.587035,0.32872665,0.08195296,-0.24348515,-0.13849439,-0.001728342,-0.16979025,-0.11641189,0.0056677694,-0.4844805,-0.35735318,0.15903434,0.041241985,-0.12570208,-0.62377524,0.27244985,0.4886466,0.24751608,0.2627674,0.34747112,-0.17304426,-0.27334502,-0.11287778,-0.3717827,0.23432627,0.25228584,-0.30233508,-0.5983492,0.34336826,-0.3492095,0.011921471,0.27699822,0.5938734,-0.5074863,-0.5357281,-0.647901,0.5946141,-0.06537886,-0.2954806,0.30238587,0.10964074,-0.28061134,0.10402801,0.040080126,-0.14044403,-0.32281578,0.060791004,0.060217068,0.40543103,-0.083190136,-0.14023335,0.19738263,0.657388,-0.6202775,0.14138307,0.32604215,0.5632031,0.3697991,-0.18344483,-0.43174517,-0.005931699,-0.39587528,-0.09551057,0.5818899,0.49501193,-0.0317618,-0.36447215,0.11540261,0.10072484,-0.061971296,-0.2890892,-0.58602744,0.18687889,0.46919793,0.12605877,0.91697836,-0.31647,0.17265819,0.11192799,0.16081913,-0.14969154,-0.048204184,0.2770511,0.6119711,0.20517774,0.10684371,0.09674021,-0.16294076,-0.36137876,0.13077,0.37323892,0.18224902,-0.08693689,-0.0780479,-0.6157613,-0.16220756,-0.045304365,0.010059533,-0.3785783,-0.31933904,-0.14942932,0.14236665,-0.34841874,-0.54645336,0.11675127,-0.022979505,-0.19182712,-1.7793741,0.12838666,-0.20926075,0.35013068,-0.0780467,-0.2965553,0.22611532,-0.08493322,-0.18379346,-0.21141359,-0.73954743,0.08009921,-0.44445762,-0.23229244,0.20045322,-0.23121397,-0.24530883,-0.16322482,0.33996722,0.11404528,-0.42277747,-0.49984348,-0.529839,0.42077896,-0.25516444,-0.20962352,0.21822655,-0.16266407,0.51996607,-0.27096677,0.12219862,0.08269403,0.12752794,0.16932492,0.6531279,0.2730681,0.3781022,8.202486e-05,-0.4501449,-0.41588333,-0.3295382,0.26014164,0.27965823,-0.35663623,-0.29736897,-0.5680804,-0.53849703,0.38603917,-0.09773241,-0.2084428,0.18957235,0.2174468,0.3759001,-0.066993415,-0.18180886,-0.123580426,-0.3598374,-0.050553743,0.12577753,0.3791477,0.5043349,-0.37325418,0.19714269,-0.39920262,0.16866805,0.29509163,-0.046937104,-0.26132363,0.089334816,0.1543629,-0.1416256,0.4685682,-0.16990137,0.18563494,-0.04776151,0.022856908,0.39558274,-0.34267822,-0.15481922,-1.1134083,-0.38679904,0.27297488,0.6257986,0.06273576,-0.22326763,-0.101796865,-0.036706775,-0.36837158,-0.16949633,-0.19221258,0.40253103,0.82580274,0.11573614,0.359022,0.2655536,-0.1690318,-0.23348694,0.2245172,0.44978628,0.42160487,0.30931795,0.18351805,0.18688942,-0.058138236,-0.24318111,-0.40503547,-0.3739364,-0.15956852,0.51963073,0.2566565,0.055898782,0.19104582,0.0054054535,-0.03600479,0.0039020588,0.083014295,-0.08589231,0.34803364,0.38914263,0.005122419,-0.15904142,-0.047496248,-0.26834914,0.5152786,0.020122522,0.009177962,-0.13498075,0.29316372,0.66936797,0.43045437,0.35873833,0.67417055,-0.54147524,-0.540301,0.25326318,0.17120312,0.39330232,0.14943916,-0.19296278,-0.2605892,-0.4082023,0.3401537,0.49942082,0.10082348,0.26289502,-0.022393346,0.009766945,-0.23998123,0.35223538,-0.8587903,-0.09655871,0.003886388,-0.2636222,0.6060616,-0.49274802,-0.11685595,-0.0073571797,-0.27487084,-0.118257456,-0.13910893,0.049320273,-0.06677199,-0.3285025,0.17919494,-0.35466954,0.16558783,0.21342541,0.47691497,0.20603384,0.1521951,0.14754218,-0.3483677,-0.39206517,-0.029695831,0.16873136,-0.098916456,0.3168422,-0.083680734,-0.0070542027,0.47174472,0.088539295,0.07447154,0.46461827,-0.61978966,0.025614481,0.4380638,-0.15517284,-0.41561726,0.0092934435,-0.3632758,-0.58346355,0.0271002,-0.4168076,-0.0043064756,-0.29204476,-0.1707349,-0.28153762,-0.0040748506,-0.2738312,0.087705515,0.66198295,0.50297743,-0.14434728,-0.4315453,-0.51041985,0.036805548,-0.732153,-0.22863565,0.54179895,0.5144582,-0.05591547,0.33538774,-0.15974815,-0.021204304,0.31324303,-0.22497962,-0.2736802,-0.60520047,-0.281468,-0.4329496,-0.07471944,-0.31825477,0.028803792,-0.043779265,-0.20364249,-0.38563472,-0.33475673,0.19124106,0.29827458,-0.3125,0,0,0,0,0,0,0,0,0,1,0,8,1,1,3,0,0,0,0,0,0,0,0,0.0,0.0,0.0,0.0
0.50655806,-0.20553248,0.19353764,-0.75494665,-0.1891633,-0.20189105,0.57068473,0.0021694927,-0.2930981,0.15619688,0.6461423,-0.14332102,-0.012957727,-0.116278775,-0.27251795,0.28254482,-0.104096614,0.34167817,0.56924963,0.1011484,0.36330935,0.05771595,-0.16239657,-0.21404837,-0.07439454,-0.10373172,-0.26850936,0.16429889,-0.23264512,-0.18461521,0.29914087,-0.31790563,-0.2687918,0.42339432,-0.6349694,-0.107638255,0.20161712,-0.19292824,-0.16621919,0.23745461,-0.38708377,-0.6540483,0.6704735,-0.05160467,-0.05537742,-0.379089,-0.41954115,-0.1290868,-0.1179734,-0.47367752,0.0434796,-0.25404453,-0.3401005,-0.30450127,0.007974812,0.1358887,0.7304916,-0.64836395,0.35747683,0.03732185,-0.3513371,-0.1461086,-0.15466326,-0.34674674,-0.17775278,0.6402663,-0.3301463,0.5699613,-0.3455439,0.13721481,-0.25519148,0.1315495,0.44565353,0.10099533,-0.2640549,-0.2921327,-0.45414552,0.73327005,-0.37935027,-0.10141517,-0.374463,0.103344195,-0.27335006,0.30969262,0.074655995,-0.042768054,0.4311247,0.51273084,0.018425742,0.87320817,-0.47580945,-0.21480177,-0.28315347,0.12229677,0.5123991,-0.024505178,-0.38929027,0.32104525,-0.09169492,-0.3037939,0.33689946,-0.27975693,0.06400369,-0.09300727,-0.07430646,0.08630601,-0.4297644,-0.37741375,0.51630807,-0.4376551,0.35885578,0.058745574,0.3499486,-0.3331446,0.047955934,0.096229345,0.52738315,0.26376054,0.28270638,-0.1846837,-0.17569828,0.037478417,0.3575694,0.0667551,0.6931893,0.43360332,0.12542039,-0.07160428,0.48457295,-0.23940963,0.07269848,-0.0028941836,0.29575282,-0.35897523,0.4800629,0.3868877,0.062007796,-0.11368202,-0.002347638,-0.22439235,-0.081525,-0.022975931,-0.10610757,0.05199138,0.5711962,-0.353686,-0.3725621,0.13150762,0.078977875,0.18190715,-0.0087187905,0.09741933,0.2908775,-0.04577249,-0.6790857,-0.4944107,-0.13003309,-0.01113944,-0.15868735,0.024876244,0.09010689,-0.3130047,0.0513587,0.23229742,-0.11366896,-0.31266862,0.098699644,-0.39748532,-0.13687538,-0.28223172,0.036132373,-0.062090654,0.5975121,0.64654166,0.4525463,-0.24039267,0.48395905,-0.089976504,-0.0137940915,0.32675004,-0.6501627,-0.39414242,0.0594521,0.5593735,0.39998832,0.08278232,0.7524087,-0.40737852,0.45805264,0.15575781,0.042497784,0.10831754,-0.101355456,0.103614196,0.028353136,-0.47752446,-0.10001806,-0.24305315,-0.02272024,0.50628054,0.30073825,0.0053998753,0.082823075,-0.36244717,-0.6972605,0.34321845,-0.069756486,-0.09522587,-0.69949293,-0.08198891,-0.17053361,0.28380626,-0.023809576,-0.16488284,0.11840872,-0.14790909,0.15054595,-0.12400985,-0.46253386,0.24913485,0.21839693,-0.028022122,-0.4960875,0.3589574,0.12334195,0.43262622,0.40888894,-0.18602857,-0.0053979326,-0.17873242,0.107372455,-0.34411618,-0.006432006,-0.04246316,-0.322351,0.53367275,0.4108514,-0.19579978,-0.11592266,-0.043710805,-0.4316933,0.20958458,0.52870834,0.5641294,0.1686205,-0.048754916,-0.15661007,-0.32576135,-0.51295763,0.25104374,-0.04019374,-0.6314682,-0.50654083,-0.34190556,-0.41680828,-0.53901803,-0.41121742,0.68611985,-0.10379673,-0.66665715,0.16807586,-0.13893992,0.10168907,-0.23306692,-0.005827533,0.058984473,-0.49320602,0.26492608,-0.090201065,-0.19068313,-0.2866301,0.3733156,0.3662313,0.6716061,0.17923737,0.3957973,0.2668622,0.35088968,0.45196897,-0.69418067,0.3550414,-0.063105315,-0.6989616,-0.19241093,-0.0026917625,-0.39070585,-0.041049268,0.060615223,0.18561687,-0.3540609,-0.11181646,-0.5160325,-0.31556204,-0.42492393,0.05470556,-0.031684417,0.38504076,0.26303226,-0.113918796,-0.26904935,-0.16058366,-0.1841145,-0.06868885,0.068676904,0.24959685,-0.37563163,-0.3656762,-0.15685521,-8.3412895,-0.1003874,-0.029474538,0.055565886,0.6385992,-0.27730158,-0.61471766,-0.07328054,-0.5293684,0.109133445,0.07838276,-0.35678583,-0.01496199,0.038779866,0.11467332,0.18413521,0.6792772,-0.004132875,-0.0689186,0.36358446,-0.14864787,0.34409314,0.6852073,-0.09946073,0.18688372,0.13175738,-0.011760662,0.64668995,-0.06441161,0.26744017,-0.8067037,-0.060724564,-0.025894951,0.14321591,-0.5957344,0.80720514,-0.2848149,-0.5228562,0.47872427,0.008441864,-0.14022239,-0.066232756,-0.21144906,-0.22944832,0.3728095,-0.023376297,-0.18253984,-0.16689107,-0.046455424,0.014407941,-0.056112833,-0.6400492,0.21186508,-0.5025561,0.61324406,-0.05905139,0.17601557,1.1189765,0.48979145,-0.4145347,0.06814663,-0.67385024,-0.53029174,0.1386482,-0.14590652,-0.30597112,-0.942045,-0.6002473,-0.36667192,0.45042107,-0.03858558,0.566171,0.30069172,-1.50905,-0.7291397,0.18937293,-0.091344014,0.030892167,-0.25311977,0.5431012,-0.10223173,-0.25245887,-0.012917545,0.33650622,-0.09054152,-0.3577103,0.14452326,-0.69772446,-0.3620573,0.25506085,0.2837993,-0.04727498,0.19504112,0.51387835,0.12364736,-0.06872492,0.50486016,-0.34518442,-0.6701003,-0.42910194,0.3786112,-0.37411025,0.103322566,0.24917878,0.06445553,-0.44331595,-0.41938457,0.41990337,0.36771974,0.2649877,0.40818933,-0.04026727,0.085804515,-0.0676003,-0.2697896,-0.4265635,0.33272353,0.63515854,0.03066056,-0.531043,0.2604625,0.25148776,-0.2754743,-0.68160814,-0.10558682,0.15430754,-0.17671467,0.20915116,0.06756875,0.30105862,0.1767105,-0.26163062,0.1208067,0.02056348,-0.0010064703,0.01525444,-0.21036613,-0.012264475,-0.3112013,0.07866739,0.019030016,0.19111249,-0.46807617,-0.25237596,0.17642482,0.3286208,-0.20837715,-0.300971,-0.1570149,0.5451178,-0.20555939,-0.9703096,0.54926807,0.032816038,0.33886316,-0.17988953,0.3281139,-0.7027349,0.32650617,-0.7821156,-0.0062908484,-0.38534355,0.04103036,0.7032529,0.2321416,0.21611616,0.039824083,-0.4409983,-0.099783234,-0.40222526,0.0017758287,0.2846759,0.080529734,0.414511,-0.27623594,0.02535928,0.0625884,-0.33983245,0.49745405,-0.1189488,-0.43273863,-0.12668581,0.4230631,-0.33201995,-0.019541198,-0.23763722,-0.31051233,-0.05366774,0.13010196,0.48117533,-0.78159726,0.4744103,0.010999396,-0.33004513,-0.31983373,-0.5461774,0.6814701,0.088585496,0.47124878,0.3294511,0.71156746,-0.34900478,0.043210454,0.40148464,-0.23265702,-0.15184851,0.10300534,-0.33026102,0.16340338,0.04923056,0.65174985,-0.3051771,-0.17889264,0.024992315,0.04010494,-0.24584454,-0.062854394,-0.44415122,-0.40891552,-0.28532994,0.03243615,-0.048311833,-0.16355787,-0.105210274,-0.43779084,-0.40982723,-0.3189146,-0.07125771,-0.4117836,-0.05819463,0.049958814,-1.4204756,-0.14582296,0.40539202,0.22420035,-0.23223035,0.29252893,0.44523466,-0.20701791,-0.5619422,0.10014066,-0.20667112,0.119132675,-0.2947914,-0.163979,0.45390135,-0.102755316,0.44647846,-0.3038938,-0.024656959,0.6578551,0.084665745,0.14180426,-0.37667787,0.24959363,-0.47873303,-0.51803255,-0.24526407,-0.081783675,0.86335135,-0.2515869,0.22169061,0.17588522,0.38060173,0.10028763,0.011527198,0.03274768,0.37316298,-0.18365799,-0.49095285,-0.4596691,-0.24224798,-0.057636447,-0.34631422,-0.38460797,0.064113475,-0.49476728,-0.61839837,0.5585811,-0.16656381,-0.37286162,0.24226534,-0.09881214,-0.19244242,0.3399541,0.049910344,-0.368315,0.045285113,0.20245388,0.56467164,-0.009158108,0.032149266,-0.039439566,-0.06894697,0.4961119,0.3814169,0.7212335,-0.42107522,0.23324977,0.2057065,0.33235535,0.107484974,0.3120668,0.26594162,0.021549966,0.1347481,-0.5084047,-0.08279808,-0.093783975,-0.103817515,-0.7794472,-0.50560915,0.43575594,0.44790548,-0.13405806,-0.22451977,0.10721576,0.22712496,-0.5336752,0.56842685,-0.3998301,-0.1541487,0.6114181,0.43332642,0.3169045,-0.22694395,-0.7918206,-0.188649,0.11402055,0.8171771,-0.17265967,-0.61489135,0.09352762,0.69827276,0.07927672,0.25925183,0.28315666,-0.09604541,-0.28067416,0.11806359,-0.24920833,0.2457009,0.25813028,0.28732944,-0.052748226,-0.12861407,-0.26632112,-0.28243127,0.68466777,0.25783655,-0.13578804,-0.24456392,0.025669182,-0.5162123,-0.3879055,-0.22251877,0.3582614,0.3246396,0.09940564,0.016548,-0.2979453,0.22854885,0.18507823,-0.61262345,0.30466276,0.10248588,0.1005113,0.31369454,-0.33615404,-0.5749036,-0.2562619,-0.14989783,0.47115955,0.5273538,0.18879983,0.10090099,-0.3278311,0.30807534,-0.62952983,-0.0068588974,0.22709279,0.13995668,-0.1718455,-0.20398593,0.6398769,-0.056633748,-0.3722787,-0.35714984,-0.1614446,-0.09794141,-0.623259,0.013794601,0.41463512,-0.05958347,0.11465243,-0.023400484,-0.0140273385,-0.14943203,0.351538,0.25519642,-0.1477517,-0.17638664,0.37563297,-0.101802744,-0.2593602,-0.104285985,-0.49894542,0.037759364,-0.098243855,-0.15824483,0.13447675,-0.016906762,-0.22202303,0.07832559,0.10049275,0.35959375,0.3554992,-0.13223475,0.04284322,-0.03594488,-0.30576968,-0.14343235,0.113172926,0.48796028,0.002950303,0.07378233,0.21119978,0.17223735,-0.42698482,0.10795983,-0.105044656,0.2608041,-0.061298657,-0.7202548,0.18127589,-0.36141565,-0.07336018,-0.22350575,0.016454661,0.30334616,0.056197867,-0.23218986,0.38144222,-0.07078384,0.37926728,0.22521484,0.018657357,-0.07845042,-0.40548313,-0.027315127,0.16476865,-0.3276651,-0.28061315,-0.6641623,-0.16524428,0.10154233,-0.00758679,-0.319281,-0.5466218,0.20523992,0.0,0,0,0,0,0,0,0,0,0,0,0,1,0,1,1,0,0,0,0,0,0,0,0,0.0,0.0,0.0,0.0
0.31839526,-0.3950827,0.3093395,0.055619463,0.50657225,-0.053931117,-0.09578351,0.45018184,-0.38697335,0.31188893,-0.00013330013,-0.5998439,-0.2636837,0.44981804,-0.10830888,0.41992664,-0.32092354,0.6812697,0.20984045,0.21050201,0.05243586,-0.057076152,-0.06079548,0.11479755,0.1698936,0.18250616,-0.0865378,-0.17554708,-0.939024,-0.0826114,0.5040318,0.34390378,0.2939492,0.0065900683,-0.05291787,-0.47354016,-0.53308547,-0.27581424,-0.031661566,0.29981855,-0.11026488,-0.012636052,0.41351235,0.17083544,-0.109202,0.57276475,0.08160826,-0.10189623,0.3292953,-0.5073153,-0.73919696,0.18532242,-0.24702787,-0.5761256,0.22464801,0.56036687,0.7384502,-1.1054345,0.3409079,-0.065585434,0.003936749,-0.22410883,0.19635437,-0.29514158,-0.41386813,-0.32716367,0.2128703,0.7508784,-0.8764521,-0.12737457,0.1903029,-0.14285105,-0.38706076,-0.046123005,-0.101851694,0.39736405,0.004083461,0.5455285,0.18508096,-0.13693562,-0.25644198,0.40930817,0.29169053,0.5402166,0.23810129,0.29296446,-0.11346506,0.1483924,-0.16170168,0.6865213,-0.1774406,0.21343674,0.3423869,0.08109591,0.174758,-0.30457866,-0.8741776,-0.016438112,0.109725036,0.26794043,0.4603825,-0.461207,-0.10267002,0.20009302,-0.16675563,-0.07233222,-0.30969304,0.013702094,0.23021962,0.052413877,0.28242514,0.2435872,-0.18068151,-0.60525995,-0.08936054,0.505218,-0.084828824,0.06963487,0.29390115,-0.17051311,-0.09459557,0.63105184,0.09485758,0.4272438,0.37120402,0.3226432,0.22982012,-0.16905159,0.4370537,0.45016655,0.15156344,0.7134023,0.4099714,-0.2331627,0.08349892,0.3609991,0.06944844,-0.29841852,0.29953006,-0.37141606,-0.3933969,-0.47895622,0.021498457,0.30132824,0.5331577,-0.061894525,-0.34215346,0.08621857,0.059028808,0.5749973,-0.5061268,-0.16112822,-0.3062638,-0.21331531,0.397707,-0.10590291,-0.14672053,-0.7361319,0.285347,0.33827195,0.2141507,-0.04337629,-0.19254439,-0.20709543,-0.10676044,-0.30192405,0.18605489,0.6597925,-0.21696514,-0.12199118,-0.2770069,-0.61173826,0.18330497,0.23877715,0.5270551,0.41648698,0.1325715,-0.3925186,0.5399518,1.0193663,-0.3922261,0.06266208,0.40109122,-0.2135777,0.1429759,-0.09739707,0.8381955,-0.3947094,0.60489243,0.002520771,-0.4518272,-0.28120765,0.16020522,-0.098433666,0.24841255,-0.538925,-0.017201597,-0.11048241,0.6913935,-0.25762787,-0.056922097,0.5253793,-0.039705027,-0.5260689,-0.6128126,0.41507244,-0.08491016,-0.5838535,-0.67425406,-0.16760592,-0.084004804,0.44185954,-0.27429414,0.0426703,-0.15101849,0.21234533,-0.2725374,-0.3074728,-0.21068616,0.1257497,-0.54494894,-0.5495714,0.086081274,0.08557247,-0.24186473,1.2660203,0.020409083,-0.28609535,0.33909744,0.109816134,-0.013169816,-0.041957963,-0.16711196,-0.6396251,0.18041168,0.37944975,-0.027471049,-0.5678583,0.15897706,0.018074106,-0.48077115,0.6342283,0.22119547,-0.11132327,-0.1230185,0.291412,-0.26628786,-0.23177387,-0.36226323,0.2708921,-0.36638522,0.023135327,-0.43251407,-0.4678631,-0.07089018,-0.3778964,0.22068782,0.09618023,-0.41919553,0.19488283,0.16762155,0.21278904,0.08993121,0.066296965,0.25072965,-0.61275965,0.042518474,-0.06578876,0.6379501,0.013914859,-0.21389817,-0.36878052,0.1952763,0.6075132,0.2947183,-0.35996115,0.12448159,-0.14547831,0.14679609,-0.47422993,-0.1930539,0.6072594,-0.445459,-0.069750816,-0.51190275,-0.13331988,0.49512932,0.0175124,-0.08125948,-0.037775174,-0.061847348,-0.038519386,0.04871607,0.1454849,0.6744327,0.27822852,0.21523508,0.31302142,-0.37759212,0.06524957,-0.476857,0.15495524,0.050102238,-0.16843718,-0.21266522,0.04322992,-0.1463235,-0.58939964,-9.441309,-0.07124573,0.21991228,-0.3748482,-0.007219637,-0.2921527,-0.0245639,-0.16093545,-0.29783967,-0.056024842,-0.1541577,-0.29779306,0.025537124,-0.35157993,-0.29882276,-0.43508992,0.4935138,-0.003938541,-0.31126052,0.18529004,-0.4375358,-0.42068732,0.09399594,0.13539176,0.37514043,-0.12299445,0.10657649,0.067303844,0.44473308,-0.4002631,-0.38545,0.2527847,-0.112542465,0.9936253,-0.27591458,-0.07794638,-0.023760967,-0.4272652,-0.0679786,-0.17749207,0.22328405,-0.13427079,-0.10363491,0.14591426,1.0921787,-0.41266254,-0.15069173,0.098650895,0.013102675,-0.38343132,-0.029707603,-0.3421292,-0.1295185,-0.18709095,0.042884186,-0.1628943,-0.2480327,0.67254335,-0.10047476,-0.38445863,0.6745066,-0.30098772,-0.23214073,0.1201462,-0.1578118,0.04101907,-1.0007108,-0.7238522,-0.27040583,-0.18184926,-0.30986354,0.40161777,-0.112211294,-1.6062627,0.09579055,-0.015874606,0.13204922,0.14477225,-0.32690853,-0.3914621,-0.9142586,-0.015352596,0.1797853,-0.24975577,-0.16656381,-0.76222384,-0.16397776,-0.38095415,-0.20824441,0.44736558,0.025619773,0.07824318,0.15832518,0.3582843,-0.013503207,-0.0915554,0.5239668,0.19451116,-0.1341493,0.61423445,0.17873678,-0.27393612,0.63816255,-0.3649766,-0.3105123,0.12318465,-0.3608926,0.46276656,-0.2935065,0.06564305,-0.3531407,0.14704172,-0.5217936,-0.20765547,-0.25034642,-0.22018023,0.22265469,0.4843568,0.17244953,-0.331366,-0.3602494,0.41024274,-0.17946507,-0.75871205,0.30817103,0.17871484,0.04020652,-0.10471815,0.1428389,-0.38988656,0.035929427,-0.29410735,0.025020534,-0.13551562,0.48067474,-0.36961988,0.05704873,-0.05647273,-0.46465448,0.24872726,0.14483076,0.19557525,0.33279964,0.094313204,0.33909228,-0.09804827,0.30067265,0.068677105,0.2702597,0.49657363,-0.70640916,-1.290261,0.19036578,0.054967392,0.39839423,0.44059122,0.19417638,-0.49840823,-0.08594749,-0.5214312,0.26504245,-0.032880582,-0.0043899417,0.11242619,-0.40788487,0.04736144,0.32648194,0.14592975,-0.0818256,-0.17812824,-0.20389687,0.55264395,-0.16316366,0.053984746,-0.062073626,0.27589503,0.16213562,-0.09044304,-0.2918138,0.85867846,-0.06255781,0.48770633,0.09586565,-0.3520812,0.31351617,-0.15293388,0.3090671,0.4731331,0.16241337,0.45816296,-0.7071007,0.68041414,0.05766667,-0.4570344,0.42723653,-0.49553257,0.6007045,-0.13708039,-0.22486863,0.42921716,-0.19045696,0.10634507,-0.4806672,0.22203699,-0.2878724,0.107927226,-0.059145194,0.48928848,0.060215645,0.13952497,0.17683908,-0.4593082,-0.98259735,-0.45765227,0.31885934,-0.343001,-0.33924836,-0.3849066,-0.5732459,0.116605066,-0.272521,-0.092763446,0.09314565,0.0981234,-0.25001085,-0.049226303,-0.08388925,-0.43353093,0.088461116,-0.22610015,-0.040536895,-1.5225366,0.25027823,0.20566621,-0.104993895,-0.320669,0.13708988,0.11250454,-0.123216964,-0.32645166,-0.256606,-0.7149473,-0.18192378,-0.595738,-0.2148642,0.041241217,-0.4382599,0.17789602,-0.33303455,0.12966564,0.15615568,-0.12880191,-0.24843769,-0.34354192,-0.011559895,-0.8408587,0.20406803,-0.47775927,-0.0024580108,0.20982309,-0.28503314,0.06663701,0.03686689,0.26854062,-0.061817035,0.11804322,0.3467849,0.32555583,-0.23025885,-0.31897992,-0.10474143,-0.46495795,0.14887522,0.38993317,-0.34665024,0.033890534,-0.35135216,-0.70568955,-0.053606182,-0.111887515,-0.45957115,0.003251491,0.37283477,-0.34805134,0.47218105,-0.24460506,0.19757824,0.32174918,0.2701975,-0.20479046,-0.061090942,0.40502006,-0.1657486,0.25876108,-0.42721066,0.5294716,0.32258153,-0.098092444,0.13780671,-0.15605693,-0.16832854,-0.4410188,0.82022375,0.45267987,-0.073318474,0.09279435,-0.019023824,-0.20304374,-0.34388256,-0.6886741,-0.49560884,0.034918636,0.53608096,0.31383795,0.06935678,-0.28243345,-0.34085494,-0.29117635,-0.4415533,0.39020002,-0.2862782,-0.045517396,0.8697043,-0.2846512,0.08032355,0.03952716,0.6920324,-0.25520027,0.24650508,0.14891453,-0.3206745,-0.112432346,0.065014906,0.45734105,0.079477005,-0.48877025,-0.07560697,-0.06951112,-0.6589762,0.23856978,0.41833088,0.13201493,-0.4227227,0.16218954,0.025930712,0.20746866,-0.11595035,0.29666436,0.034903575,0.3879027,-0.35257453,-0.17451102,0.059260216,0.34881455,0.36592674,-0.2834759,0.120406196,0.2762625,-0.20624207,0.33216584,0.42131856,0.119406134,0.16561836,-0.6723363,0.19476093,0.47095683,0.038162764,-0.09034783,0.34318757,-0.27423608,0.2849894,0.23909432,-0.023890307,-0.011414974,-0.109292075,-0.26375937,0.067747444,0.111579925,-0.24549335,0.08187894,-0.35771343,-0.15601887,-0.1292265,-0.10516225,-0.050306283,-0.37371072,-0.25091767,0.1926051,0.016288219,-0.3057241,-0.3820647,0.75067186,0.30741063,0.24357076,-0.42067719,-0.07480412,0.3428043,0.12625925,0.19607809,0.44246617,0.1290547,-0.257037,-0.023670794,-0.22842865,-0.26830018,-0.22830765,-0.34533632,0.19305971,-0.7125734,-0.29666656,0.34538183,0.21716085,-0.027620774,0.43789247,-0.05129498,0.15327647,0.46754402,-0.3406918,-0.35764214,-0.18603918,-0.2752794,-0.6150919,0.14823076,0.47050792,0.047896396,0.17007236,0.023153571,-0.17254645,-0.117255785,-0.16702119,-0.6837046,0.5380729,0.36960694,-0.06986936,-0.41393515,0.04130138,-0.057788502,0.31240472,-0.071890675,0.058827415,-0.39005092,-0.13734287,0.15210375,-0.6927705,0.08840278,0.2861251,-0.079259,0.12777767,-0.6639451,-0.6112204,-0.17030607,-0.07614608,-0.3154632,-0.15055248,0.5801977,-0.27459678,0.03455277,-0.3016542,-0.053547114,0.217085,0.0,0,0,1,0,0,0,0,0,0,0,0,0,0,0,1,0,0,0,0,0,0,0,0,0.0,0.0,0.0,0.0
0.30583394,0.45005366,0.78803945,-0.07113527,0.36626235,0.16616201,0.18242359,0.46617323,-0.52078456,-0.6313379,-0.11688526,0.027195064,0.122154556,0.3640707,0.123760656,0.24054857,-0.1488246,0.23450851,0.46983036,0.12195285,0.15370026,-0.08211192,-0.23990092,-0.62129843,-0.18041298,0.3701695,0.068138316,0.049821038,-0.55527794,-0.21456215,0.13775949,0.016900733,-0.09334536,0.4002981,-0.87124205,0.4573471,0.015161729,0.2706337,0.067373626,0.103932604,0.40061563,-0.5069662,0.2531142,0.03437292,-0.47783765,-0.586319,-0.4676162,-0.4101145,0.4543904,-1.0249869,-0.4265181,0.25467533,0.10942433,-0.52783036,-0.030298952,0.03585554,0.74508786,-0.6552055,0.10160383,-0.19989014,-0.07353136,-0.27510655,0.06872121,0.008738685,-0.6260174,-0.15135412,-0.04231608,0.33856064,-0.85561967,-0.20622857,0.5061674,0.42346752,0.21226431,0.017275361,0.1545935,0.0018760746,-0.32585716,0.46526155,-0.173766,-0.39365435,-0.29399693,-0.030967703,0.62539124,0.38449326,0.2836066,-0.065593675,0.17083216,-0.012442588,-0.6352161,0.73733515,-0.2608509,-0.20799217,-0.6687227,-0.061139397,0.45048982,-0.4651722,-0.3892406,0.011550523,-0.24390256,-0.20711899,0.2244538,-0.8973395,0.29681015,-0.4028533,-0.2339139,0.33594698,-0.3179019,-0.15065877,0.038807876,-0.2856765,0.035427023,0.28403562,0.14742836,-0.070082635,0.36182532,0.032411627,-0.25406334,0.31748363,-0.18412234,-0.2611221,-0.21697891,0.0778787,0.21577993,-0.10740078,0.8309426,0.14299554,-0.48173353,-0.3401663,0.04147542,0.11442507,0.34269306,0.3035805,0.20897692,-0.28374714,0.13774297,-0.17629892,-0.3240622,-0.031892825,0.039700057,-0.51316094,0.094793476,0.3329121,0.15410191,-0.3212405,0.6303867,-0.28443033,-0.6171429,0.076440014,-0.28801984,0.1380241,-0.12531853,-0.09930187,-0.13662079,-0.29747316,-0.112418875,-0.081283994,-0.7659493,0.17024913,-0.018034909,0.4863499,0.06638065,0.1086467,-0.055594247,0.047992233,0.0047089243,0.054685034,0.32196292,0.14736849,-0.3657766,-0.35058856,-0.008093473,-0.5014615,0.56890976,-0.010599672,0.32498145,0.21062978,0.46901184,-0.43753576,-0.06647531,0.6672989,-0.7046326,-0.24437854,0.3010893,0.21300703,0.38582575,-0.4379085,0.6843677,-0.98797137,0.5047665,0.20843029,-0.36021364,0.056719143,0.17770948,-0.3451954,0.12953071,0.12914662,0.24482249,-0.41548795,0.68256235,0.007740847,0.51823777,0.23502153,0.31522793,-0.39426684,-0.37842548,0.73952645,-0.044346035,0.1374872,-0.48423946,-0.010601323,-0.37236363,0.44387496,-0.045759104,-0.026621956,0.114310466,-0.5535817,0.37407377,-0.23245935,-0.005959794,0.15710993,-0.35519218,-0.6818845,-0.12416407,0.02876782,-0.14997001,0.60621035,0.41026226,-0.2578804,0.67395276,-0.22040989,-0.20724602,-0.50554764,0.2847652,-0.1521965,0.040348392,0.64019275,0.100735895,-0.39233896,-0.22359769,0.19759995,-0.3075669,-0.006957434,0.14632007,-0.104796104,-0.19111213,0.5318833,0.2596834,-0.6445751,-0.36299813,-0.0866066,-0.23635721,-0.38311577,-0.057323363,-0.11624041,0.05993444,-0.27477396,0.28264105,-0.17732063,-0.17285043,-0.19199717,0.023014626,-0.14686085,0.8303294,-0.22927982,0.09724592,0.0057568136,-0.27002087,-0.0053884396,0.044353444,0.5100544,-0.726652,0.24794808,0.07059934,0.54066736,0.074139304,-0.5005516,0.65792024,0.29844472,0.07747197,-0.35097387,0.14190538,0.5431107,-0.30571947,-0.25560805,0.4331292,-0.546963,0.18625808,-0.13247903,0.10788755,-0.6317975,-0.09678134,0.16472962,0.15876383,-0.35947198,0.6595748,0.0120798685,0.14700183,0.33711514,-0.46482998,-0.22480775,0.005358489,-0.07710765,0.15806259,-0.20546791,0.030052643,0.016407438,-0.63515776,0.0017074251,-11.433967,0.008140173,-0.012613963,-0.3304526,0.24052192,-0.011559893,0.10246575,0.33809614,-0.16064788,-0.16029944,-0.2380785,-0.1683294,-0.12983924,-0.39607212,-0.27329695,-0.1675328,0.8473795,0.18639675,-0.46496794,0.43234634,-0.4989504,-0.012282918,0.63361776,0.3143481,0.44138193,0.13218823,0.25948423,-0.12116361,-0.10895096,0.07600978,-0.60665846,0.048995364,-0.06856794,0.69613844,-0.1191551,0.077732906,0.38466302,-0.5728441,0.048670113,-0.34706575,0.09095122,0.1762765,-0.20273155,0.19677882,0.477522,-0.24741171,-0.44602656,0.09577084,-0.23140952,0.22511886,-0.17669708,-0.074446686,0.08412945,-0.6024345,0.022809584,0.15701273,0.054381765,0.86655957,-0.14351314,-0.050117273,0.78879726,-0.051405422,-0.49567977,0.22890589,-0.22712982,0.020492803,-0.12885457,0.08305682,-0.45842534,0.11861236,-0.082366906,-0.14000806,0.42592296,-1.4232472,0.022440994,0.30064312,0.03025489,0.1869646,0.04973475,-0.16634881,-0.5606477,-0.6631466,0.025343955,-0.024531264,-0.5912826,-0.41516766,-0.31672087,-0.65908134,-0.3051764,0.6857307,0.44070563,-0.086175,0.023408806,0.09589292,0.3775713,0.21195327,0.74044037,-0.39133692,-0.15186459,0.14082532,0.02834947,0.1375888,0.2419459,0.114132755,-0.3319266,0.44228202,-0.10919669,0.38564762,0.1508789,-0.0359179,0.28198546,0.067436196,-0.24074732,0.18784681,-0.14504799,-0.6940207,-0.18396045,0.1291634,-0.32288054,-0.28380248,-0.33017275,0.088641375,-0.5042518,-0.7193248,-0.4724653,0.074121915,-0.17669772,-0.2650608,-0.22864236,0.043552008,0.50321746,-0.075008124,0.101677954,-0.55815846,-0.4364736,-0.029360007,-0.22383212,-0.51811695,-0.9083357,0.3767678,0.5241569,0.20868646,0.0650677,-0.028682332,0.29194278,0.21742842,-0.006351279,-0.041051704,0.2177132,0.595357,-0.021547481,-0.69217485,0.6637602,-0.2831227,0.20448923,-0.068689294,0.67504144,-0.78734934,-0.0020917319,-0.4449613,0.42691654,-0.304667,-0.5458756,0.33328933,0.17935692,0.18603978,-0.15762506,-0.1187533,-0.010893611,-0.07906418,0.19916014,0.66208833,-0.18723908,0.34377962,-0.16225418,-0.021984607,0.29084882,-0.59314317,-0.19307694,0.20529297,0.13598233,0.26577285,0.048326783,-0.20549871,-0.037313603,-0.30244875,-0.09611981,0.44542253,0.09451024,0.52999645,-0.21864279,0.2894899,0.020076375,-0.31515855,0.0043235533,-0.30791113,0.30239227,0.24610426,0.0025441088,0.6383952,-0.041990824,-0.13395111,-0.15287703,0.33348474,0.06681806,-0.22270179,-0.009706572,0.14518575,0.7165625,0.07044692,0.53144926,-0.4271523,-0.7058053,-0.03289019,0.20762137,-0.22101678,0.01024695,-0.39265522,-0.3232628,-0.23535472,-0.23896733,-0.19693619,-0.49640122,-0.14114964,-0.28715196,-0.15304516,-0.47816497,-0.43689817,0.23799875,-0.17224754,0.1015548,-1.5735321,0.32063302,0.16791019,0.14487223,-0.40394017,-0.17619805,0.21796058,-0.20419763,-0.14838567,-0.34432673,-0.6228384,0.053436056,-0.1728446,0.23284209,0.4950572,-0.34820333,-0.15763313,0.2597182,0.15504004,0.39837986,-0.29565325,-0.25715098,-0.35086682,0.47056594,-0.39933872,-0.16272488,0.14112572,0.06540717,0.7020482,-0.3486245,0.33338183,0.30334994,0.015744073,-0.03470577,0.30522233,0.42074782,0.33451182,0.14083143,-0.25781223,-0.21707478,0.051552325,0.3913836,0.32568884,-0.2715004,-0.2736343,-0.55915546,-0.52828515,0.20175031,-0.087991856,-0.34360626,0.2388052,-0.23598625,0.18261752,0.45321575,-0.43389982,-0.2693774,-0.0075612944,0.031470075,0.2669539,0.23790228,0.81204975,-0.45487732,0.2219845,0.2798331,0.5752848,0.10985631,-0.14511068,-0.5732666,0.07323072,-0.2488532,-0.4272117,0.35505486,-0.0671608,0.23351362,0.13338098,-0.15884687,-0.040381636,-0.5054395,-0.18062513,-0.73590815,-0.06136288,0.40696928,0.2969481,0.531532,-0.3428241,0.04392714,-0.5751725,-0.22564864,0.24472843,-0.35353035,0.14055015,1.324605,-0.036662567,-0.10097358,-0.37620658,-0.320686,0.1038792,0.11843517,0.6907534,-0.16995196,0.062475704,0.30656925,0.26650727,0.5048864,-0.35039732,0.050314967,-0.71430916,-0.34812507,0.41006017,0.37092382,0.47756562,0.1592236,0.18635878,0.11199803,-0.4259889,-0.14789788,-0.0525155,0.42139792,0.14160642,-0.05014081,-0.1063121,-0.19145836,-0.22534107,0.5727438,-0.206547,0.016701486,0.019109687,0.26644132,0.38125676,0.08435993,0.44523883,0.3793252,-0.19579183,-0.15757921,-0.29832777,-0.080441914,0.33178344,-0.28794593,0.048929993,-0.23304448,-0.17649172,0.37577486,0.48717558,-0.36051515,0.066204675,-0.40210912,0.28037983,-0.23060688,0.058133002,-0.23018967,0.32090735,-0.07283954,-0.056541838,0.45438316,-0.5534211,-0.5095938,-0.25376353,-0.072914705,0.06756492,0.28801006,0.34380442,-0.15741608,-0.23883247,0.5563566,-0.50102025,-0.41594747,0.26726314,0.48460189,0.47081894,0.33952087,0.21504912,0.10008812,-0.14993374,0.048535705,-0.0089759,-0.39167947,0.5753084,-0.22230129,-0.080991045,0.091108784,0.23168798,-0.07767499,0.6906117,-0.27073735,-0.14309824,0.5057806,-0.38736174,-0.18279442,-0.38322008,-0.19037636,-0.29201856,-0.13855201,0.32355127,0.30578378,0.025980102,-0.43735698,-0.2802795,-0.1723878,-0.14938574,-0.1143474,0.4321441,0.42069617,-0.053158604,-0.8008474,-0.39285177,-0.07310785,-0.6477791,0.04834598,-0.31147325,0.41110846,-0.029788151,0.30585393,-0.22809982,-0.29013383,0.278681,0.4112539,0.32947835,-0.81067544,-0.4226782,-0.20116594,-0.18984832,-0.35254815,-0.19467938,-0.13221616,0.5154665,-0.24194656,-0.085086085,-0.42741677,0.15721646,0.0,0,0,0,0,0,0,0,0,0,0,0,0,0,0,0,0,0,0,0,0,0,0,0,0.0,0.0,0.0,0.0
0.32263815,-0.20677751,0.5801807,0.005964217,0.39098,-0.6145627,-0.037843045,0.49679756,-0.112856105,0.080933854,-0.37449983,-0.033690147,0.09106054,0.14253373,0.18454704,0.5883727,-0.33018947,0.19585726,0.003004475,0.18979996,0.4185421,-0.072383136,-0.16281943,-0.032949094,0.28248763,0.20116974,0.3217291,-0.35654193,-0.9023233,-0.09472427,0.39086848,0.35547936,0.23759602,-0.41381454,-0.1257475,-0.41651958,-0.1001898,-0.3846723,0.26311576,0.42647582,0.03689385,-0.1241955,0.33691788,0.17815529,-0.107436985,0.03508944,-0.20329733,-0.45208836,0.020623865,-0.23464134,-0.9746589,0.06713698,0.18321991,0.065873876,0.31911495,0.25902402,0.3190025,-0.42878434,-0.20267487,0.041440178,-0.06361187,0.40794042,-0.12597166,-0.08924499,-0.109252766,0.06386309,0.08406763,0.50350857,-0.9826612,0.24089679,0.17736317,0.1847669,-0.07894655,0.2767419,0.28152043,0.36758545,0.055682085,0.5850327,0.22494875,-0.032840285,0.1784482,0.41997924,0.36245185,0.23593226,0.37666827,0.35509393,0.0064229625,-0.12696421,-0.46935534,0.736193,-0.26988584,-0.111755,0.15237951,-0.28002265,0.7265944,-0.54115534,-0.27177542,-0.5158946,-0.20161602,-0.078397356,0.48821297,-0.12554719,-0.12497664,0.11014002,-0.28506064,-0.12201442,-0.68180865,-0.41851604,-0.118891545,0.43194434,-0.21937525,0.3064987,0.013211527,-0.50844216,-0.14771366,0.021380238,0.08023483,0.14989813,0.11333492,0.21910723,0.02313778,0.514696,0.07451804,0.13458303,0.26669642,0.06755643,-0.10952255,-0.051129863,0.13209288,0.15126374,0.96559083,0.49356043,0.34214523,-0.3462095,0.011414257,0.045213744,-0.14252844,-0.4415095,-0.04560036,-0.17011535,0.053691596,-0.17117438,0.080274776,0.04071859,0.2209672,0.30320293,-0.11421521,-0.366442,-0.45838463,0.38140023,-0.47618836,-0.13565141,-0.12834029,0.06925287,0.17147465,0.038371712,-0.051618554,0.121860884,0.1781335,0.033493523,0.117678635,0.3425725,-0.28367674,-0.09423274,0.13468634,-0.08753384,-0.23403421,0.45782512,-0.014425249,-0.032641027,-0.02207796,-0.35896042,0.036632843,-0.09721324,0.1590762,0.3304631,0.15482932,-0.072728045,0.5836446,0.56790334,-0.6228588,-0.1948677,0.38944384,-0.4926262,-0.037597682,-0.010688704,0.64828706,-0.4188896,0.26497605,0.16451904,-0.43427387,0.15184622,0.14346887,-0.44109067,0.042747002,-0.22979242,-0.33437577,-0.43207264,0.012436126,-0.2299945,0.16288452,0.07122236,-0.30993402,-0.11812203,-0.6292987,0.31613237,0.19561888,-0.55064905,-0.25269982,-0.34274915,-0.3651434,0.22654125,-0.2666349,0.43328884,-0.021279776,0.11414975,0.11690361,0.022853028,0.038023654,0.11271232,0.22214527,-0.4690477,-0.026928995,0.15944792,-0.0011277597,1.1722758,0.093916155,-0.11009516,0.8783848,0.31742337,-0.31877372,0.006696934,0.45434788,-0.0911327,0.23146343,0.055565976,-0.47682536,-0.62717015,0.28554812,0.020856993,-0.118252814,0.43726122,0.26649195,0.2993195,0.13053991,0.3499204,-0.13121903,-0.27067232,-0.13588896,-0.19373466,0.1670855,-0.057886347,-0.57731813,-0.38229215,-0.30991232,-0.2469472,-0.42692497,-0.26073197,-0.1083705,0.15366021,0.022593377,0.026944447,0.13902302,-0.019114364,0.031410944,-0.6671262,0.4530305,-0.004484766,0.45590007,0.1561672,-0.15508723,-0.19835384,-0.08999013,0.3491989,0.21107349,-0.07674843,0.0011484047,-0.14361852,0.04539033,0.0065670446,0.102660865,0.10595741,0.11131422,-0.15206818,-0.4931315,-0.12456325,0.2768487,-0.007024738,-0.44125438,0.043953676,-0.5717136,0.41008595,-0.5710311,-0.1535538,0.89948344,0.34661752,-0.26598805,0.3337445,-0.23012726,-0.17653637,0.56063473,-0.27698785,-0.13746168,-0.14783315,-0.20719284,0.42907047,-0.6871328,-0.7369707,-8.551464,-0.42205298,-0.48298848,-0.29608652,-0.22298893,-0.4190588,0.12662816,-0.36151502,0.086111315,0.08827137,-0.16950424,-0.031086234,0.07548085,-0.29514766,-0.23165691,0.5015906,0.6904735,-0.075260326,0.20527805,0.21356383,-0.09137259,-0.2550847,0.12275809,0.048710536,0.18476981,0.13357325,-0.17464563,-0.008267181,0.04016413,-0.4086783,-0.17705765,0.028099023,-0.22062597,1.0942525,0.19314308,-0.3955152,-0.13164644,-0.3226459,-0.11739615,-0.25826347,0.05785084,-0.04322204,0.06680105,-0.071327366,1.1413295,-0.44763222,0.24852991,0.24261531,-0.3298977,0.08387086,-0.19283974,-0.5479935,-0.14822783,-0.33735278,-0.10354988,-0.3266461,0.031582005,0.92786527,-0.12897827,0.11085337,0.3930287,-0.48411933,-0.028378256,-0.21450698,-0.670382,-0.25095674,-0.68180364,-0.6980495,-0.0886141,-0.062315173,-0.5167986,0.56447107,-0.013175012,-1.1086979,0.15665539,-0.4554408,0.15117562,0.35139844,-0.2803433,-0.15940435,-0.21848767,-0.36953595,0.037936132,-0.18216543,-0.3860589,-0.38747016,0.07567169,-0.24105172,-0.56794965,-0.043365132,-0.30667388,0.16798286,0.28249997,-0.029388906,0.07016763,-0.07203585,0.70421565,-0.6869056,-0.040845,0.32723075,0.5439492,-0.15746258,0.42421994,-0.39501283,-0.28436548,0.23298071,-0.2849883,-0.029983608,0.24839856,-0.22273178,-0.19020422,-0.030262107,-0.34300464,0.20901966,-0.2732573,-0.11535419,0.34836084,0.25240433,0.2255144,-0.54279256,-0.36253202,0.23398782,-0.2595126,-0.29033452,0.14971992,0.023305053,-0.17689854,0.08681351,-0.55803007,0.15798284,-0.08853093,-0.25287816,-0.11304761,0.04808591,0.1184283,0.11368152,-0.047607556,-0.03230662,0.49713343,0.20460072,0.06401231,0.35223594,0.37001866,0.03296272,0.13614996,-0.122790374,0.34616226,0.5370386,-0.006019403,0.09565414,-0.15752956,-0.56932884,0.12693891,-0.1091715,0.46137798,-0.027909584,0.4943875,-0.132209,-0.18511048,-0.51919764,0.40106976,-0.39942005,0.031946976,0.43074548,0.0060988124,0.044518184,0.04387524,0.47078505,-0.008651689,-0.56926984,-0.03352194,0.3521447,-0.14247486,0.19537272,0.31494856,0.18221432,0.3293024,-0.44875228,-0.13053015,0.30473125,-0.09174537,-0.15084893,0.06259233,-0.22675243,0.20194153,-0.4553596,0.196165,0.3729138,0.5956935,0.64374495,-0.15027189,0.66017336,-0.013890957,-0.35271072,0.415391,-0.7280102,0.45763782,-0.40271682,-0.10381376,0.3809189,-0.25758737,-0.0063245473,-0.78685373,0.043243736,-0.60525084,-0.069400646,-0.014786658,0.18978193,0.17802238,-0.31899932,-0.54369235,-0.5109548,-0.26225033,0.05463679,-0.21715745,-0.03292696,-0.5677266,-0.068726495,-0.3543238,0.28260186,0.14563493,0.14783575,0.16697793,0.29372686,-0.231696,0.34982118,0.24863382,-0.25858498,-0.17328186,0.123341866,0.13109899,-0.95762545,-0.15788662,-0.2354083,-0.2447591,0.035960466,-0.8238086,0.18217564,0.02183876,-0.32598832,-0.39599055,-0.20093516,-0.298172,-0.35256645,-0.40837723,0.17225619,-0.29396555,-0.05058012,-0.33788264,0.055778958,0.2569816,-0.5221679,-0.011938381,-0.3512936,0.42972472,-0.30311003,0.13629848,-0.063217886,-0.31826082,0.06679464,0.4276878,0.12738362,0.11427988,0.41805485,0.04712256,-0.07991108,-0.32478786,-0.059932288,-0.19352768,-0.60450155,-0.46247154,-0.17019965,0.33331132,0.45247528,0.24073416,-0.20774426,-0.021423295,-0.37466645,-0.35983807,-0.39843222,-0.30687752,0.013033146,0.4096915,0.11316245,0.43076915,-0.33421227,-0.45012864,0.26328427,0.052495904,-0.015380961,0.15153794,0.5112755,-0.43976766,0.18434986,-0.27973804,0.1882714,0.58424383,-0.2423662,0.23858427,0.39557564,-0.18580833,0.09521332,0.53005636,0.043448493,0.18184412,0.19211471,0.030070737,-0.19878483,-0.026332581,-0.204079,-0.07137498,-0.34971917,0.2328023,0.8507172,0.2340252,-0.40938926,-0.71944755,-0.14318502,-0.6337534,-0.06221643,-0.02882789,0.44451314,0.38423064,-0.043982744,-0.25099525,-0.08436327,0.19548316,-0.13573483,0.4402669,-0.22750507,-0.24312778,0.007891746,-0.2682907,0.32636946,0.13783634,-0.19601098,-0.32534134,-0.19937494,-0.35168442,0.027614973,-0.2298261,0.10782135,-0.3253316,0.28991503,-0.1594706,-0.00063056144,-0.19943008,-0.062354118,0.17195264,0.0806735,0.22455987,0.1120894,-0.16329774,0.29893485,0.07513081,-0.037721254,0.12335923,-0.19313794,-0.06802107,0.60099995,0.38489026,0.20476173,-0.14911781,-0.6926944,-0.24318218,0.02180705,0.35701248,-0.25757018,0.08783512,0.27251083,0.40174973,0.11038194,-0.0015283622,0.024427116,-0.064999245,-0.09724578,0.11633933,-0.15934195,-0.17280073,0.021718288,-0.42270833,-0.12887898,-0.7183468,0.078108534,0.36728677,-0.3100745,0.06639989,-0.17918527,-0.2626793,-0.3750846,-0.4547255,0.4914477,0.06612626,-0.11207902,-0.0019004975,-0.13567767,-0.08970745,0.18202586,0.16058952,-0.23622607,-0.1158968,-0.01917457,0.017510783,0.13232102,-0.14022015,-0.023599053,-0.14258623,0.47509128,-0.49733466,-0.0066709756,0.32546726,0.33682624,0.1053698,0.092463285,0.007951942,0.29374215,0.7170072,-0.057655953,-0.42004326,0.14474837,-0.4068338,-0.432277,0.24751669,0.06218462,0.07458042,-0.6804782,-0.25381762,-0.032317445,-0.13157658,0.3105866,-0.3359333,-0.24292223,0.19209523,0.3241911,-0.490453,-0.42021695,-0.029701112,0.30724505,0.044456247,0.29009864,-0.3163727,-0.14523691,0.39138198,-0.2598527,0.034006573,0.1601933,-0.021941276,-0.09369112,-0.6538752,-0.2310492,-0.34764984,-0.1536024,-0.8519903,-0.33048797,0.12710422,0.17987525,-0.4302134,-0.3820199,-0.120523624,0.273939,0.13333333333333336,0,0,1,0,0,0,0,1,1,1,1,0,0,1,2,0,0,0,0,0,0,0,1,0.0,0.0,0.0,-0.13333333333333333
0.4026969,-0.32602954,0.48820642,-0.19996327,-0.08541108,-0.25512704,0.2099619,0.7734465,-0.5347656,-0.0850528,-0.08984439,-0.19017392,0.4223246,0.3690808,-0.07237056,0.55461085,0.08002699,0.31719628,0.17413284,0.39734906,0.448029,0.20655803,0.11303977,0.43131337,0.6203057,-0.03490944,0.31316784,0.026917271,-0.91231745,-0.19759656,0.5214418,-0.09326391,0.09379786,0.02207613,-0.52787226,-0.8293646,-0.20130888,0.16125922,0.14534111,0.7966178,-0.06557041,-0.3735584,0.42905444,-0.11121317,-0.2231467,-0.022903994,-0.09566933,0.022446113,0.018874716,-0.07497639,-0.5964552,0.0031304967,-0.31985343,-0.40825897,-0.26449308,0.41912106,0.42413533,-0.73872626,-0.47109067,-0.11798229,-0.40997005,0.09227967,0.15794115,-0.19384736,-0.19930732,0.08173288,0.13163064,0.3150624,-0.7306347,0.034330703,0.12883894,0.35346752,0.057082854,0.78443885,-0.24264467,0.21175206,-0.16700499,0.6753167,0.3445184,-0.3359848,-0.02703517,0.051824104,-0.020924788,0.16188198,0.24082498,0.09181819,0.43991658,-0.101982564,-0.6200512,1.0396187,-0.26883802,0.18428954,-0.18564859,0.020064663,0.55893606,-0.22247021,-0.4822069,-0.20620432,0.04682697,0.00062177354,0.39282653,-0.46890897,0.17569715,-0.019111898,-0.09481848,0.028904598,-0.5183125,0.2506709,0.20761402,0.032234,-0.14701901,0.47777376,0.10264955,-0.83864385,-0.17201613,-0.043062482,0.3129694,-0.18393655,0.23705335,-0.19716401,0.00254108,0.113181956,-0.04551922,0.4952602,0.7497777,0.31901208,0.1017504,-0.053137504,0.063995615,0.5265118,0.3642333,0.59413415,-0.20829828,-0.38329774,0.40067413,0.24564354,0.27162695,-0.5212654,0.079640605,-0.2983069,-0.15202503,-0.3235058,0.3191393,0.31382903,0.42467794,-0.3304058,-0.48839337,-0.603924,-0.2827475,0.03600087,-0.35753953,-0.4501303,-0.45668402,0.07656869,-0.10224289,-0.18937643,0.023863811,-0.30484203,0.3520166,0.33957237,-0.0124485055,0.1218652,-0.25174746,-0.19841874,-0.07524021,-0.27049825,0.073242985,0.31519672,0.10742316,-0.3893807,0.17849654,-0.5236051,0.56811464,0.3558342,0.64717126,0.38004163,-0.17431588,-0.34883523,-0.3509526,1.0506318,-0.38840088,0.29726127,0.26366973,-0.33370945,0.44357097,0.14630976,0.78190863,-0.5135113,0.71221274,0.20059666,-0.54197115,0.08045043,0.43618745,-0.3810333,0.5099717,-0.24305376,-0.23574688,-0.19786759,0.34777233,0.22107138,0.05132381,0.12829332,0.24654537,-0.325782,-0.75671315,0.29332083,0.051051613,-0.058514174,-0.15562811,-0.18536726,-0.42549187,0.32359487,-0.28071937,0.13336337,-0.0491013,-0.10641282,0.11295509,-0.43105495,-0.25259444,0.022078948,-0.05761796,-0.8813116,0.29313153,0.031947717,0.06942633,1.2261958,-0.11493207,-0.31079292,0.72593385,0.18999563,0.014605856,-0.52354366,0.24892813,-0.20021501,0.2836492,0.15241311,-0.25132504,-0.22588769,0.21317412,-0.1126013,-0.40042374,0.5245096,0.39353982,-0.09585533,-0.3913039,0.29946637,-0.4391812,-0.7878908,-0.009172307,0.11908197,-0.06939563,-0.09540053,-0.4156821,-0.42341202,-0.16789693,-0.15566756,0.045617975,-0.22553654,-0.061880406,-0.1286022,0.13355985,-0.3793338,0.18869011,0.1211137,-0.12649032,-0.14491513,0.14126077,0.2949334,0.6580193,0.043117348,-0.054176666,-0.5733444,0.1615301,0.46258318,0.08598669,-0.03581878,0.12975936,-0.023588354,-0.060269855,-0.50136244,-0.0012189794,0.42188916,0.17962605,-0.31022826,-0.15495871,-0.15654841,0.042257663,-0.29994035,-0.2779135,-0.055349663,-0.44275486,0.025228117,-0.21370044,-0.012944481,0.6115253,0.11244403,0.044267107,0.3405115,-0.20852646,-0.4727919,-0.17779638,-0.037278064,-0.43848282,-0.08237744,-0.052226834,0.0926301,-0.3684827,-0.29946405,-8.924887,-0.2969882,-0.13779019,-0.27491546,0.119424574,-0.24704765,0.068978705,-0.2765826,-0.105699405,0.06533757,-0.07096578,-0.25051308,0.3575223,-0.6106695,-0.34752166,0.15211968,0.7293436,-0.00028388546,-0.22609845,0.5001392,-0.29446486,-0.66124517,0.24663539,0.017423155,0.5999455,-0.14276698,-0.21811672,0.020872362,0.1507827,-0.014001258,-0.16767378,0.011671917,0.20102878,0.70466536,-0.35014638,-0.3241031,0.22888073,-0.40720713,-0.0402602,-0.3963439,-0.2704099,-0.6506494,-0.37968844,0.16491066,1.1455886,-0.65098375,-0.015251591,0.18923922,-0.124071196,-0.016671838,-0.27335522,-0.6395158,-0.10365996,-0.43099073,-0.3512482,0.11586993,0.04740195,0.76218504,-0.30317524,-0.6129446,0.48515207,-0.02162521,-0.61606514,0.022430921,-0.16332985,-0.017294182,-0.78680384,-0.8969208,-0.07634723,-0.041744687,-0.33329773,0.45564255,0.004837522,-1.1036503,-0.05162776,-0.222489,-0.2958351,0.23520297,-0.3666361,-0.19286038,-0.81680816,-0.034030467,0.10702927,-0.09758278,-0.5926893,-0.4150603,0.1996374,-0.36004978,-0.38586438,0.22494213,-0.0070413756,-0.02382687,0.16693203,0.39106384,0.13539976,-0.11336379,0.6873411,-0.06476395,-0.071852036,0.28282136,0.6186372,0.26326475,0.3531771,-0.3985109,-0.3014778,0.028721327,-0.3445033,0.008447234,0.012178009,-0.28520706,0.016203417,-0.097599685,-0.40043208,0.13521472,-0.25410968,-0.53773016,0.19236395,0.41157016,0.006562955,-0.8042953,0.054231394,0.20351085,-0.7569413,-0.5294333,0.5570152,0.047534246,-0.29163826,0.29670912,-0.34775624,-0.12092647,0.027844172,-0.5214058,0.24325849,0.086786784,0.008727717,-0.2791499,-0.013433527,-0.23838553,-0.030254148,0.23739445,0.22266077,0.36646882,0.20408659,0.025475945,0.18397196,0.0750696,-0.21296406,0.46228355,0.27591237,0.3142255,-0.5842881,-1.027915,0.23793143,-0.24886239,0.5329651,0.027424803,0.20788515,-0.34380472,-0.4158601,-0.33439648,-0.07987334,-0.25665116,0.038387552,0.28848782,-0.17634057,0.03584227,0.62647665,0.3639312,0.5086332,-0.59810734,-0.055019,0.71374094,0.025747884,0.36181042,0.2335026,0.3008377,0.4029457,-0.3626796,-0.09418921,0.62314546,-0.14455861,0.33550128,-0.053975858,-0.021118443,0.14680363,-0.14799069,0.2432142,0.18002361,0.24343969,0.8323286,-0.39930716,0.6474256,-0.19878574,-0.28510216,0.3394596,-0.6919892,0.49119037,-0.18641655,0.07175319,0.873582,-0.26352742,0.26775506,-0.4794662,0.3851226,-0.40144554,0.016355354,-0.12515508,0.28343976,0.45977363,-0.27464366,-0.10084588,-0.41613084,-0.49359578,-0.112918526,0.43807822,-0.33326656,-0.28753495,-0.334215,-0.6824121,0.24994677,0.26314187,0.25003403,0.12591492,0.06325429,-0.08293839,0.37637317,0.017209817,-0.28284287,-0.35148963,-0.019945681,-0.2771322,-1.2466527,0.5365496,0.020004475,-0.05558928,-0.14077356,-0.081037216,-0.38610524,0.054920197,-0.33341205,-0.46040493,-0.81743777,-0.25719795,-0.80969954,-0.4680353,0.34803066,-0.1382912,0.40880758,-0.12634283,0.017936258,0.34797642,-0.30459204,-0.358169,-0.48335448,0.104241095,-1.0909795,-0.025643058,0.10393634,-0.12270914,0.17352983,-0.22871591,0.4117188,0.08495905,-0.023957703,-0.12910351,0.24024335,0.10972296,0.60043794,-0.48117825,-0.36514553,-0.3648919,-0.3964517,-0.019936636,0.3096656,-0.10086896,-0.22755936,-0.31954,-0.43831027,0.07235508,-0.07281009,-0.2634722,-0.262296,0.13728279,0.035317443,0.39492637,-0.19302592,-0.28466338,0.44671646,0.48628628,-0.04841135,0.09636439,0.44687793,-0.2884319,0.113483705,0.1386484,0.551682,0.61007154,-0.1812373,0.05877186,-0.056772742,-0.44777703,-0.2978528,0.7136476,0.05013239,0.19584717,0.11535995,0.024083981,-0.19260484,0.014774691,-0.124343835,-0.033533163,-0.20422988,0.47082174,0.45218068,0.46650845,-0.18835178,-0.88019776,-0.19801153,-0.7435016,0.23177439,-0.10605847,0.060531918,0.5224252,0.0077809435,-0.041447464,0.01801808,-0.01392616,-0.042568542,-0.07836237,-0.059674207,-0.6083338,-0.08665804,-0.18512787,-0.015963295,0.5114962,-0.35366276,0.06802805,-0.28554824,-0.407344,0.18099906,0.13836311,0.40440926,-0.24857992,0.4331196,-0.044539772,-0.32780856,-0.45469216,0.26866663,0.24468175,0.44260216,-0.06545339,0.4052737,0.014337215,0.0074017555,0.8503639,-0.24686664,-0.15637256,-0.031962622,0.14665468,0.60552865,0.40047222,0.2163097,0.009183656,-0.5753083,0.3953062,0.085288264,0.3118634,-0.20911849,0.011189766,-0.1347102,0.53711146,-0.4408688,0.13239342,0.06313816,-0.11375199,-0.050223857,0.039606165,-0.28980246,-0.61738074,-0.09804787,-0.5409331,-0.005388486,-0.27497616,-0.1992326,0.19096935,-0.28220922,-0.02139489,-0.15997593,-0.3199413,-0.14167827,-0.33598965,0.5785605,0.37860158,0.19412035,-0.055908516,-0.10005375,0.18859538,0.2126086,0.3827213,-0.09773442,0.09243174,-0.16315126,-0.08120686,-0.022242986,0.3292561,-0.40643212,-0.4580062,0.20816334,-0.59906876,-0.34997615,0.29379642,0.5746371,0.018981071,0.5744106,-0.08156226,0.41192532,0.4551355,0.054927964,-0.2345865,-0.23079032,-0.49579468,-0.4723808,-0.0060763503,-0.023302123,-0.21878755,-1.1254249,-0.19821753,0.11710287,-0.053306762,-0.08201043,-0.5656014,0.07733152,0.2552989,0.08264185,-0.65680414,-0.011184088,-0.06810585,0.3310776,-0.037007015,-0.04102998,0.046854105,0.09305896,0.17621145,-0.40220773,0.10683687,0.30632615,0.1625525,0.37229759,-0.71769506,-0.57231045,-0.060687974,0.017519737,-0.120496035,-0.25866422,0.1133247,0.038506027,-0.57134104,-0.41613388,-0.15411764,-0.10963093,0.0,0,0,1,0,0,0,0,0,0,0,0,0,0,0,1,0,0,0,0,0,0,0,0,0.0,0.0,0.0,0.0
0.24007064,0.35983074,0.7924683,-0.1387482,0.32362542,-0.19826274,0.21613893,0.28850156,-0.397766,-0.46803504,0.039765812,0.034082495,-0.13993908,0.59648645,0.19879597,0.5463781,0.0391658,0.16660914,0.062216435,0.09299442,0.3629679,-0.036561247,-0.22195019,0.15487349,0.027769418,0.37470216,0.00759113,-0.023783565,-0.2176885,0.029451428,0.06961936,-0.036522932,-0.009324126,-0.31387892,-0.38313854,-0.08415272,-0.121607155,0.11161289,0.5093398,0.28667602,-0.017167587,-0.34161326,0.44436336,0.014306056,-0.33494407,-0.37054482,0.014038552,-0.36816397,0.3674617,-0.606668,-0.38716957,0.18603235,-0.096120596,-0.4376746,-0.13112459,0.28567564,0.74233264,-0.44294566,0.11004727,-0.18118364,-0.08836747,-0.32721466,0.33156145,0.27750075,-0.58409065,-0.059503093,-0.07865068,0.36371598,-0.8539489,-0.015157627,0.46332675,0.20438091,0.3025091,0.18503198,0.055337902,0.1000556,-0.35047108,0.45311326,0.009538964,-0.12146169,-0.0890162,-0.16861631,0.4563269,0.33615494,0.29287574,0.0501822,0.15295304,0.19247234,-0.8161859,1.0115831,-0.128754,-0.0017690687,-0.14017987,-0.095126994,0.3121813,-0.68332756,-0.5429916,0.113806285,0.032160934,0.14466707,0.3236499,-0.5518387,0.21800683,-0.27010298,-0.40475583,-0.05191088,-0.39600173,-0.015426817,0.23427685,-0.005995469,0.21183302,0.07659349,0.23578623,-0.18159539,0.46660054,-0.18926339,-0.39301488,0.52593184,0.2509584,-0.44837424,-0.6784444,-0.033851307,0.59250414,0.07307725,0.13790694,-0.06475845,-0.5155392,-0.24917378,0.15334684,0.22174534,0.50466096,0.43181995,0.17909506,-0.2627792,0.2605791,-0.13813101,-0.23114893,-0.03352813,0.0023205474,-0.28146365,-0.2677479,0.23468213,-0.012928176,0.2554738,0.17988595,-0.31550556,-0.5435071,-0.021955289,-0.087602645,0.5104208,0.015334712,0.2837827,-0.3242078,-0.04041236,0.10702024,-0.3701659,-0.32985505,-0.13430408,-0.13226593,0.30683774,-0.16612405,-0.20696524,-0.12532322,-0.06768976,0.19624227,-0.37633702,0.24864805,-0.13578126,-0.19819885,-0.18227535,0.102836646,-0.6499253,0.48037833,-0.018717065,0.4086609,0.1689313,0.2768218,-0.7508975,0.16530274,0.8316193,-0.39209527,0.05124911,0.049092576,-0.29884243,0.4893029,-0.20899393,0.641248,-0.5273263,0.5595558,0.15409845,-0.1883036,-0.14260142,-0.10273192,-0.13166524,0.47180107,-0.1584104,-0.0989723,-0.6306758,0.41728356,0.056369253,0.4049541,0.3270382,0.1446297,-0.48647937,-0.4536646,0.71891075,-0.2040724,0.10462835,-0.9673271,0.14838874,-0.25442225,0.444709,-0.17988288,0.051553763,-0.09963305,-0.33019722,0.33907872,-0.27460214,0.16879573,0.29610422,-0.768846,-0.6983504,-0.24761355,0.016338652,-0.32350844,1.3523084,0.43380237,-0.7203957,0.35576534,0.040870275,0.063979685,-0.33653104,0.30297944,-0.25742915,0.3387472,0.59915966,0.44601604,-0.23528719,-0.21641947,0.37683913,-0.5193557,0.31985348,0.26540843,-0.23548554,-0.008602286,0.29482394,-0.034021635,-0.58076566,-0.41009688,0.02326463,-0.085012265,0.0052601076,0.054124184,0.0008514276,-0.1694075,-0.7813868,0.07960859,-0.27834845,-0.28971365,-0.16019636,0.29112902,-0.35191786,0.112324946,-0.233869,0.27556118,-0.01832628,-0.09182594,0.1971558,0.7354934,0.44235095,-0.49547043,0.35902435,0.20212036,0.32100555,-0.26537627,-0.43357798,0.4443883,0.10573332,0.012095936,-0.5418073,-0.10209063,0.5942181,-0.085526876,0.049173668,0.023202624,-0.46866882,0.5309825,0.3345362,0.011155896,0.17480339,0.24772704,0.13298397,-0.26124683,-0.462451,0.62345237,-0.10646013,-0.19803955,-0.06819782,-0.7819855,-0.18709101,-0.0001291877,0.06434794,-0.11977231,0.048043095,-0.120443165,-0.040602103,-0.6020897,0.12884866,-12.632208,-0.34003705,-0.21584061,-0.09146824,0.16706814,-0.11298914,-0.5728628,0.11234484,-0.5925577,0.2649168,-0.35735252,-0.23044142,0.012953775,-0.5136557,-0.12404421,-0.27481574,0.631157,0.3689307,-0.55734307,0.39309,-0.37463325,-0.13820559,0.72109354,0.16084172,0.60049784,0.22219588,0.17391516,-0.32678866,-0.05763875,-0.21231388,-0.085121706,0.08619755,0.030634675,0.9216501,-0.26383704,-0.21391931,0.23400034,-0.41957593,0.14861701,-0.20240861,0.011621812,-0.58446383,-0.34529063,0.259334,0.6417323,-0.15584709,-0.4996655,-0.26204503,-0.14486352,0.2654749,0.037048884,-0.011883714,-0.12647215,-0.53012335,-0.07878937,0.51472527,0.181264,0.61612755,-0.04412231,-0.276709,0.65529305,-0.17092037,-0.9034873,0.40609118,-0.16590624,0.07388995,-0.6474759,0.275492,-0.26182118,0.23937362,-0.0067099016,0.01750967,0.4157125,-1.1793524,-0.24933127,0.31618804,-0.051387995,0.15241772,-0.033641163,-0.17553967,-0.7045102,-0.32801208,0.010285415,0.011638468,-0.6301976,-0.43228745,-0.5227018,-0.49183807,-0.2762113,0.6013611,0.45086873,-0.13952787,0.12548006,0.12588221,0.3255904,0.12350691,0.2623885,-0.15494011,0.17625237,0.25477996,-0.17728968,-0.09566307,0.52311116,0.040851668,-0.41986576,0.3678822,-0.29792687,0.3021934,0.055744056,-0.12671512,-0.049410034,0.13846192,-0.24151991,-0.12965757,-0.17326128,-0.37754196,0.03407079,0.50835246,-0.2297798,-0.36781552,-0.70111305,0.37059838,-0.53259665,-0.66276133,-0.59881324,0.2380659,-0.036024142,-0.16607839,-0.2633016,0.16403775,0.0810869,-0.44916314,0.0813588,-0.7121912,0.12776557,0.04666105,-0.0057736426,-0.70667887,-1.0443844,0.10321333,0.66674304,0.17597076,0.49411553,0.18750109,-0.14334156,-0.09914946,-0.17301539,-0.537962,0.07533922,0.4724806,-0.11374456,-0.69907326,0.34173554,-0.3418075,0.30588737,0.19781248,0.3741929,-0.87735176,-0.20345975,-0.87974036,0.66431564,-0.28793776,-0.2090383,0.23133121,0.32831085,-0.12468416,0.005292004,0.20478779,0.006169753,-0.5380767,-0.024626922,0.2932444,0.09082624,0.4842104,-0.15454943,0.08888794,0.66337264,-0.3158802,0.07659722,0.9086265,0.4279753,0.42116237,0.01521672,-0.3845579,0.022738302,-0.504647,-0.110415496,0.45196545,0.17313643,0.2653616,-0.49641067,0.2555388,-0.09080641,-0.22651406,-0.055381846,-0.2009601,0.25189713,0.09618636,0.19185188,0.7678148,-0.22053087,-0.3365511,-0.21960293,-0.09291573,-0.12847209,-0.16692562,-0.09578004,0.22169796,0.63688445,0.09354117,0.33662683,-0.41967216,-0.52885836,-0.13533896,0.35946187,-0.2540938,0.19689101,-0.5714061,-0.3768691,-0.11807025,-0.048119903,-0.19458567,-0.46487084,-0.15132318,-0.24203865,-0.111424625,-0.44784942,-0.5482908,0.33908874,0.07440534,-0.04406316,-1.8405892,0.12399252,0.08438278,0.022952601,-0.15770495,-0.0052944706,0.5649656,0.095582694,-0.14396796,-0.09626845,-0.46051076,0.17045736,-0.2920444,0.28370857,0.505759,-0.029701652,-0.34523728,0.19151403,0.027335212,0.6644207,-0.21590164,-0.1581263,-0.4360839,0.053843312,-0.36624566,-0.2882465,0.39607194,-0.038358767,0.32241285,-0.3758508,-0.13888146,0.25996384,-0.07181326,-0.12503839,0.19558176,0.3337905,0.08579684,-0.013617908,-0.63077897,-0.41569805,-0.13357188,-0.025021765,0.098582715,0.22451824,-0.30483365,-0.5641575,-0.53043747,0.09667866,-0.1270433,-0.2499794,-0.14974092,0.061690155,0.3759514,-0.050825164,-0.19726592,0.117773704,-0.04251065,0.027440982,0.2023451,0.17981477,0.38749874,-0.56806123,-0.25449947,0.027045831,0.52696776,0.24479668,-0.018882006,-0.25386816,0.0017594667,-0.47252354,-0.15538362,0.3228448,0.016173635,0.30084035,0.16383974,-0.13271627,0.07324717,-0.4505784,0.121231854,-0.7161806,-0.1491266,0.37395206,0.40804935,0.21043786,-0.30018157,-0.19462246,-0.30682683,-0.049574744,0.05362662,-0.1914087,0.11274388,1.2124898,-0.20147412,0.31059465,0.0092833545,0.03382011,-0.08809126,-0.020601343,0.27466145,-0.25189373,-0.1166648,0.2707744,0.1532328,-0.1607085,-0.33526608,-0.105421744,-0.33470613,-0.25538215,0.28395063,0.52882326,0.68154746,0.13420808,-0.22521304,0.16006154,-0.22944078,-0.07245005,0.094690874,0.3327609,0.3308382,-0.24732384,-0.19801739,0.13089532,-0.20358606,0.62565047,0.22641498,-0.17807096,-0.17397672,0.13889699,0.943388,0.17036776,0.41071048,0.60054505,-0.45265907,-0.22682644,0.03103806,-0.3546091,0.4557228,0.013883345,0.13710219,-0.0073407902,0.0053698267,0.27962232,0.11981023,-0.48635444,0.03664965,-0.119756706,-0.059582017,-0.1328445,-0.04087727,-0.47635186,-0.0047600605,-0.10219189,-0.18705907,0.42353973,-0.3665699,-0.07643095,-0.22020704,-0.37807897,0.10671918,-0.25315166,0.20774363,-0.4291435,0.05645341,0.1115763,-0.055177473,-0.20749475,0.00064574,0.33074284,0.34028348,0.16007353,0.10796258,-0.2927474,-0.26440516,0.34966287,-0.134335,-0.29521373,0.49572432,-0.5549017,0.085962,0.1889192,0.026472889,0.08791754,0.29519433,-0.1988277,-0.021394892,0.25586691,-0.46415162,-0.2980818,-0.17673273,-0.40704453,-0.3600678,-0.006604671,0.07468209,0.21526168,-0.104371406,-0.117531605,-0.38219243,0.012045995,-0.05038857,0.15705685,0.60178244,0.69029695,-0.366128,-0.68098915,-0.31943175,-0.24810033,-0.26069385,-0.011814113,0.3366748,0.31823248,-0.10534299,0.17312427,0.32427284,-0.031359166,-0.06763616,0.23708743,-0.024739614,-0.39745075,-0.47907662,-0.57337415,-0.15043563,-0.28590995,0.13332804,-0.103458956,0.22851591,-0.49545452,-0.5224418,-0.027834289,-0.028923538,0.0,0,0,0,0,0,0,0,0,0,0,0,1,1,0,1,0,0,0,0,0,0,0,0,0.0,0.0,0.0,0.0
-0.024622286,-0.12850466,0.6044895,0.025683539,0.7888073,-0.23352176,0.0044267597,0.29178515,-0.14746419,-0.3263662,0.06896617,-0.08790476,-0.036054302,0.24878559,0.05401146,0.3140409,-0.23322767,0.42631686,0.07897823,0.027318317,0.23209414,0.22443743,-0.092689246,-0.118055075,0.39374608,0.22544843,-0.06362055,-0.3716716,-0.6672824,-0.14251193,0.13047448,0.2596624,0.48256847,-0.29692632,-0.42905816,-0.4519153,-0.33683997,0.017572282,0.021798296,0.15127102,-0.43382108,-0.11983084,0.32540023,-0.014102723,-0.057471048,0.12217175,-0.11187039,-0.16207482,0.17501505,0.016206516,-0.7759433,0.2363698,-0.12915786,-0.327898,0.09898875,0.36264783,0.5689968,-0.8207049,0.21519211,0.01639201,-0.26866397,-0.0245296,0.055485953,0.28390944,-0.048556015,-0.13490896,-0.01840205,0.17034484,-0.855311,0.2365007,0.21201186,-0.38647485,0.334741,-0.16708544,0.012448663,0.19647463,-0.25854135,0.60249686,0.35248998,-0.050600715,-0.2219733,0.13897985,0.6187749,0.16034773,0.86279076,-0.035223346,-0.04999677,-0.07008026,-0.38484305,0.59506965,0.21155423,-0.17976277,-0.27013978,-0.009027976,0.8789837,-0.5861818,-0.7046193,-0.071233064,-0.08944703,0.28622168,0.63088477,-0.6778545,0.17915909,-0.14921333,-0.17441905,-0.08009494,-0.58041686,-0.38557044,0.39506406,0.53121114,0.007341242,0.11546316,0.15304445,-0.22637188,-0.10076039,0.24490304,-0.37027577,0.35626352,0.5024655,-0.04449967,-0.016905941,0.6227361,0.19508362,0.3193259,0.38308662,0.30967614,0.008244699,-0.19499062,0.42869195,0.23786877,0.76770157,0.37747112,0.51432914,-0.15139087,0.31910986,-0.02335177,0.08557593,0.13686273,-0.21779795,-0.38609993,0.026454654,-0.13421111,0.14245859,0.40793046,0.8368538,0.24933957,-0.0070659644,-0.24984819,-0.15272513,0.6303571,-0.23834997,0.35782856,-0.40837285,-0.21286847,-0.34193107,0.13130002,-0.20042227,-0.15379341,0.114870004,0.15971602,0.010525615,-0.009351976,-0.42219725,-0.6732014,0.3286433,-0.21547276,0.081365384,0.6461397,-0.14612134,-0.1541821,-0.2467648,-1.096378,0.16278554,-0.0445182,0.43216792,0.17815386,0.082982294,-0.5139024,0.29993182,0.96011245,-0.4373044,0.016291073,0.31894025,-0.41473413,-0.0335434,-0.09596471,0.6833148,-0.44563925,0.67016,0.08601454,-0.35679218,-0.17893618,-0.2765073,-0.29247695,0.45926535,-0.34310672,-0.3614031,-0.16747084,0.41611728,-0.4662903,0.23873726,0.27091888,0.4397312,-0.6410621,-0.49924698,0.32319236,-0.15314327,-0.22749712,-0.9829115,0.0036781079,-0.3821888,0.46189904,-0.05588242,0.31869,0.13168171,0.10891625,-0.04494472,-0.30872628,0.20658432,0.43537387,-0.23683843,-0.3970995,0.0077868793,0.38532752,-0.33122388,1.4648334,0.38212642,-0.27635536,0.6392738,0.14937764,-0.46099454,-0.25158936,0.100708984,-0.8343002,0.24985236,0.37484348,-0.35484424,-0.10764944,-0.09464663,0.37186024,-0.4667131,0.18443498,0.15121798,-0.017191261,0.046646304,0.056438275,0.05892463,-0.46067315,-0.0055782245,-0.0072131525,-0.18071817,0.10654171,-0.09767872,-0.38404208,-0.581856,-0.6061762,0.3074878,0.025584202,-0.60382515,0.27447563,-0.24471319,0.24231426,0.14443244,0.016479254,0.13549185,-0.31729656,-0.07744321,0.069473594,0.5985238,0.17264156,-0.32971013,-0.21442097,-0.0200647,0.59492135,-0.110751875,-0.6491423,0.07348402,0.21095344,0.21231045,-0.41067326,-0.3293247,0.5917762,0.33148307,-0.20730093,0.025933916,-0.41896835,0.37908566,0.003955703,-0.12770583,-0.702185,-0.022398105,0.112754956,-0.003843033,-0.31363544,1.2210573,0.3368199,0.10493394,0.0911891,-0.42102468,-0.33915898,-0.20680527,0.063033864,-0.08374054,-0.21077059,-0.00799271,-0.0015214004,-0.8601613,-0.21068907,-11.298036,-0.19781911,-0.33622792,-0.14068474,-0.2247375,-0.08847046,0.2773361,0.17236258,-0.13606118,0.042086206,-0.22538817,0.18768114,-0.030401569,-0.48405388,0.007873974,0.27718994,0.3960934,-0.11022656,-0.4914521,-0.156194,-0.39231393,0.0041684564,0.36250383,0.31995314,0.48500168,0.03651409,0.4173559,-0.2686078,0.009364032,0.051425274,-0.076311275,0.26838356,-0.20385021,0.86660606,-0.5617722,-0.16383252,0.3298112,-0.34842438,-0.044223104,0.3146657,-0.081969954,0.0043670856,-0.04075416,-0.03666646,0.6232698,-0.6390158,0.25766677,0.40948156,0.117476605,-0.037483133,-0.48395985,-0.29072198,-0.011000638,-0.29679668,-0.02066051,-0.43426123,0.43781102,0.8494545,-0.082285345,-0.38590512,0.38085788,-0.35866252,-0.24270439,-0.1394403,-0.3286919,-0.20297539,-0.73907983,-0.67067266,-0.44087446,0.4294049,-0.45362636,0.08682134,0.31749582,-1.21192,0.16102691,0.12993579,0.054775156,0.5142624,-0.18053636,-0.10378667,-0.86138207,-0.56192887,-0.09882035,-0.3834937,-0.44566512,-0.5777328,-0.20185377,-0.40394023,-0.1491099,0.48147532,0.15915953,0.0010832278,0.5006608,0.2707843,-0.13820334,-0.19767796,0.6530326,-0.4790716,0.20742068,-0.0015136084,0.40382048,-0.22103764,0.38801706,-0.19256866,-0.50035346,0.20249897,-0.39856893,0.062774405,0.06241031,-0.27537644,0.02513705,0.23563993,-0.23599035,0.021435874,-0.6427054,0.13334228,0.0126549555,0.14081994,0.11191252,-0.65974444,-0.4736924,0.31564033,0.094091065,-0.39102486,0.025256703,0.12630291,0.057237636,0.115713365,-0.2247642,-0.47107318,-0.110542886,-0.15759093,0.25844708,-0.07840992,0.1237384,-0.44278306,-0.07158411,0.08842982,-0.28530103,0.039796446,0.40151346,-0.261506,0.24103138,-0.20194393,-0.19379276,-0.25520155,0.24355988,0.06182034,0.05082166,0.54529625,-0.6305943,-0.73309714,0.08815766,-0.004647768,0.13356268,-0.16136852,0.21212082,-0.2504091,-0.11838188,-0.87371796,0.44052914,-0.34589332,-0.07940583,0.26064178,0.13325204,0.12048533,-0.026776766,-0.035921708,-0.26641178,-0.24207556,-0.10456277,0.382778,-0.0055924426,0.097824484,0.0665963,-0.031778384,0.37823272,-0.4766343,-0.04316585,0.792197,0.3787323,0.21433115,-0.29305744,-0.00027813792,-0.11091429,-0.29127192,0.43264237,0.5174008,0.46997216,0.35688573,-0.97520375,0.47275844,0.31249803,-0.662447,0.35112432,-0.4834036,0.5269601,0.258831,-0.27185997,0.12693481,0.022008557,0.19596067,-0.67902774,0.095679015,-0.078198165,-0.24872452,0.27447578,0.3614378,0.28506842,0.24048567,0.22714518,-0.31377724,-0.6544825,-0.32578287,0.21682867,0.030606123,-0.1617723,-0.2292461,-0.6534124,-0.12730846,-0.3430533,0.050886154,0.058041994,0.03534494,-0.42445806,0.3560476,0.082501814,-0.2565266,0.028159292,0.022965966,0.10654035,-1.7190771,0.37195462,0.08815213,0.1459076,-0.46212757,-0.67967325,-0.3635421,-0.12820698,-0.19233586,-0.36517608,-0.8307072,-0.16935627,-0.6754755,-0.1665182,-0.08526246,-0.81710106,-0.33966637,-0.4488647,0.13676284,0.50878245,-0.46191177,-0.3286091,-0.57291824,0.007358842,-0.51211935,-0.08517668,-0.36676988,-0.32816973,0.47590804,-0.4094559,0.13825764,0.038992375,0.5250691,0.44700924,0.5331379,0.50962037,0.050395843,-0.08818978,-0.4432122,-0.32293946,-0.5685025,0.04008475,0.42730293,-0.16978918,-0.32571396,-0.20031792,-0.20983762,0.042385284,-0.109265976,-0.24915643,-0.14496365,0.56003404,0.20212288,-0.029520607,-0.15723984,-0.06739078,-0.3080915,0.20913939,0.1401376,-0.07035316,0.5447807,-0.5260535,0.26872277,0.09705108,0.393048,0.14280863,-0.15846018,-0.14423211,0.22538666,-0.19545607,0.24844046,0.8223164,0.24124382,0.13999705,0.17784281,0.0015911323,-0.118414834,-0.23180608,-0.23926537,-0.77340966,-0.24883026,0.58251953,0.79077774,-0.047145233,-0.30166733,-0.5235945,-0.34145537,-0.43749574,-0.122808,-0.20463093,0.16700038,0.6988267,0.06671713,-0.13273148,0.024215521,0.087274626,-0.30869934,-0.0792691,0.19844046,0.06944644,0.32189524,0.14488165,0.2568195,-0.019407643,-0.40820765,-0.13934006,-0.042701844,-0.40696117,0.4520007,0.35817176,0.3268665,0.03849859,0.2018957,-0.25670135,0.37529424,-0.15267454,0.14609462,0.07015406,0.28357983,0.060822845,-0.105185755,-0.14747488,-0.119538456,-0.008007666,-0.13378644,0.23757033,0.12559475,0.4771084,0.7553433,0.46566704,0.16401316,0.5976217,-0.9043034,-0.13822131,0.27615038,0.13345005,-0.08616908,-0.25932142,0.20195192,-0.19009323,0.16767101,0.1600761,-0.05932313,-0.20917411,0.19890463,-0.0836365,0.029287605,-0.28870514,0.15875882,-0.3873708,-0.35284927,-0.40732887,-0.108144276,-0.05786188,-0.39395496,-0.08748691,0.17184094,-0.22869132,-0.47767243,-0.19199097,0.16293699,-0.116818145,-0.39024097,0.12042421,-0.06771724,-0.16719486,0.2265663,0.48080093,0.36961803,0.12824892,-0.38765904,-0.30772212,-0.40866208,-0.2517277,0.030396638,-0.27240592,-0.01640983,-0.80350006,0.009897344,0.68908226,0.160267,0.06269059,0.2897936,-0.17594151,0.28099895,0.38996637,-0.1338151,-0.36118945,0.017910738,-0.077198654,-0.4843991,0.28523803,0.05688463,0.28589603,-0.079205416,-0.51765704,0.05711213,-0.12834233,-0.43442005,-0.2813792,0.65962565,0.5226275,0.3499137,-0.19214404,-0.23368582,0.09490659,0.24499126,-0.1314891,0.118772574,-0.25258234,0.31482404,0.11630839,0.069389865,-0.57246304,0.28254735,0.22455502,-0.22840391,-0.7009443,-0.33848834,-0.22754273,-0.1791055,-0.37343326,-0.031814255,0.26732713,0.38465995,-0.31364548,-0.39863563,0.07691769,0.49092284,0.0,0,0,1,0,0,0,0,0,0,0,0,0,0,0,0,0,0,0,0,0,0,0,0,0.0,0.0,0.0,0.0
0.2793479,-0.32882455,0.21356638,-0.26012236,0.39013427,-0.5109775,-0.17127357,0.66103876,-0.4281944,-0.085009,-0.37439534,-0.12627864,-0.0117428545,0.28205147,0.026491879,0.7327853,-0.26929852,0.27043486,0.22663946,0.5098692,0.511065,-0.04597577,-0.10822984,0.032217935,0.7116179,-0.2856802,0.36019194,-0.27605245,-1.0141921,-0.09133343,0.31204906,0.23557594,0.017168839,-0.15510939,-0.48781398,-0.5681332,-0.44255662,-0.1771845,0.4262951,0.70773286,-0.24896486,-0.4064873,0.1973446,0.32034966,-0.018828683,0.35927278,-0.08175969,-0.4070198,-0.27275494,0.41438714,-0.3489432,-0.15163322,0.50164014,-0.0003995815,0.34244424,0.4818288,0.57448965,-0.07858427,-0.7240479,0.24167135,-0.119723834,0.60616773,0.17736416,-0.3728835,0.27538174,-0.010286826,0.14529821,0.8166095,-0.9522745,0.15060304,0.1231143,-0.021182291,-0.42026883,0.7953861,0.2349549,0.60061055,0.07789355,0.79613376,0.38469654,-0.2444695,0.037596628,0.07090783,0.38954133,0.031970818,0.085494645,0.36658135,-0.13202229,-0.15230991,-0.86011434,0.9971036,-0.10964129,0.29264447,0.19593598,-0.33974162,0.7227239,-0.45979565,-0.28415892,-0.5758421,-0.38119674,-0.15534085,0.5781696,-0.013304536,0.0066422466,-0.05054431,-0.54901767,0.22271204,-0.7876383,-0.18730278,-0.10719104,0.43796512,-0.57872266,0.1545995,0.19338623,-1.0684307,-0.3344842,-0.15814044,-0.013589426,0.17738995,0.14664134,0.030702299,0.34841812,0.44076085,0.06816872,0.08642906,0.46712944,0.17213249,0.012870591,-0.09911619,0.49490723,0.23921655,1.0381799,0.19658142,0.23868972,-0.4044583,-0.07817923,0.19439372,-0.07199275,-0.15778437,0.12911142,0.093799666,0.059264213,-0.5951287,0.2239389,-0.18104813,0.14747255,-0.07790322,-0.025832763,-0.53591734,-0.545019,0.4384361,0.069895685,-0.4622619,0.05919945,-0.05416744,-0.077878825,-0.2620239,0.14943923,-0.21035045,0.41911712,-0.34498933,0.17338058,0.286358,0.20511162,-0.14228544,-0.14366119,0.021683503,-0.0918298,0.053454302,-0.13381088,-0.37887487,0.11933211,-0.46025598,0.5225222,-0.08104471,0.32993257,1.0683402,0.07751153,-0.28917035,0.06525696,0.7680122,-0.6117891,0.051139582,0.3590137,-1.0058248,0.19933878,0.16653164,0.7863903,-0.09255299,0.6227497,0.13470908,-0.39337593,-0.0054924,0.11650922,-0.2932447,0.21228829,-0.42598182,-0.43889505,-0.33026418,-0.09728846,-0.73942614,0.2190276,0.15265884,-0.11103784,-0.013275188,-0.39997447,-0.18977755,-0.14091997,-0.6759785,-0.04449865,-0.4676546,-0.43904546,0.41594467,-0.123035945,0.4518642,-0.0033951746,0.2861097,-0.02153635,-0.12529157,0.111986026,0.33038288,0.13552245,0.093922794,0.023260687,-0.0068439315,0.25851697,1.0534713,0.11832033,-0.46772248,0.40920743,0.35816005,-0.38724813,-0.19175214,0.3449204,-0.45446527,0.41895,-0.18200964,-0.45768672,-0.12200258,0.2372378,-0.119800396,-0.12887238,0.34906453,0.063681565,0.5825901,0.09790478,0.08032333,0.291985,-0.27670625,-0.50757074,-0.48550636,-0.019807516,0.26834846,-0.4558717,-0.4437125,-0.38096118,-0.004187437,-0.18271841,-0.20743757,-0.13312183,0.24036886,0.3951659,-0.13557464,-0.1229765,-0.20205429,0.081071004,-0.40067682,0.49852857,-0.24716869,0.7811763,0.39962766,-0.04626001,-0.11169867,-0.13827008,0.49732286,0.48400906,-0.36285615,-0.088586405,-0.30774644,-0.057815623,0.30204156,0.31903154,0.3427266,-0.028521037,-0.18162303,-0.22403799,-0.112459935,0.35683167,0.026928773,-0.15629566,0.3082168,-0.83321214,-0.018056637,-0.34439063,0.05414542,1.0533779,0.26826754,0.09144952,0.30004886,-0.2205107,-0.04118916,0.34452385,-0.27901015,0.16647235,-0.6179569,-0.28366408,0.5255355,-0.3068014,-0.5294084,-5.3555164,-0.3618461,-0.6154427,-0.42669827,-0.5074047,-0.47583467,-0.01927353,-0.27952233,0.18720803,-0.09462647,0.03751345,-0.080232255,-0.06824677,-0.15411155,-0.23436719,0.28929278,0.59684163,-0.021425147,0.13491912,0.4730305,-0.2098459,-0.33160996,0.033361234,-0.0063363523,0.22518364,0.35153374,-0.6284577,0.13452128,-0.065816365,-0.5537138,-0.10589906,-0.3820676,-0.29550022,0.9870674,-0.275724,-0.5813821,-0.075453945,-0.35900617,-0.33369854,-0.34248912,-0.12069423,-0.2942461,-0.21941683,0.05297461,1.1165509,-0.45962632,0.14558989,0.33203298,-0.27833977,0.30512282,0.16614445,-0.70231116,-0.03449007,-0.52875626,-0.13303572,-0.08963182,0.24550791,0.73594236,-0.34688225,-0.108411476,0.69429016,-0.29903695,0.1156204,0.07661243,-0.51054186,-0.20018558,-0.90269643,-0.6840422,-0.5265165,-0.31585935,-0.3959346,0.4305594,0.07201946,-0.68945956,-0.014388103,-0.74770087,0.6032547,0.030555872,-0.5739233,-0.40806168,-0.41227385,-0.06984976,-0.07921185,-0.19606926,-0.66249335,0.13268591,-0.2597887,-0.6806155,-1.0509951,-0.26736003,-0.3543155,-0.09782458,0.7964808,-0.16234738,-0.21154487,-0.0012772232,0.83057815,0.02603531,0.061148625,0.08926086,0.45936644,0.1045736,0.64122176,-0.3000148,-0.3560649,-0.33644736,-0.46392745,-0.048420385,0.40218145,-0.48623523,0.024178669,0.3511594,-0.39973438,-0.1970187,-0.32189232,-0.4478561,0.17376082,0.102331966,0.17673045,-0.5435993,-0.26666176,-0.31499803,-0.71812856,-0.21190298,0.4519721,-0.18621618,-0.33541805,-0.10766614,-0.3056492,-0.08950793,0.105293214,0.006463294,0.02740981,0.21442012,0.2261941,-0.63556564,0.26263165,-0.082324944,0.5038988,0.026643129,0.207425,0.5932596,-0.13166155,-0.4073371,-0.10061849,0.07421845,-0.05772955,1.1423362,0.25516596,-0.35290325,-0.40945107,-0.57747203,-0.06198408,-0.072193176,0.2486124,-0.1337663,0.71421325,0.15547325,-0.7045253,-0.7496883,0.24821377,-0.40287048,-0.23253283,0.19797283,-0.061014768,0.19016519,0.5413105,0.35278937,0.31017247,-0.83653283,-0.41993007,0.43894398,-0.14470872,-0.02095385,0.1915819,0.5549337,0.28054956,-0.19400468,0.07929731,0.38279378,-0.18821786,0.035782225,0.13638474,0.064256705,0.13616009,0.28835112,0.22718027,0.35924134,0.3951342,0.8060199,-0.33927974,0.13359801,0.30734465,-0.5913276,0.44687262,-0.96458757,0.48807713,-0.6304768,-0.39245567,0.7118986,-0.34842804,0.07906001,-0.70169234,0.12707776,-0.24044481,0.31239527,-0.06922816,0.08742509,0.26918,-0.03155252,-0.38556278,-0.21814993,-0.38549194,-0.39384815,0.29140574,0.21715894,-0.5141165,-0.3266235,-0.35730448,0.1791423,0.53602934,0.2816416,0.73610634,0.027459921,-0.045834366,0.40366676,0.422575,-0.268021,-0.089797564,-0.14870772,0.075995706,-0.92995,-0.05290339,-0.08647098,-0.0063263304,-0.03457797,-0.7872188,-0.12449979,0.26792464,-0.4839463,-0.35835892,-0.09612673,-0.5154214,-0.6152139,-0.24773201,0.10900933,-0.06377594,-0.12082963,0.085947745,0.13781038,0.079258114,-0.3532399,-0.14283748,-0.5688867,0.56092036,-0.55248535,-0.3080808,-0.24489473,-0.3571362,0.060140595,0.2712842,0.17093135,-0.0006381153,0.4826664,0.36375389,0.024446579,-0.39636165,-0.137247,0.18225253,-0.8862395,-0.8927288,-0.0416035,-0.07917832,0.5617317,0.6667213,-0.20765242,-0.32707897,-0.4985826,-0.40680802,-0.49685365,-0.51698494,-0.09521205,0.39562562,0.52490836,0.45046937,-0.28386152,-0.426348,0.4630008,-0.25714955,0.22410692,0.59366465,0.7987153,-0.04878948,-0.027409412,-0.45961082,0.40551582,0.75536346,0.25515956,0.4473604,0.45515972,-0.37784827,-0.18786621,0.49286506,0.27024838,0.16269106,0.023311332,0.29804146,-0.24490649,-0.04486472,-0.17911136,-0.023043541,-0.21191026,0.56878304,1.0429752,0.0011911228,-0.45315397,-1.1615906,0.020322766,-0.57095224,-0.2301999,-0.032139894,0.1414599,0.4394323,-0.03842331,-0.32776383,0.008833992,-0.03206243,-0.21083483,0.6621029,-0.32939452,-0.6577113,0.377766,-0.1519101,0.2664275,-0.27084455,-0.53688365,-0.6747252,-0.40366092,0.049621448,0.13890271,-0.13935633,0.29310548,-0.02746742,0.43060574,-0.22840968,-0.08625544,-0.24786013,0.0918558,-0.024586523,-0.116448715,-0.072966665,0.17944239,0.021578941,0.32025492,0.3248422,-0.0320011,0.37191904,-0.08858503,0.06387192,0.48940456,0.110327795,0.3553904,0.07363449,-0.56137115,-0.23599207,-0.14668174,0.35113984,-0.35608432,-0.10742371,0.40927142,0.29424846,0.1978571,0.13482855,-0.5872656,-0.18406534,-0.1839777,0.11722695,-0.24389163,-0.38031483,0.024913456,-0.32587886,-0.19815277,-1.1774406,-0.09361252,0.47953025,0.086992025,0.21283764,-0.14804083,-0.3099378,-0.6226365,-0.2639405,0.32054502,0.50807184,0.33724907,-0.09067893,0.08210805,-0.005462271,0.24594614,0.28833303,-0.16907585,-0.09488365,-0.17104441,0.12914884,0.41734338,0.0708614,-0.49016514,-0.16891283,0.35604897,-0.54627436,0.1289323,0.059060782,-0.16066742,0.028726453,0.23147121,-0.082685165,-0.006090637,0.52636003,0.16186228,-0.47244662,-0.18470977,-0.21655612,-0.3354726,0.12356158,0.06549984,-0.0072477,-0.37609684,-0.101407655,0.23827492,0.076530606,0.29982024,-0.80164284,0.13012329,0.21527523,0.21125448,-0.6178712,-0.5311351,0.4821909,0.4436298,0.10591239,0.2443351,-0.65576303,0.24490881,0.13092272,-0.42352974,-0.29358485,0.15802677,0.09479658,-0.15889306,-0.5757132,-0.033206135,-0.116216876,-0.013171118,-0.6609665,-0.41516435,0.33310607,-0.37554866,-0.27395627,-0.833797,-0.15465868,0.21414873,0.0,1,0,1,0,0,0,0,0,0,0,0,0,0,0,1,0,0,0,0,0,0,0,0,0.0,0.0,0.0,0.0
0.37553483,-0.19284058,0.6625532,-0.15177783,0.37751007,-0.17458506,0.2415068,0.30947983,-0.260894,-0.3830957,0.12479374,-0.3380526,0.23226668,0.31767848,-0.25596085,0.7804944,-0.47444034,0.26019162,-0.059500404,0.1640997,0.26401082,0.11131872,0.0043050293,0.120483816,0.38038307,0.101789065,-0.096097745,-0.17363003,-0.41828063,0.16180284,0.13341399,0.18112181,0.51632273,-0.16044106,-0.21618998,-0.31736434,-0.06366341,-0.31132075,0.007957761,0.4023756,-0.12457698,-0.6220389,0.28544328,-0.11514943,0.18961924,0.20096116,-0.16706598,-0.22468133,0.4023185,-0.48434997,-0.6885259,0.04595058,-0.02905381,-0.4836412,0.06736431,-0.03135487,0.3688349,-0.8565178,0.26304144,0.054155167,-0.11186124,-0.22141972,0.18784466,0.17312907,-0.4433765,-0.25419417,0.37240216,0.6893918,-0.7051348,0.3658703,-0.18493319,0.025420625,0.5349462,0.30788887,0.18386345,0.07542387,-0.13011396,0.6887167,0.04182808,0.09571191,-0.27674788,-0.20994166,0.31183255,0.11673504,0.5891592,0.24625202,0.34784055,-0.18321978,-0.3835635,0.5916988,-0.4667955,-0.29835856,-0.28771314,-0.09748979,0.18509328,0.13154906,-0.7857483,-0.34833318,-0.13105421,-0.10641381,0.5467054,-0.063972555,0.17958947,-0.45713547,-0.43927357,-0.11110817,-0.22541271,-0.41565323,-0.10759412,-0.1957905,0.079412855,0.21126398,0.3647492,-0.23904914,0.35665867,0.11908195,-0.19492926,0.45687944,0.4389628,-0.22614042,-0.13760036,0.142253,0.27793753,0.23285785,0.46704185,0.39092407,-0.32040274,-0.5874768,0.4028136,0.71391696,0.46088555,0.37632442,-0.18338695,0.19575714,0.06431481,0.110992745,-0.5179587,0.18122105,-0.0049735475,-0.2869345,-0.31045222,-0.14925128,0.29732737,0.33309883,0.3121234,0.27375275,-0.31563318,0.42743748,-0.14079572,0.3703788,-0.4188713,0.27501112,-0.4632677,-0.43905318,0.10813741,-0.2574842,-0.26927993,-0.09164086,0.17257364,0.45949876,0.056785136,-0.10871014,-0.1453036,0.041147556,0.53797054,0.054837964,0.09679371,0.08133016,0.070579775,0.0066941543,0.03470649,-0.75078005,0.061227884,0.07343954,0.23865843,0.14656156,0.24753638,-0.42105284,0.17408428,0.73090965,-0.4617835,-0.26935914,0.15398456,0.16911434,0.077581175,0.10652909,0.41835204,-0.46612832,0.38710898,0.59702116,-0.2549633,-0.16669439,0.29555878,-0.43699127,-0.08993392,-0.2469843,0.17451438,-0.4267454,0.35336354,-0.10504872,0.13382828,0.17504895,0.21449864,-0.1530048,-0.48646107,0.42938897,-0.18285117,0.0069940877,-0.8343983,-0.24582742,-0.52816916,0.25817052,-0.3079198,0.3350875,-0.13396896,-0.020545147,0.25764677,-0.633844,0.032935213,0.061983224,-0.28742072,-0.28829706,-0.13883203,-0.11986309,0.0056768386,1.5462822,0.39790803,-0.6270252,0.8197008,-0.104636356,-0.07936918,-0.26757544,0.2081371,-0.19240038,0.3646604,0.5231082,-0.014133936,-0.30775082,-0.06621357,0.09398613,-0.6204934,0.40905038,0.32976174,-0.041491844,-0.1968902,0.4499521,-0.15311116,-0.37242275,-0.17279147,0.26261932,-0.011259219,0.4357247,-0.04847918,-0.19114502,0.060175113,-0.39968026,-0.02316761,-0.41887566,-0.2329516,-0.3509317,-0.024372911,-0.24018072,0.918123,0.15540431,0.3050522,-0.2691705,0.035331503,0.12538898,0.77597755,0.3179213,-0.5254178,-0.107354425,-0.10674876,0.35729876,-0.18360233,-0.28600323,0.045778442,-0.079480365,0.41381893,-0.2665583,-0.15655127,0.24727726,-0.39540684,0.034453705,-0.25861168,-0.029276786,0.31815875,-0.16813749,-0.12357405,-0.17426693,-0.23801617,-0.043067828,-0.41464084,-0.067748696,0.88834816,0.102596216,-0.09379336,0.27638662,-0.28250805,-0.104040444,0.08661654,0.53354514,-0.38129517,-0.1765472,0.15070301,-0.25371823,-0.35066417,-0.51642156,-9.444714,-0.33703336,-0.16883546,-0.42727605,0.6950717,-0.17828122,0.099524766,0.18932962,-0.24575324,-0.1087816,-0.05027132,-0.26974368,0.11108835,-0.94494325,-0.03756024,-0.072678626,0.20287396,0.10581235,-0.08872254,0.16738181,-0.29459172,-0.18495153,0.61055434,-0.024266215,0.655804,-0.41196486,0.022077892,-0.21518052,-0.27214587,-0.17211153,-0.23352683,-0.06120504,-0.08994183,1.331738,-0.46928585,-0.4250824,-0.16669506,-0.5547081,-0.18072659,-0.20259681,0.26460084,-0.079821445,-0.24675994,0.10084364,0.96077037,-0.30014628,0.2083501,0.048389617,0.095727354,0.08329523,-0.612511,-0.08136685,0.119526245,-0.74886656,0.010275514,-0.15452585,0.18216187,0.86783403,-0.5273453,-0.30148473,0.5047187,-0.024412401,-0.33242527,-0.010678608,-0.64415467,-0.13192715,-0.70970994,-0.4359886,-0.46247688,-0.6758628,-0.5309881,0.106972285,0.60528255,-1.1290119,-0.073571995,0.14889787,-0.14177102,0.29934683,0.15598468,-0.41600063,-0.7379436,-0.46151158,0.049158216,-0.013768431,-0.2829657,-0.27150914,-0.63220006,-0.5637728,-0.0967547,0.71843666,-0.3578561,0.10686159,0.3899418,0.033562776,0.030739494,-0.12232286,0.65713835,-0.4221843,0.11944177,0.07507717,0.4760245,0.15648365,0.3236957,-0.23605646,-0.16572183,0.35641646,-0.3382002,0.09775944,-0.21638821,-0.091505185,0.37011138,-0.20391785,-0.5782415,0.016497172,-0.3866802,-0.28755704,-0.065439105,0.58514774,0.34300882,-0.54979473,-0.6806486,0.47203246,-0.7158659,-0.47560635,0.076373965,0.56702745,0.060453672,0.024260828,-0.44565538,-0.027217843,-0.30037335,-0.8323236,-0.075133175,-0.32814765,-0.059938192,0.05977545,0.08362796,-0.50494486,-0.34511626,0.14790632,0.4766929,0.052952256,0.42969775,0.22943673,0.6702943,-0.15812565,0.6171882,0.12941451,0.21408284,0.59933114,-0.22558363,-0.77056473,0.22301306,-0.5197442,0.03951423,0.1491439,0.3590379,-0.6401141,-0.6159903,-0.45013508,0.77163535,-0.41113713,-0.10209122,0.16802551,0.06909763,0.1577247,0.075827904,0.23631673,-0.11790859,-0.9510842,-0.006284379,0.3897973,-0.12424422,0.41929546,-0.024105458,0.27025643,-0.030627796,-0.14305018,-0.00037507192,0.4339288,0.08183746,0.5108379,0.21709399,0.061493363,0.24805623,-0.3121407,0.13336132,-0.055116784,0.57614917,0.19745526,-0.80128115,1.0315045,0.087828524,-0.2600687,-0.047762617,-0.38019755,0.5619781,-0.13366398,0.07746718,0.63279116,-0.47974256,-0.1681325,-0.57353,0.26603547,0.1439613,0.19735676,0.36508238,0.26546502,0.32413262,-0.21952021,0.119662225,-0.396971,-0.44821525,-0.1259439,-0.04468027,-0.4299951,-0.47582898,-0.10440264,-0.28361005,-0.21480064,-0.50644135,0.14765714,0.20915274,-0.18518673,-0.15654151,-0.051970925,-0.0702386,-0.106941484,-0.2528114,-0.0052506067,-0.071463116,-1.9626409,0.02650591,0.08573079,-0.079556905,-0.5898132,-0.5394653,0.10702872,0.04082182,0.20903891,-0.10996041,-0.62143683,-0.5569326,-0.4403345,0.0040748348,-0.030731073,-0.47586527,-0.30417243,-0.3671976,0.02430469,0.35175312,-0.193907,0.093850344,-0.273987,0.33312,-0.9858066,-0.107335225,-0.25759828,-0.03330275,0.19432491,-0.45490783,0.054635663,0.1663903,0.14933671,-0.33381093,0.008122359,0.14100961,0.20419645,-0.09317506,-0.7269943,-0.2784891,0.2535225,-0.13088317,0.24111855,0.21236011,-0.267006,0.060809754,-0.009001754,0.39885306,-0.4950264,-0.07877466,-0.07957338,0.27737868,-0.08529081,0.21417738,-0.33055696,-0.028635612,-0.06431905,0.2844206,0.36238274,0.107238226,0.29257625,-0.4833284,0.26293164,0.0421416,0.4851521,0.42024353,-0.10508242,0.019884974,0.41892,-0.042479087,-0.33362997,0.3314975,0.31807327,-0.45286644,0.15681487,-0.07028439,-0.2893252,-0.43441314,-0.09440204,-0.7943097,-0.16487892,0.5531816,0.17766413,0.0189295,-0.63240165,-0.38454208,-0.08148031,-0.45078292,0.06628066,-0.30154726,0.16163112,0.5320029,0.27114522,-0.13102986,0.15073602,0.17716958,-0.3066806,0.29483834,0.40048382,-0.41974548,-0.2890759,0.009235588,0.16159707,0.22577812,-0.29465446,0.3443066,0.037181664,-0.41169444,0.14208867,-0.05563894,0.49437606,-0.278542,0.1595907,0.19682898,-0.21010916,0.19292043,0.05291326,0.33777234,0.39371696,0.24926662,0.061407723,0.45814297,0.029133087,-0.3679243,0.08597466,-0.26472756,-0.31795356,-0.24574175,0.7732955,0.45049044,0.070100605,-0.14979005,-0.40624917,0.039230183,-0.19793442,0.4218546,0.48928612,0.30463344,0.25656345,0.32608876,0.122297496,0.40851352,0.35652387,-0.19426353,0.15885824,0.29408133,-0.30927575,-0.3048115,-0.09573542,-0.21707982,0.085723735,-0.6383875,-0.016193353,0.2838365,-0.5928931,-0.013385577,-0.19417576,-0.10824938,-0.23735575,-0.12290491,0.30485845,0.0027450942,0.16008827,0.026831074,0.03443365,-0.09632168,0.23737307,0.29264426,0.048947144,0.4004919,-0.15594295,-0.52280617,-0.17301479,-0.05230633,-0.3137826,0.008578331,0.37305078,-0.5830092,0.07054774,0.27438343,0.5240389,0.09521635,-0.067361146,-0.16180958,0.42172146,0.2769147,-0.5934348,-0.8872615,-0.21661821,-0.2047762,-0.52047926,0.1625703,-0.029966662,0.089022815,0.043981954,-0.3206568,-0.33049262,0.08831047,0.06430409,0.3583516,0.49033847,0.114059575,0.22565706,-0.5163214,-0.07087084,-0.062109333,-0.19878966,-0.007879708,0.57772726,-0.2223856,0.15113454,0.037666816,0.21088156,-0.64659554,-0.19596167,0.45846474,0.07173275,-0.52799505,-0.5718757,-0.10131871,0.04756806,-0.58593935,-0.18893413,0.10574211,0.18696667,-0.56153977,-0.47017682,-0.1039847,0.26918164,0.8,0,9,0,0,0,0,0,1,0,1,0,2,0,0,4,1,0,0,0,0,0,0,0,0.8,0.0,0.0,0.0
-0.081852034,-0.3127614,0.34510195,0.050414626,0.02547725,0.32065654,-0.045452114,0.22955336,-0.06546509,0.14058262,0.051952437,-0.29292208,0.14734869,0.065021776,0.3282382,0.44979173,-0.21796928,0.074393466,-0.12531073,0.07236574,0.03424157,0.012228905,-0.04472259,0.057996064,0.5412342,0.52659154,0.35882214,-0.637874,-0.85496306,-0.1815569,0.6697995,-0.21643409,0.1192844,-0.28117877,0.1307148,-0.39856368,-0.4325094,-0.37504008,0.2512204,0.2520002,0.021362217,-0.009612795,0.17668988,-0.09949497,-0.30935347,-0.08450739,-0.09589253,-0.39985898,-0.05555221,-0.35409284,-0.5777996,-0.048170015,-0.12547833,-0.58242154,0.2732688,0.16709673,0.48021185,-0.2986997,-0.4423674,0.050695457,-0.07283655,0.1314179,-0.06736735,-0.4493275,-0.40936166,0.008028181,0.35352722,0.9287881,-0.53995305,0.4411154,0.40801236,0.1947063,-0.106909186,0.069380775,-0.3193633,-0.23607235,-0.3179839,0.5747573,0.31875294,-0.34609112,-0.3081647,-0.15590812,0.57625073,0.12107143,0.3745089,0.27042085,0.20742625,-0.24658675,-0.40496448,0.8619753,-0.33536628,-0.15521947,-0.053739294,0.15201741,0.6273531,-0.76544875,-0.5048236,-0.122560866,0.15251583,-0.19200726,0.562311,-0.51570016,0.14705202,-0.07676803,-0.3783312,0.19133055,-0.45180345,-0.36920753,0.07267925,0.35170376,-0.053710505,0.08225064,0.05626554,-0.29852176,-0.093667835,0.2372685,0.21503286,0.40544143,0.40986907,0.022169303,-0.13530423,0.39845666,-0.15382598,0.026923196,0.21601099,0.16891316,0.48633307,-0.007871933,0.23332924,0.3125083,0.07080518,-0.077537864,0.4273792,-0.089312926,-0.09048768,-0.08686339,0.05286776,-0.120316155,-0.062035304,-0.18465716,-0.41834453,-0.3340912,0.24475627,0.11760788,0.3270194,-0.029926784,-0.09846819,-0.008992448,-0.21185328,0.015493232,-0.34276882,0.30380854,-0.43036765,-0.38434178,-0.007027538,-0.028487535,-0.4963515,-0.17033194,-0.035997592,0.4137257,0.59401697,0.42503247,-0.2215251,-0.017373497,-0.14124916,0.17973559,-0.3227846,0.5707523,-0.5441306,-0.15399693,0.042178288,-0.56636566,0.21362548,0.014842339,0.2635384,0.46351826,0.28003958,-0.0064268326,0.38230103,0.7282636,-0.6086051,-0.078540705,0.6499563,0.21299724,0.108609654,-0.16622883,0.48410892,-0.61069465,0.60037845,0.20530498,-0.30755937,0.04696197,0.64066213,-0.24744767,-0.044672,-0.3119273,0.3179026,-0.71065307,0.55630887,-0.4232911,0.03039631,0.65823805,-0.059957046,-0.79032725,-0.22550663,0.08129089,-0.24463189,-0.34104374,-0.58065253,-0.39302722,-0.3411916,0.3653648,-0.15321222,-0.059658207,0.14952272,0.10157189,0.35659814,-0.17623791,0.064129844,0.00044082402,-0.2973436,-0.47947952,0.1583458,0.06650818,-0.13618529,1.241556,0.2993948,-0.20689827,0.609494,-0.033049464,-0.09966175,-0.34851077,0.3297272,0.038516764,0.065284826,0.44318593,-0.66964865,-0.5060677,0.12157312,-0.20819044,-0.5363616,0.21964149,0.24747884,0.27738634,-0.25218713,0.6262299,-0.23546694,-0.042344525,-0.1782031,0.06330798,-0.21575159,-0.34458432,-0.36935216,-0.11609905,-0.06622951,-0.19896813,-0.10470799,-0.4698592,-0.3290373,-0.32103541,0.15749969,0.31758007,0.48526478,0.016231393,-0.0301784,-0.5375102,-0.09423965,-0.1500941,0.16863304,0.049333982,-0.33047578,0.10531864,0.11501136,0.58912504,-0.16859253,-0.05677738,0.16551496,-0.058947153,-0.10212915,-0.20757955,0.09617322,-0.09066019,-0.03401466,0.3317487,-0.036904994,0.08790305,0.57778525,0.064645864,-0.21807566,-0.1688415,-0.2820697,-0.00017671562,-0.23844433,0.11404518,0.9388733,0.16932924,-0.36786163,0.5549646,-0.3558121,-0.13056913,0.61159587,0.22396049,-0.45580542,-0.006096718,0.37573406,-0.1562136,-0.4457363,-0.32469913,-8.36289,-0.3435206,-0.10864253,0.12036753,-0.17724064,-0.75066775,0.4510004,0.035305746,0.19101878,-0.42426467,-0.1298954,-0.4558409,-0.20589401,-0.057965603,0.15167777,0.040290188,0.57560915,0.07284917,0.088406965,0.087602854,-0.5889608,-0.45140484,0.27176723,0.07346436,0.30344597,0.28164056,0.122621536,-0.35455468,-0.3940596,-0.11473989,-0.3927043,0.039919976,-0.19701931,1.0737103,-0.03648996,-0.11451278,0.0393926,-0.4949348,-0.012036584,-0.067136936,0.010143029,0.09389959,-0.17061132,-0.044990387,0.6576141,-0.37380874,0.10249956,0.007115111,0.2572673,-0.4258213,-0.3949059,-0.058838814,-0.041535072,-0.3477203,0.028180694,0.16375704,-0.042588998,0.73146796,-0.4212657,-0.22490203,0.4272024,-0.09003264,0.15182793,0.17578724,-0.27947295,-0.4286604,-0.51379,-0.42379016,-0.4046561,-0.5487267,-0.17314993,0.46672362,0.5529692,-1.0768033,-0.21988848,0.12052566,0.2882144,1.00826,-0.2625443,0.032841224,-0.7417613,-1.0593581,0.04441997,-0.07999162,-0.18838683,-0.3404993,0.34118402,0.15833525,-0.42404526,0.06915851,-0.54979587,0.07563831,0.478209,0.08470853,0.048069175,-0.19770627,0.6421985,-0.53565943,0.009899745,-0.0015162228,0.45702705,0.34959373,0.3751133,-0.2287874,-0.39849636,-0.17074533,-0.17804518,-0.02223723,-0.029857479,-0.54642105,-0.025667364,-0.18168731,-0.52799475,0.29333612,0.014578154,0.0002969821,-0.19121404,0.36241063,-0.18681504,-0.42892647,-0.31097978,0.2308723,-0.6352336,-0.55138874,0.03125928,0.0617664,-0.37127468,0.05146527,0.07318692,-0.13538328,-0.08394947,-0.08209181,0.22189277,0.14087917,0.22208983,-0.20213918,0.26332277,-0.30244482,0.19267668,-0.117360204,0.46998647,0.554629,0.2540915,-0.063048355,0.35116982,0.023814585,0.20876019,0.3333492,-0.002646628,0.019291455,-0.11796058,-0.7246456,0.1613969,-0.26605114,-0.0010815575,0.26025486,0.6186044,-0.26000768,-0.37361625,-0.4622444,0.19209434,0.41052738,-0.23748296,0.48695377,-0.21456854,-0.14204533,-0.05138707,0.3653736,0.2792374,-0.21651146,0.08001676,0.22309451,-0.02968066,0.026844913,0.12299579,0.082327254,0.17637517,-0.59359443,-0.018882053,0.4823119,-0.15115157,0.3347122,-0.05123595,-0.12706822,0.5733392,-0.122040726,0.24695998,0.4713346,0.38897002,0.39343756,-0.66578645,0.5634688,-0.20724298,-0.31106728,0.26503098,-0.60427165,0.72563547,0.18908766,-0.2638024,0.534391,-0.21078457,-0.051907476,-0.5768527,-0.15419598,-0.14171238,0.29097724,0.16298646,0.40112537,0.15496011,-0.3295661,0.14685874,-0.6503689,-0.8654995,-0.25407058,-0.15452288,-0.24594449,-0.7526107,-0.4554517,-0.53437805,0.35270327,-0.25448042,0.09150405,-0.13641685,-0.16448116,0.17044097,0.1306264,0.13850513,-0.41704726,-0.73676926,-0.36585286,0.18220063,-1.0962263,0.260798,0.24755473,0.14388266,-0.23032163,-0.41499507,0.2770847,-0.22234285,-0.3879256,-0.6596138,-0.27430785,-0.21485269,-0.52615654,0.19363983,0.035775065,-0.3137221,-0.04158754,-0.08072515,-0.3702269,0.2867831,-0.2100815,-0.20884459,-0.0043338803,0.5149623,-0.42151937,0.23157169,-0.71984655,-0.15723515,0.5643146,-0.104227856,-0.14534439,0.45013836,0.25615638,0.008486155,-0.06247774,0.060162183,0.15704998,-0.010964393,-0.3298465,0.035631277,0.07928541,-0.39653686,0.27945367,0.09897827,0.007301515,-0.64598894,-0.5955724,-0.39238712,-0.40481523,-0.21719368,-0.05732542,0.25930455,0.28113586,0.67186415,-0.095735885,-0.30810025,0.38749045,-0.270819,0.34146932,0.5825737,0.34342048,-0.4612164,0.3899262,-0.11669407,0.7588866,0.5738335,-0.30836877,0.13860765,0.32617992,-0.4499606,-0.25830498,0.3852526,-0.0017192551,-0.729294,0.052783757,0.27027413,-0.4517247,-0.4773801,-0.56521785,-0.30075532,-0.056253046,0.6272924,0.12990494,0.15469083,-0.8879812,-0.3484849,-0.004843661,-0.45819145,0.41845784,-0.1922439,0.37983677,0.9297293,-0.003645812,-0.26366815,0.20933159,0.11436308,-0.31647867,0.15842585,-0.1044111,-0.3387045,0.2866632,-0.43390733,-0.0021217717,-0.02723871,-0.4277902,0.25053322,0.051669784,-0.062214646,0.25003532,-0.054339886,0.5604311,0.36695632,-0.16301055,0.22194387,-0.31326494,-0.15247318,-0.24886118,0.36016765,0.5480663,0.28291693,-0.10579517,0.0057162237,0.37141123,0.29780665,-0.09636684,0.058801465,0.13175502,-0.2500984,0.68179506,0.32817468,0.024266876,0.34030083,-0.7550488,0.118256,-0.23946488,0.073279664,-0.15267837,0.28113368,0.20438683,0.41155174,-0.061862294,0.32167113,-0.13978241,-0.1469782,-0.0126791075,0.103237554,-0.36009613,-0.24485248,0.2735919,-0.36367,-0.17721401,-0.53856254,-0.23903085,-0.20583743,0.049757525,-0.2012218,0.04904647,0.036399294,-0.07633174,-0.1705376,0.1314131,0.2185147,0.1392613,-0.0039215083,-0.05476475,-0.07370983,0.04978469,0.48270515,-0.023098646,0.16737051,-0.2870642,-0.003128187,0.2583639,0.02470255,-0.04456573,-0.19468994,0.4630852,-0.5192527,-0.23668662,0.44993812,0.11837653,0.008453926,0.32466233,0.52040964,0.1463237,0.5085593,-0.6198377,-0.0710853,-0.27002928,-0.20729673,-0.5460426,-0.28278172,0.10958422,-0.11851355,-0.17686652,-0.28421015,-0.24656412,-0.37837,-0.2341791,-0.024397584,0.31071532,0.5266464,-0.1005513,-0.4296938,-0.0044515766,-0.13034138,-0.17078578,-0.53838426,0.30976638,-0.26195872,-0.1537605,-0.1162841,-0.40718102,-0.3144121,0.67082286,0.50625813,-0.18178545,-0.47329274,-0.5369453,-0.5569431,0.3099535,-0.43683088,-0.346452,0.4107045,0.25047785,-0.30615032,-0.4443024,0.18200417,0.28537786,0.0,0,0,1,0,0,0,0,0,0,0,0,0,0,0,0,0,0,0,0,0,0,0,0,0.0,0.0,0.0,0.0
-0.025898859,-0.3399202,0.7057549,-0.1778279,0.4182896,-0.2259632,0.28944933,0.3628073,-0.3664232,-0.20162717,0.18698475,-0.19231157,-0.1388223,0.36098778,0.03823467,0.28509903,-0.26699057,0.2544949,-0.42120525,-0.1283494,0.49612072,0.07934021,-0.39664388,0.07843696,0.32922232,0.35366604,0.11337829,-0.2585826,-0.48514533,0.059335504,0.08254362,0.3595809,-0.0066795563,-0.3182717,-0.69163764,-0.1678317,-0.13855915,0.22983667,0.2070769,0.29455328,0.019029628,-0.47701016,0.49133122,-0.22883905,-0.64893997,-0.3214253,-0.06965926,-0.5677948,0.17291485,-0.5893133,-0.6387292,0.2331312,-0.31400976,-0.329642,0.20043066,0.06923009,0.43658042,-0.80551535,0.057275858,-0.134735,-0.09339851,-0.33623087,0.14431682,0.033188898,-0.5410745,-0.43286473,0.0050003887,-0.086616576,-0.7409794,0.41294423,0.2964692,0.04325449,0.385161,0.19551748,-0.06476974,0.23614603,-0.049553722,0.7700888,-0.0794913,-0.19605333,-0.4642435,0.14481185,0.53191704,0.21573576,0.5968774,-0.15467796,0.3512772,0.30833432,-0.4161182,0.8923972,0.06410862,-0.4732785,-0.08759577,-0.46609133,1.0206317,-0.36316413,-0.47036046,-0.16658056,-0.115927264,0.108556144,0.40008718,-0.84432906,-0.08347832,-0.46790835,-0.1652937,0.08523784,0.06472673,-0.05648747,0.24374643,0.12316398,-0.008663156,0.2698825,0.21593112,-0.29521418,0.08097832,-0.24165255,-0.5975056,0.51576483,0.6843931,-0.30658862,-0.43094298,0.40382743,0.4886531,0.25560415,0.26693648,0.5574932,-0.2196703,0.094701156,0.051183444,0.19639465,0.42971227,0.52823263,0.42824423,-0.5979574,0.4406192,-0.06798512,0.023701781,-0.06653243,-0.50052595,-0.6715369,-0.17820425,0.22170232,0.39796352,0.08946971,0.39672133,-0.092756756,-0.2073427,-0.069965884,0.26561898,0.25492117,-0.3487162,-0.18421832,-0.51231444,-0.49471042,-0.15297173,-0.2577337,-0.5314742,-0.048770502,0.07526293,0.5312668,0.6772467,0.17773198,-0.18299484,-0.10803192,0.45703828,-0.6044294,0.27523676,0.20770651,-0.07460535,-0.08648803,0.05071804,-0.776535,0.42497796,-0.039180163,0.57447493,0.12707716,0.5270708,-0.54735327,0.3554934,0.3973401,-0.40719512,0.11075038,0.19679241,-0.046896677,0.23773025,-0.036599446,0.9843193,-0.4591484,0.6183137,0.31130475,-0.15842547,-0.10080259,-0.08242148,-0.32154074,0.6856161,-0.08336193,-0.26101953,-0.2996712,0.4916502,-0.028354054,0.5141838,0.315458,-0.04848296,-0.44908276,-0.46182528,0.6710409,-0.23186398,0.14739731,-0.92162764,0.07488996,-0.075152285,0.64401007,-0.21979861,-0.3093833,-0.09958139,-0.12877746,0.18139657,-0.032410644,0.22110906,0.33424366,-0.036614873,-0.56162024,-0.059440423,0.16660313,-0.21579938,1.4184546,0.5462877,-0.4705959,0.57555336,-0.0034706315,-0.18009031,0.028161906,-0.032276228,-0.0013238773,0.25276944,0.50111115,0.09898236,-0.45966294,-0.086667106,0.29536757,-0.5017082,0.67208916,0.3389655,-0.13481466,-0.2831787,0.46218613,0.004061949,-0.6617527,-0.42297995,-0.020256646,-0.7057994,-0.09756789,-0.07033685,-0.4713908,0.110916205,-0.18513623,0.4225788,-0.3843383,-0.105108164,-0.18158464,0.4032974,0.055500757,0.08224321,0.110854216,0.18496345,-0.3890907,-0.2521939,0.25072682,0.5760553,0.3434259,-0.22597668,0.085010044,-0.012927258,0.37412477,-0.19806023,-0.24950722,0.44881138,0.16466114,-0.034755252,-0.23916765,-0.14876169,0.4224341,-0.39031464,-0.022860374,0.17309456,-0.40609592,0.6156171,0.19584776,-0.037422907,-0.18403631,-0.034722533,-0.35758588,-0.0861563,-0.52337736,1.0664454,0.38995853,-0.06356078,0.5003488,-0.71884125,-0.24211788,-0.30351093,0.012248581,-0.26268247,-0.25520125,-0.25005418,-0.29425302,-0.43083298,-0.11852253,-11.353586,-0.06398071,-0.12476869,-0.29644018,0.100376025,0.07728968,-0.070053555,0.35719302,-0.7062113,-0.1046161,-0.03980066,-0.47041497,-0.300468,-0.024881218,-0.04771119,-0.051156603,0.76477575,0.3692701,-0.23595276,0.125488,-0.546172,-0.5772956,0.5860197,-0.15200529,0.42911446,0.318723,0.26465762,-0.13923854,-0.20572422,-0.11233124,-0.280839,0.057993907,-0.067919195,1.0825815,-0.57100314,0.20672792,0.49934536,-0.42207095,0.24852705,-0.31593302,-0.084253,-0.33822024,-0.12034131,0.33327258,0.66359895,-0.47577855,-0.109831244,0.09493539,0.067099564,-0.064787075,-0.5862829,-0.2925737,-0.13661928,-0.5876725,0.070730045,0.15011379,0.43082547,0.9526403,0.34574804,-0.21531516,0.5235523,-0.42713574,-0.52310157,0.21751137,-0.28003103,0.12726225,-0.42979842,0.08267921,-0.08224965,-0.028887743,-0.15368745,0.43301636,0.017099207,-1.4295846,-0.32291356,0.37316388,-0.061706763,0.18847853,-0.14075872,-0.12404056,-0.7931889,-0.7470054,-0.042610016,0.15855737,-0.6424572,-0.14792381,-0.06360823,-0.6766613,-0.22166403,0.3734901,-0.13604821,0.2666437,-0.108288795,0.30464208,0.38349506,0.10787047,0.8294225,-0.5930635,0.0071859355,0.14932509,0.07164299,-0.00036919286,0.4546497,-0.0022647793,-0.42465347,0.281814,-0.295204,0.2607551,-0.03858949,-0.077826805,-0.005801772,-0.3031641,-0.16293934,0.032690674,-0.46443668,-0.019859493,-0.21075231,0.26351485,-0.09310814,-0.2953198,-0.5952631,0.58197254,-0.56830263,-0.83906865,-0.38970578,0.2655892,-0.11021669,0.2820484,-0.21598761,-0.20392282,-0.3571516,-0.44491363,-0.040410828,-0.31980777,-0.029144384,-0.23391503,-0.025728414,-0.0193762,-0.28635117,0.11347182,0.67939514,0.3858246,0.34673566,-0.05205846,-0.14630258,0.114569634,0.08760712,-0.1454865,-0.01009637,0.16748211,-0.35641444,-1.1631844,0.19088376,-0.5659638,0.007166875,-0.11284027,0.32739884,-0.6808106,-0.19052857,-0.5526429,0.49801314,-0.620435,-0.2508676,0.5384432,0.46206534,0.09685766,-0.18770856,0.032989115,0.07291636,-0.07451919,-0.30457237,0.2384693,0.3702903,0.5404254,0.16402794,0.05664172,0.25799346,-0.49108946,0.21236868,0.11938405,0.38890725,0.33895892,0.009092669,-0.08968362,0.3593873,-0.32778385,0.21920648,0.38467667,0.4335165,0.3124042,-0.34353915,0.89190316,0.25236762,-0.74520355,0.1176981,-0.36878085,0.32926333,0.1833001,0.010875282,0.6197727,-0.30345818,-0.46349034,-0.15571614,0.054821685,0.054432493,-0.02043026,0.21117093,0.41459602,0.59934187,0.4156411,0.19813238,-0.33309257,-0.38108093,-0.49064144,0.14727876,-0.07862848,-0.03623715,-0.34677884,-0.77895564,0.07225616,-0.22510731,-0.46864453,0.0491013,0.37460092,-0.523415,-0.12666804,-0.15943772,-0.30113098,0.2029474,-0.086115606,-0.029554548,-1.8159262,0.14360732,0.021298597,-0.10164304,-0.46487266,0.21375145,0.033362288,-0.4528885,-0.578195,-0.1289189,-1.0104829,0.067801304,-0.6339438,-0.2368092,0.1890769,-0.45132777,-0.1507481,-0.17904964,0.12876202,0.66080093,-0.13078561,-0.34609926,-0.5114966,0.3550045,-0.53094614,-0.18689151,-0.10210817,-0.18370391,0.40132305,-0.4580262,0.22108057,0.17719698,0.1598288,0.24578647,0.22417308,0.5770015,0.28205875,0.12542912,-0.39434832,-0.28200594,-0.19853938,-0.17743997,0.42577147,0.11615012,-0.23571575,-0.47175694,-0.3517576,0.4010392,-0.1704738,-0.15019327,0.07919285,0.20180696,0.38323784,-0.03330884,-0.14038491,0.040236186,-0.094349615,0.27691144,0.567716,-0.22106786,0.20595191,-0.37058192,-0.2290307,-0.09827249,0.15745771,0.38242,-0.4761422,-0.2792446,-0.20887062,-0.15314826,-0.17955616,0.4866788,0.28305057,-0.3540044,0.34339055,-0.04284085,0.17093834,-0.17190741,-0.07300208,-0.26074338,-0.16963309,0.49622327,0.3493242,0.35388076,-0.23130564,-0.2631032,-0.5523197,-0.6148924,0.45165622,-0.547985,0.31046158,0.8395288,0.033849217,-0.16771927,0.15092705,0.013217977,-0.42164996,0.041084573,0.4746092,-0.10291311,0.20313875,0.017939476,0.35037175,-0.11883701,-0.34179923,-0.088400625,0.1047818,-0.1443266,0.24938658,0.319991,0.4764051,0.20638031,0.005927361,-0.25301638,0.044049207,-0.11832105,0.07808201,0.24995188,0.7012924,0.109562136,-0.25009015,-0.0098985005,-0.1263903,0.38392624,-0.18619885,-0.15061608,0.13297628,0.15090132,0.7535332,0.14632629,0.36085665,0.32874274,-0.52807546,0.11230388,-0.056747243,-0.10747954,0.39396727,-0.14843963,0.25054923,0.21792533,-0.016336638,0.16818549,0.29067528,-0.43336353,0.04704669,-0.22901568,-0.07859622,-0.46423873,-0.009479956,-0.28389612,-0.1577252,-0.2702118,-0.05931553,0.33400384,-0.5392579,-0.24689722,-0.094256066,-0.34262878,0.044115975,-0.39983326,-0.030904377,-0.3536297,0.010809712,0.4368185,-0.5662926,-0.13600579,-0.02764811,0.5772908,0.11744979,0.7260334,-0.5342773,-0.047178876,-0.263088,0.16694489,-0.17910582,-0.13780904,0.13753858,-0.13372655,-0.1891931,0.013647931,0.41598576,0.0043455455,0.6638698,-0.17638144,0.05410453,-0.118870795,-0.30154648,-0.043982238,0.105026506,-0.2722863,-0.7277435,-0.27354467,-0.056361098,-0.005488776,0.038819965,-0.43346688,-0.22701147,-0.15292034,-0.04398716,0.1531315,0.69527835,0.56490177,-0.26693258,-0.5582957,-0.15983617,-0.16293675,-0.21037495,0.06420164,0.13725966,-0.09705006,-0.046553835,0.014336732,0.07557949,-0.3159479,0.3028187,0.25108954,-0.079033,-0.6727647,-0.61861974,-0.48930737,0.20529544,-0.32441074,-0.10725022,-0.20736158,0.3239798,-0.3498823,-0.5537161,0.13367154,0.20969999,0.0,0,0,1,0,0,0,0,0,0,0,0,0,0,0,1,0,0,0,0,0,0,0,0,0.0,0.0,0.0,0.0
0.12528059,0.002005461,0.6769571,-0.1806467,0.27690992,-0.13987374,0.4396026,0.33769408,-0.22499743,0.1787213,-0.01891789,-0.52069473,-0.04730214,0.6069239,0.2653446,0.6691543,-0.12413913,0.23830225,-0.0036989986,0.083795115,0.22840866,0.24196234,-0.20596614,0.06282866,0.32252568,0.32766017,0.3601664,0.0071012103,-0.51108396,0.15344653,0.29598376,-0.017041897,-0.120850466,-0.45205557,-0.78881127,-0.2615194,-0.0837054,0.09863823,0.53682244,0.29374802,0.13020106,-0.5867137,0.52291644,0.029887551,-0.23754473,-0.05704234,-0.050140705,-0.33343005,0.20711756,-0.57355833,-0.7404178,0.105996296,-0.19178757,-0.81163466,-0.026915155,0.389178,0.43789387,-0.74275917,-0.10461034,-0.042175554,-0.6468824,-0.32875404,-0.010017249,0.07890985,-0.47656426,-0.24577501,-0.05390151,0.43745765,-1.1837806,-0.04428039,0.49378908,-0.084040605,0.6171749,-0.06130421,0.15077922,0.19127858,-0.25834715,0.7190014,0.17045248,-0.08495333,-0.21981865,0.20057794,0.8561828,0.49046445,0.7249816,0.19297077,0.107923165,-0.0816907,-0.48197147,1.0742254,-0.24226467,0.035038203,0.039713033,0.08492527,0.8933467,-0.6844159,-0.8302185,-0.008478957,-0.082009934,-0.20930254,0.3327887,-0.66494834,0.25470778,-0.24365191,-0.47671852,0.13090482,-0.3565073,-0.11926959,0.2907147,0.16922978,0.09887838,0.26707396,0.38183844,-0.4847994,0.6132373,0.38993776,-0.37657988,0.6074319,0.19143294,-0.21880835,-0.14353336,0.2875164,0.41429177,0.33349267,0.4464446,0.439382,-0.3674451,0.12200979,0.12313666,0.5449086,0.75090873,0.4842257,0.2745983,-0.05495687,0.17859536,-0.005049653,-0.096825406,0.042599373,-0.07968936,-0.40210176,-0.27406722,-0.11268089,0.059809957,0.23164825,0.408786,0.0945909,-0.13133009,0.022802478,0.1106726,0.26666415,-0.3912385,0.06610784,-0.39023784,-0.16112661,0.16985643,-0.34751344,-0.5222178,-0.15907249,0.18132803,0.5568087,0.20914942,-0.08789302,-0.035456132,-0.2426824,0.27665645,-0.2841099,0.45678592,0.2630734,-0.27075547,-0.038130373,-0.10337132,-0.99365014,0.35236004,0.21351826,0.6310122,0.019110432,0.47510555,-0.86781085,0.0440009,0.8772879,-0.40580505,0.11648621,0.25386772,-0.1913427,0.5318744,-0.080957755,0.94615626,-0.7964769,0.73095095,0.13127142,-0.4110069,-0.21023805,-0.12086222,-0.25637493,0.38013944,-0.28342938,-0.07512984,-0.19579205,0.9308344,0.05523217,0.39165732,0.22641177,-0.11387496,-0.74136144,-0.5937939,0.84065217,0.022948656,0.087910384,-1.2417235,-0.30451685,-0.28155902,0.35784057,-0.20313707,0.0066365884,-0.27268115,-0.12537679,0.09396499,-0.32493383,0.3352259,0.09477824,-0.31531247,-0.88374436,0.1475945,-0.065426566,-0.4363504,1.3305023,0.5345567,-0.76150656,1.0470794,-0.016661953,0.100385725,-0.28505084,-0.06614578,-0.49450287,0.043105334,0.7304921,0.02813116,-0.29827994,-0.24520692,0.51893586,-0.68742853,0.5961446,0.48385346,-0.2733096,-0.22261083,0.33100995,0.11329021,-0.57553804,-0.100557014,0.3960387,-0.34030536,-0.32202178,-0.088217676,-0.07720828,-0.1563022,-0.48798925,0.20445053,-0.3473636,-0.3102174,0.13758509,0.48044994,0.09271759,0.13689929,-0.2198889,0.36383098,-0.30896676,-0.17715079,0.35303405,0.621238,0.29023078,-0.5527714,0.21742004,0.1555245,0.54649913,-0.40691608,-0.7066229,0.47106493,-0.22463816,0.14274323,-0.48963538,-0.22667877,0.564827,-0.21491262,-0.037370723,-0.08874204,-0.61185926,0.885442,-0.038813964,-0.20702511,-0.1769928,0.06256954,0.12848227,-0.30912882,-0.4217888,1.0527972,0.20979439,-0.112866186,0.2558994,-0.88726544,-0.27112803,-0.43985662,0.19339658,-0.1636318,-0.41920525,-0.023482218,-0.20297371,-0.6441484,-0.16366205,-11.159076,0.037150647,-0.40147823,-0.4634849,-0.026356729,-0.19411245,-0.061369807,0.2905213,-0.5190042,-0.06690664,-0.1794243,-0.049623758,-0.05899641,-0.7094564,-0.31696492,-0.08396142,0.68121445,0.2854976,-0.54418266,0.19847244,-0.37656346,-0.38777378,0.50498724,0.14120577,0.7061588,0.07231453,0.051682096,-0.15315112,-0.020868726,-0.3329323,-0.06078456,0.050945412,-0.30792037,1.2130555,-0.36650994,-0.018410407,0.44569385,-0.48633695,0.12170914,-0.09514217,0.21848468,-0.21929093,-0.6940711,-0.0154309645,0.8152788,-0.6166049,-0.2834974,0.0845634,-0.22158632,-0.054397568,-0.17974845,-0.42982575,-0.15619017,-0.6238333,-0.20801856,-0.002866314,-0.08753124,0.70501703,-0.20088379,-0.140881,0.7104405,-0.020437617,-0.34671563,0.07044634,-0.15954843,-0.17675945,-0.79203284,-0.21494274,-0.7723707,0.11490089,-0.18604368,0.41243923,-0.0012942425,-1.259841,-0.091385104,-0.2124928,-0.12449514,0.26655507,-0.39199635,-0.2893297,-1.1213397,-0.62844115,0.11979121,0.12677936,-0.7894704,-0.40568152,-0.19588728,-0.5504033,-0.24640603,0.5662435,0.052512888,0.27636823,-0.0058752527,0.3844718,-0.0030671167,0.0006851083,0.73239756,-0.3810352,0.12674922,0.40266117,-0.16335951,0.16327782,0.85197586,-0.11494524,-0.5478639,0.33802414,-0.5944653,0.10983282,0.14510553,-0.050375815,-0.25655586,0.19993448,-0.4061218,-0.12409581,-0.23261124,-0.17845465,-0.09305373,0.3852009,-0.15819882,-0.4532531,-0.82680887,0.5465793,-0.47342372,-0.7022816,-0.106057756,0.09167821,0.46923435,0.108362265,0.027195996,-0.38183174,-0.064414166,-0.29397982,0.13132212,-0.5409248,-0.045485955,-0.16468176,0.002885099,-0.5448899,-1.1309894,0.44218346,0.57892466,0.15893498,0.41913524,0.2052322,0.029723221,-0.005406616,0.20160805,0.116808355,0.29050845,0.20362832,-0.2891144,-1.2475438,0.51070225,-0.6286051,0.3404255,0.11696574,0.4442407,-0.41430837,-0.29608893,-0.87321943,0.69947153,-0.34003553,-0.044191394,0.19901378,0.12230451,-0.024098516,0.19748722,0.19959478,0.10648817,-0.38458502,-0.16665159,0.6849897,0.2826167,0.32105073,-0.025808448,0.40584365,0.5074837,-0.47257763,0.0075359787,0.46895057,0.35605127,0.60920614,0.072889045,-0.040713172,0.4153575,-0.316477,0.21647379,0.77835,0.41139042,0.44176063,-0.48297894,0.24342777,0.052964617,-0.5042661,-0.09608055,-0.5083819,0.45113513,0.1753518,0.19963,0.4877819,-0.56271005,-0.1032217,-0.43043154,0.27605748,-0.19835262,-0.1889489,0.25006503,0.30392528,0.72306025,0.27094632,0.3044024,-0.258418,-0.6312521,-0.22516698,0.27971232,-0.3208494,-0.03172489,-0.56759953,-0.5211678,-0.086762525,-0.3193302,-0.12808713,-0.037787512,0.0071732523,-0.41907007,0.010962269,-0.07640139,-0.37722293,0.01823945,-0.058634978,0.21488653,-2.0846312,0.4953349,-0.025122497,-0.04745501,-0.18115087,0.18008827,0.10428201,-0.15036316,-0.3690036,-0.26512372,-0.82156545,0.32216412,-0.7197036,-0.063140064,-0.22612366,-0.40004945,0.046778474,-0.42630607,0.33942974,0.54466033,-0.3650347,-0.40528375,-0.5184703,0.42736942,-0.758931,-0.17387418,0.043422915,-0.14794353,0.36396486,-0.30969787,0.35608473,-0.07440001,0.109222144,-0.08469585,0.25482702,0.33668846,0.09345618,-0.030135155,-0.6028248,-0.38809752,-0.44086084,0.21266083,0.49065056,-0.29477054,-0.6484388,-0.37592793,-0.48196185,0.3219305,-0.059758015,-0.29104495,0.0071745054,0.41875422,0.4351393,0.008131877,-0.39256236,-0.19941972,-0.12008523,0.17982219,0.21356107,-0.06681996,0.6923622,-0.77315605,0.011557623,0.028448047,0.23835379,0.45569602,-0.057338648,-0.23897572,0.13350832,-0.15052299,-0.2905166,0.55562466,0.27414596,0.11808171,0.38597694,0.038179837,0.25880206,-0.3095963,-0.32818213,-0.8643941,-0.24864012,0.3429305,0.50739443,-0.13004011,-0.15289357,-0.29985508,-0.33840793,-0.36102745,-0.027849888,-0.28290772,0.40250224,0.9551459,0.13363796,0.15515421,0.07172635,0.019361647,-0.29239923,0.040224668,0.55287117,0.16683298,0.062427897,0.34421748,0.35685405,0.0799805,-0.38673538,-0.13097091,-0.0049148123,-0.5042689,0.29511946,0.05359198,0.43603513,0.019401077,-0.028658696,0.0062568868,0.094015606,-0.084622934,0.2110168,0.3423952,0.38093862,-0.011887162,-0.21245058,-0.020453334,-0.00297978,0.5775905,-0.19101743,-0.07251368,-0.37399998,0.27995324,0.66114676,0.029263664,0.25036114,0.39613393,-0.40827447,-0.2642218,0.2589616,0.21745664,0.47226918,0.106430404,0.29072505,0.113512926,-0.34707755,0.26295412,0.59584594,-0.42537048,0.057483986,-0.1187613,-0.06662393,-0.24314463,0.2015479,-0.43458983,0.13662966,-0.08741317,-0.42775458,0.40821782,-0.6514203,-0.1334772,-0.055924207,-0.58966583,-0.10597522,-0.25635213,0.24260828,-0.0605864,-0.34859014,0.14807768,-0.4192224,-0.04642328,0.4314646,0.48499992,0.21769144,0.426437,-0.1757989,-0.15005974,-0.46573487,0.09429149,-0.11976965,-0.15548801,0.022106998,-0.38181522,-0.010822451,0.45340073,0.3533629,0.02757269,0.562801,-0.06311042,0.07039407,0.5697428,-0.52222747,-0.6629829,-0.0685611,-0.14274508,-0.7888853,-0.2386973,0.07661446,0.058910742,0.046135794,-0.43522686,-0.14132263,0.07985014,-0.4392204,0.30312824,0.60813564,0.484399,-0.056428734,-0.9250412,-0.18235627,0.027612828,-0.24959031,-0.13839816,0.29668593,0.08453702,-0.15791509,0.23680641,-0.088949926,-0.6121928,0.4956316,0.18155913,0.11654162,-0.87272894,-0.693876,-0.7336157,-0.03342077,-0.3474088,-0.31239852,-0.043030623,0.24791685,-0.3619323,-0.54637444,0.057740096,0.3553235,0.0,0,0,1,0,0,0,0,0,0,0,0,0,0,0,1,0,0,0,0,0,0,0,0,0.0,0.0,0.0,0.0
0.13406175,-0.415531,0.73330057,0.23285761,0.79626215,-0.06589259,-0.0048295497,0.62447363,-0.2126086,0.114744596,0.11287945,0.1258017,0.22356829,-0.018381337,0.32236034,0.22916508,-0.5993622,0.31615663,-0.18827344,-0.18678282,0.23743941,0.17351176,0.45934933,-0.10462662,0.31745598,0.24846695,0.09846952,-0.3781356,-0.7868358,-0.3567373,0.27726737,0.53768367,-0.010539676,-0.046737038,0.11614599,-0.5820183,-0.09880312,-0.20729207,0.36331338,0.125912,-0.33619338,-0.27514535,0.65474075,0.119301274,0.09967477,0.09835131,-0.25718045,-0.55483115,0.20309027,-0.26842177,-0.36192665,0.24892741,-0.45656857,-0.3534302,0.1221637,0.56313014,0.18825048,-0.5546358,-0.14492881,0.18946,0.015688242,-0.31285655,0.13018696,0.2852097,-0.0010155275,-0.0917652,0.3453578,0.43766809,-0.6267946,0.3912698,0.2476703,0.27124256,-0.15566446,0.1088373,-0.12429803,-0.19527239,-0.61187077,0.5151798,0.2249055,-0.21255358,-0.010344884,0.1941911,0.69714355,-0.25341377,0.3407566,0.35603794,0.08749108,0.020889558,0.023405276,1.0123669,0.23018192,0.07015502,0.22225474,0.044921163,0.5293836,-0.5975931,-0.57735384,-0.18302418,0.016255898,-0.026784869,0.82763803,-0.22785972,0.3488005,-0.120083705,0.18881977,0.16059655,-0.36915457,-0.183438,0.44813237,0.5228788,-0.2661585,-0.06315191,0.2154496,-0.40751907,-0.46686307,0.04084814,-0.19542627,0.3761538,0.23077467,-0.109493054,-0.0717983,0.5715554,0.07555621,0.3686924,0.52940774,0.41971362,0.09619799,-0.30806422,0.75295466,0.16544178,0.20102951,0.36170712,0.010434181,-0.1668227,0.21952681,0.09132749,0.28033042,-0.08619461,-0.050980333,-0.34847087,-0.13560572,-0.3013573,0.33790082,0.3235427,0.51173466,0.14181696,0.05111888,-0.29320237,0.033998232,0.31991196,-0.2531361,-0.14101848,-0.24132209,0.19399986,-0.34839198,-0.47150934,-0.48132327,-0.19713666,0.015732987,0.22297975,0.5828165,0.16810091,-0.10004961,-0.024744231,-0.031648096,-0.19811971,-0.23571075,0.29740608,-0.008906726,0.06361614,-0.14389966,-0.14503248,0.34186307,-0.018827775,0.71193063,0.23440744,-0.13397947,-0.014064372,-0.28284225,0.49071276,-0.41975364,-0.017875459,0.24684818,-0.35041946,-0.08477024,-0.26702204,0.3803116,-0.38736483,0.6266936,-0.014608923,-0.23545294,-0.14768343,-0.01478876,0.12289027,0.30139285,-0.58978003,0.29123187,-0.3735144,0.43136498,-0.24498059,0.25761333,0.4256428,0.017438268,-0.265408,-0.6672583,0.33555314,-0.26646155,-0.36319476,-0.54624206,-0.2561804,-0.18411434,0.17075531,-0.3223686,0.19277492,0.2429971,0.21608031,-0.3130902,-0.32572868,-0.10008222,0.4341531,0.014479209,-0.07696998,0.26769844,0.1445302,-0.34958157,1.0955822,0.028858222,-0.5331795,0.18386617,-0.011452385,-0.32288405,-0.2874054,0.15874565,-0.31767917,0.4673834,0.111374244,-0.41026983,-0.4820871,0.11088361,0.27315137,-0.29758036,0.36166343,0.41361892,0.13836192,-0.0727691,0.3768376,-0.3875193,-0.29015434,-0.2708427,-0.3225908,0.07392072,0.16019255,-0.4181588,-0.47350815,-0.08731191,-0.5777598,0.009173836,-0.19746786,-0.1045136,-0.15353128,0.25510594,0.46395263,-0.23811713,-0.40138462,-0.06617019,-1.0372759,-0.16788185,0.34313497,0.5072699,0.059576854,-0.018270822,-0.4324523,-0.2529515,0.4462205,0.0023384942,-0.056390204,0.40549505,0.13010216,0.21360056,-0.21069658,-0.03397075,0.06289284,0.39391398,-0.07083306,-0.15419376,-0.043152045,0.39865124,-0.052300926,-0.21751946,-0.24296536,-0.3034622,0.29541627,-0.40663278,0.20212789,0.7798874,0.41985992,-0.14948788,0.5291576,-0.24060434,-0.6479566,0.79333806,-0.22287378,0.51308596,-0.21893112,0.7683007,-0.19028255,-0.80982363,-1.0118557,-10.972238,-0.28464052,-0.43306783,-0.35349956,-0.019765735,-0.5775751,0.6698173,0.16271645,-0.07364204,0.07335699,-0.18701942,0.023720944,0.42931694,-0.4404759,-0.09044842,0.6076875,0.43740714,0.09205547,-0.13369858,0.21658407,-0.2775786,-0.77950406,0.5131323,0.39347008,-0.02723629,0.027166845,0.021904357,-0.20396402,-0.108189784,-0.42993942,-0.4058355,0.09953254,-0.17382853,0.7807772,-0.118966535,-0.37894708,0.20818914,-0.27886203,0.034956876,-0.119307615,0.10583091,-0.002796468,-0.12510322,-0.21427509,1.0413404,-0.5002539,0.0183845,0.3008783,0.01690935,-0.14949033,-0.2553451,-0.6034641,-0.02005031,-0.3420237,-0.4601115,-0.26675645,-0.062675074,0.7785854,-0.43725154,-0.053658217,0.14021295,-0.23586479,-0.03730108,-0.10153719,-0.28764522,0.00059085543,-0.8515818,-0.6424948,-0.22221966,-0.19903754,-0.4082657,0.21011195,0.13027385,-1.609,-0.4647277,-0.083114855,0.31837547,0.5892641,-0.53155386,-0.21051721,-0.5072988,-0.11200871,0.15881748,0.10388286,-0.36230564,-0.65596086,-0.016451307,-0.75335586,-0.46001065,0.2747314,-0.04979038,-0.18209335,0.53148,0.07421136,0.02545305,0.03871136,0.44034177,-0.7459321,-0.10418889,0.2513539,0.42358616,0.11961228,0.7537858,-0.81258994,-0.5162545,-0.005262305,-0.20176663,0.016979013,-0.127957,0.036044598,-0.19998501,-0.08941554,-0.4892908,-0.08699503,-0.52441907,0.16491467,-0.081943914,0.2529659,-0.059374366,-0.4673997,-0.49090064,-0.17299919,-0.043943334,-0.75047386,0.20436653,-0.20305367,-0.43204686,0.019715657,0.0474775,-0.30677032,-0.3437025,-0.28528053,-0.10116725,0.23504187,0.17308056,-0.32001427,0.056396812,-0.037605714,0.07313087,0.11374436,-0.103930816,0.28934625,0.2418038,-0.22833113,-0.12767678,-0.48219764,0.033681586,0.3526378,-0.14318624,0.22435473,-0.83560014,-0.79748696,-0.03749014,-0.41277084,-0.20375532,0.16302356,0.65165055,-0.22513294,-0.088214874,-0.6006902,0.03624517,-0.07806668,0.13441035,0.42963246,-0.4009733,0.39528728,-0.06297042,-0.17347097,0.35899103,-0.1012127,-0.56633323,0.35680455,0.051394936,0.04286952,0.17029941,0.3545376,0.623781,-0.6338245,0.0752766,0.6919432,0.08853962,0.04090674,-0.18519308,0.23274773,0.50192,-0.10457941,0.4864788,0.19610596,0.88002884,0.15029041,-0.2935406,0.72573495,-0.16422883,-0.47301862,0.4775935,-0.37984872,0.3091783,0.14511505,-0.20335965,0.36537507,-0.30271596,-0.116746284,-0.43830472,0.41740453,-0.21346655,0.34048077,0.57181954,0.64262545,-0.046365086,-0.10137087,-0.32736394,-0.5344439,-0.28023693,-0.23852947,0.23988341,-0.019876707,-0.51073384,0.06588783,-0.7136087,0.28769097,0.11329469,0.07352765,-0.0689337,0.21541832,0.29871976,0.26006904,1.2563143,0.2436021,-0.0037193978,0.08149364,0.0027743203,-1.0852644,0.06624325,-0.100652635,-0.0004475294,0.37817788,-0.60675126,-0.4465855,-0.054863486,-0.2940157,-0.6391299,-0.89032245,-0.313033,-0.6546375,-0.5875402,-0.023522915,-0.14636989,0.08534571,-0.3143006,0.37078506,0.067706496,-0.31669706,-0.2138686,-0.07369913,0.2191695,-0.7037416,-0.1116432,-0.005004795,-0.45260268,0.5686322,-0.4080208,0.2702355,-0.0048250807,0.24337344,0.5085645,0.2635923,0.25614727,-0.043083005,-0.3007666,-0.2939381,0.1837458,-0.2772988,0.005730239,0.3139383,-0.4134506,-0.4587847,-0.13352877,-0.22944279,-0.021372175,0.12870641,-0.27386975,-0.28874135,0.65054303,0.2867978,0.39674893,-0.18130812,-0.5951176,0.095997676,-0.05084094,0.46868312,0.423298,0.34021026,-0.5388111,-0.047077764,-0.3601786,0.34821168,0.6689813,-0.5480953,0.14267011,0.29492408,0.16742802,0.07818082,0.5782035,0.29142445,-0.09047788,0.42060018,-0.14960036,-0.2968211,-0.27843586,-0.3382161,-0.011696747,-0.22980192,0.7538722,0.79308975,-0.17226003,-0.25444707,-0.4642198,0.021662295,-0.69125533,0.20947322,-0.106800646,0.35873628,0.6358146,-0.007279018,-0.06618279,0.27381945,-0.059316203,-0.31698138,0.23602869,-0.014441607,-0.08725402,0.3680917,-0.103959754,0.18789178,0.08411767,-0.39750567,-0.23893963,0.02667766,-0.15192871,0.12595099,-0.025754804,0.2231003,0.06806891,-0.024546212,-0.2020902,0.36592117,-0.37509835,0.12733868,0.6472303,0.58686274,0.43237498,-0.043812763,-0.4065557,-0.13674733,0.068909384,-0.6878793,0.23134363,0.2811449,0.30046958,0.25066814,0.3734938,0.19173497,-0.1922692,-1.113214,-0.22736597,0.069140494,0.36511555,0.1403258,0.007493066,0.27580583,0.21043795,0.0046724766,0.123313874,0.1726318,0.15389079,-0.5578509,0.02998409,-0.17917338,-0.4856607,0.60077304,0.01612259,-0.10909602,-0.59690267,-0.32403418,-0.1224404,-0.44829223,-0.36547577,-0.03538018,0.053247027,-0.51024497,-0.32271707,0.33420485,-0.18568344,-0.14511637,0.053725738,-0.18818882,-0.18108538,0.26417464,0.21716309,-0.31022808,-0.018027784,-0.6518877,-0.14623791,-0.4286713,0.25625974,0.031767175,-0.58456844,0.42123035,-1.180604,-0.24827832,0.061791744,0.23058856,0.030012883,0.3916217,0.18332468,0.0071168733,0.51967466,-0.18235902,-0.40576705,-0.30250612,0.043425184,-0.5372346,0.34368023,-0.2194943,0.14166026,-0.27595368,-0.61855257,0.11156164,0.21916817,-0.07058372,-0.6725373,0.07592106,0.72535187,-0.061709404,-0.2716799,-0.08530425,-0.09025845,0.33193326,0.45857644,0.24671178,-0.34140205,0.027861219,0.4458237,0.11789516,-0.041474037,0.115298375,-0.063205816,-0.27206835,-0.5519212,-0.3307486,-0.07267942,-0.037051804,-0.27130586,-0.1061646,0.4753557,0.4221724,-0.67086136,-0.20641808,-0.090490475,-0.2905775,0.0,0,0,1,0,0,0,0,0,0,0,0,0,0,0,1,0,0,0,0,0,0,0,0,0.0,0.0,0.0,0.0
0.54290193,0.5890257,0.6486767,-0.48184118,0.54978013,-0.05804832,0.4520961,0.30789578,-0.16177672,-0.02876985,-0.009505013,-0.23173584,-0.008546094,0.77263635,0.28311822,0.6818351,0.035753436,0.06689884,-0.10633598,0.3894438,0.37987286,0.102138385,-0.2040743,-0.07155467,0.20257282,0.4786207,0.056563973,-0.12295239,-0.48017704,0.08303692,0.22960454,-0.086964875,-0.2506533,-0.5916957,-0.8467482,-0.409841,-0.14100307,0.26541457,0.25879595,0.101637505,0.45498544,-0.3642992,0.34264347,0.083413266,0.0029354852,-0.11942329,-0.038058802,-0.39905226,0.14117385,-0.8057685,-0.6761632,0.29300967,-0.16318977,-0.8586897,0.30153838,0.44010076,0.5781096,-0.6019983,0.17763515,-0.19679269,-0.25949222,-0.45534518,0.13854448,0.05491488,-0.62993735,-0.3878563,0.290652,-0.069154516,-0.806182,-0.076308556,0.3086662,0.123537205,0.6311371,-0.02275519,0.071385324,0.37859082,-0.21256655,0.46038973,-0.06692553,-0.28303778,-0.071691014,-0.3481765,1.0018477,0.5006704,0.5460894,0.07617197,0.13633406,0.14934589,-0.5678429,0.9074482,-0.35013372,-0.16833904,-0.072360925,0.14153452,0.49392223,-0.57492214,-0.6158918,-0.12757364,0.06216225,-0.38854894,0.4072638,-0.95254016,0.44692084,-0.18205565,-0.3203493,0.09000537,-0.15113448,-0.09360229,0.07117633,-0.1395637,0.5289233,-0.050001927,0.3405037,-0.3880914,0.6635468,0.122065246,-0.5001036,0.68390393,-0.092138566,-0.21155907,-0.48070195,-0.034582626,0.5605354,0.12741803,0.49239886,0.16707209,-0.00022798762,-0.3339292,0.08243069,0.63036937,0.9306668,0.39971423,-0.22086895,-0.0035070104,0.010227625,-0.34810698,-0.21478371,-0.18358243,0.24712762,-0.46271765,-0.41386464,-0.009634678,0.22039682,0.22938189,0.4610172,-0.27867615,-0.36181644,0.29630348,-0.19289646,0.4440691,-0.14463775,0.064325646,-0.18771622,-0.4646803,0.20168214,-0.22513539,-0.8623802,0.035600197,0.17365855,0.49891952,0.20568316,-0.038043305,0.08175212,-0.3143934,0.17361155,0.022597503,0.48070613,0.364877,-0.23190932,-0.2473396,0.006249784,-0.45192578,0.7038806,-0.122827694,0.20748879,0.33222008,0.37511218,-0.783531,0.20501477,1.2407792,-0.46398818,-0.15813638,0.14676368,-0.2773181,0.66699517,-0.5023366,0.90465987,-1.0030751,0.46443412,0.28048816,-0.16468,-0.3061194,0.015355058,-0.07567582,0.42442173,-0.022005804,-0.1616525,-0.32200825,0.7224353,-0.07249006,0.08269846,0.27776074,0.02231512,-0.5476665,-0.12169711,0.9861492,0.04543018,-0.22140552,-0.9690615,-0.03540399,-0.40000552,0.23238516,-0.28385898,0.21267687,-0.12714292,-0.16957669,-0.003711384,-0.26304683,0.10687336,-0.078180715,-0.67639613,-0.6548919,-0.30095932,-0.08424545,-0.30303237,1.3364469,0.37199867,-1.1219852,1.1731269,0.092217274,0.13126782,-0.5026235,0.06660324,-0.5980511,0.30693614,0.58574885,0.46763968,-0.219981,-0.34506753,0.49782035,-0.8365656,0.30809802,0.44876444,-0.3806793,0.04124969,0.47604835,0.24780506,-0.79627115,-0.54261893,0.44745347,-0.27970442,0.11086818,0.15212986,0.056282368,0.16221671,-0.6174801,0.040305782,-0.46234155,-0.2329317,0.054141194,0.23721741,-0.060474124,0.41633922,-0.5048919,0.40691364,-0.3464352,-0.12062866,0.50962603,0.844437,0.29539743,-0.45772088,0.26241598,-0.077531956,0.40763333,-0.21234167,-0.5710253,0.445173,-0.28095102,0.46625873,-0.55007416,-0.39716297,0.31350762,-0.18088727,0.094631694,0.017497232,-0.835387,1.0364711,0.0047734776,-0.12879229,-0.2285588,0.20785761,0.1579595,-0.49918273,-0.44977188,1.1173128,-0.035384554,-0.3934973,0.6739385,-0.67606264,-0.6078476,-0.09941158,0.08416924,-0.0147081865,-0.54554856,0.28196332,-0.05072451,-0.8082196,-0.4475844,-10.370968,-0.23645754,-0.3146428,-0.082071304,0.22711998,-0.07254859,-0.014405443,0.17889643,-0.5856255,0.20149237,-0.19395967,-0.18621363,-0.251802,-1.0952656,-0.28680503,-0.34555236,0.7263582,0.35135722,-0.5147778,0.47868165,-0.42334843,-0.5111425,0.6325624,0.3095459,0.9117749,-0.10850286,0.08008617,-0.31670254,-0.23420115,-0.23651232,-0.5056945,0.034253616,0.09722171,0.7180302,-0.09440729,-0.11113733,0.20253779,-0.67845154,0.41578773,0.037304256,0.0653094,-0.24353103,-0.62016857,-0.08657052,0.76413274,-0.16584331,-0.96527106,0.051954497,-0.14389238,0.088812694,0.07449369,-0.40708297,-0.2601869,-0.59825224,-0.16609274,0.27727404,-0.13527407,0.6127453,-0.35922578,-0.57155305,0.7219344,-0.25959033,-0.3779849,0.28670633,-0.015825553,-0.14096834,-0.50821614,-0.16651486,-0.6784292,0.26354182,0.020787276,0.12287906,0.05321082,-0.9348085,-0.24452674,0.060812335,-0.0038813828,-0.2988702,-0.39019412,-0.26346403,-0.9284785,-0.9491762,0.3406258,-0.018679796,-0.73711884,-0.36178517,-0.57901406,-0.29236674,-0.33582404,0.70322126,0.22056635,0.2157816,0.06612584,0.10220279,0.022554923,-0.1414313,0.6913384,-0.43371668,0.081053734,0.45027092,-0.25416294,0.20447327,0.99255675,-0.12793025,-0.3641177,0.25762433,-0.7629322,0.1957694,0.19725549,0.042544495,-0.39970484,0.10090808,-0.12220994,-0.10677345,-0.3447945,-0.5122159,-0.05934073,0.42084965,-0.21903037,-0.35254058,-0.74404585,0.5991382,-0.5997423,-0.7281363,-0.34364188,-0.0019939875,-0.06423719,-0.054757677,-0.46990287,0.014777546,-0.06930728,-0.2968163,-0.014444738,-1.0456219,-0.17160101,-0.08668364,-0.12528268,-0.70877194,-1.0464277,0.66679984,0.87460816,-0.04011062,0.5171151,0.379142,0.24840626,-0.21259966,-0.19915614,-0.25739288,0.33236834,0.43079665,-0.18661834,-0.81460077,0.24128991,-0.779759,0.49650705,0.14445339,0.9581408,-0.7728771,-0.37240732,-0.48530522,1.148581,-0.43033984,-0.2617844,0.15780021,-0.20221233,0.032290425,0.008189586,-0.1360963,0.10585222,-0.54542047,0.2533827,0.385387,0.32664055,0.18488927,-0.08502909,0.21205583,0.56588376,-0.50983065,-0.14664799,0.37204742,0.5503514,0.51894885,0.21017128,-0.40217274,0.12619044,-0.3895294,0.03126291,0.44032958,0.6041055,0.13609207,-0.2773686,0.038571503,-0.21350086,0.11048933,-0.43054324,-0.23160583,0.5219997,0.63440424,0.27298144,1.064442,-0.33528468,-0.4922615,-0.20172445,0.2802013,-0.34523597,0.20713016,0.47304887,0.3228039,0.76542425,0.26820582,0.05692654,-0.29985392,-0.60538393,-0.3831363,0.55289096,-0.13529769,-0.030463934,-0.19349071,-0.67198884,-0.09708905,-0.1896214,0.06102913,-0.5651901,-0.3678027,-0.22866711,0.23515525,-0.020516565,-0.24690391,0.16926397,0.111140594,0.16039997,-2.124856,0.40844795,-0.3076159,0.09901645,-0.25106806,0.23066355,0.05086075,0.23460053,-0.26758122,-0.033944674,-0.7082558,0.07091654,-0.51002747,0.122343734,0.4109823,-0.17583063,-0.6414277,-0.07093139,0.25109825,0.34650737,-0.39250165,-0.10980379,-0.52007836,0.19250575,-0.40176165,-0.4863735,0.5407464,0.05777019,0.55033857,-0.2147406,-0.2169211,0.005284736,-0.24189956,-0.16566284,0.013366859,0.3148515,0.37434024,-0.18461666,-0.5167206,-0.4114893,-0.68632174,0.21042213,0.38652942,-0.4691587,-0.6577419,-0.84544563,-0.4011298,0.44718808,-0.25878993,-0.25354186,-0.07855415,0.12233534,0.7435542,0.019523084,-0.16224249,-0.13498746,0.03722154,0.104163386,0.35205925,0.37859845,0.7842006,-0.7319679,0.51764184,-0.3251371,0.24921894,0.66370463,0.10109833,-0.38603175,0.22463398,-0.168463,-0.32976353,0.5313641,0.29426917,0.27760762,0.27318442,0.004649894,-0.19257393,-0.51251674,0.041294638,-0.9610538,-0.25324225,0.21008152,0.4760806,-0.1504513,-0.27004242,-0.40139115,-0.26100558,-0.32608798,0.27501303,-0.16069624,0.3408556,1.1387929,-0.019803917,0.12976417,0.079042226,0.43417972,-0.18021938,-0.117704086,0.46179923,-0.03487412,0.45722684,0.47568044,-0.07757843,0.2832855,-0.41237235,-0.13112006,-0.44509447,-0.4180563,0.23764196,0.21652322,0.34861943,0.06333349,0.02949946,0.47663802,-0.49224326,0.07161529,0.47884876,0.66451514,0.38945732,-0.0725076,0.04524426,0.07115283,-0.02006115,0.8498436,-0.039911926,-0.1532905,-0.44816703,-0.03958521,0.82836944,0.34072807,0.20538159,0.70739526,-0.48791608,-0.055743407,-0.14065452,0.057173654,0.4496805,0.098442994,0.052306212,0.20034279,-0.33413696,0.20326507,0.4633063,-0.43827134,0.054453388,-0.16100943,-0.014106726,-0.19261809,-0.038812667,-0.25633788,0.2704774,-0.08998715,-0.2685907,0.5424371,-0.46031886,-0.1637524,-0.15514474,-0.5517832,0.29641536,-0.052386347,0.24774365,0.012705334,-0.14330822,0.3282461,-0.5245907,-0.013722621,0.31260663,0.4425503,0.15210357,0.12229924,-0.14282954,-0.4803209,-0.3420366,-0.06468355,-0.063963845,-0.27940774,0.1954136,-0.14130619,0.013332809,0.78473043,0.18439564,0.02953055,0.7043705,0.035168186,0.18423444,0.3708771,-0.17704664,-0.8563412,-0.09630295,-0.27760413,-0.60695666,0.09874682,-0.17147228,0.30216548,-0.4408323,-0.34598178,-0.44272423,0.14738744,-0.5005414,0.24833779,0.5094745,0.46374902,-0.37079728,-0.5740983,-0.01168622,-0.07702306,-0.24539083,-0.19820522,0.437203,0.40567246,-0.51300204,0.36471704,-0.025394807,-0.5018297,0.35595277,-0.019566517,-0.102391236,-0.6690379,-0.51991457,-0.73834956,-0.30161807,-0.81258696,-0.2126616,-0.33940133,0.016830742,-0.5582068,-0.5026287,0.06531306,0.26914144,0.4,0,0,0,0,0,0,0,1,0,2,0,0,1,0,4,0,0,0,1,0,0,0,0,0.0,0.0,0.0,0.2
0.09714395,0.5870243,0.6945692,-0.44540387,0.068911314,-0.115128614,0.45971212,0.42176116,-0.19965981,-0.021604344,0.09107764,-0.3415173,0.16832776,0.4287782,-0.17164974,0.67565125,-0.008276597,-0.029902669,0.09084539,0.0352658,0.24457528,0.37557328,-0.119434685,0.15453953,0.09470278,0.22257783,-0.07782594,-0.4260552,-0.20002729,0.09014307,0.20925947,-0.15159768,-0.016146697,-0.16558659,-0.31208146,-0.083160035,0.033336483,0.12510286,0.40748283,0.08178957,0.2827281,-0.48696557,0.19001867,0.063595414,-0.41364348,-0.29925168,0.09450091,-0.642362,0.24223357,-0.72900736,-0.31797615,0.10295068,-0.3826731,-0.42872766,-0.021519374,0.18027422,0.20784813,-0.59899414,-0.1410163,0.057746887,-0.09350261,-0.32836708,0.08864433,-0.24215515,-0.22946352,-0.25078526,0.19511743,0.04796137,-0.6753962,0.2176144,0.14124116,-0.13092007,0.578578,0.27227753,0.033879116,-0.19841833,0.028868869,0.4244836,-0.3345253,-0.4079105,-0.0581326,0.06544271,0.36836135,0.4688207,0.22680789,-0.002504422,0.12564361,0.057732206,-0.65557116,0.6207829,-0.033839107,-0.150967,-0.3948621,0.20367052,0.6537342,-0.4984477,-0.488539,0.113323,0.109020606,-0.19065109,0.53550214,-0.655726,0.49574837,-0.5387997,0.006345974,0.01857892,-0.20382328,0.03624786,0.36702004,-0.1245226,0.22012362,0.16347952,0.06899223,-0.1831843,0.665806,-0.104020745,-0.17699659,0.24143259,0.26493394,-0.09422285,-0.47700202,-0.09500998,0.48630092,0.027333794,0.40006927,-0.012021411,0.039891522,-0.32023445,0.25044507,0.4815495,0.23712398,0.43916813,-0.15737726,-0.41210234,0.079697244,-0.038946338,0.09001404,-0.07356088,-0.39499912,-0.39295158,-0.10532453,0.2701046,-0.09249529,0.16537839,0.1208458,-0.28034458,-0.49529007,0.22090638,0.016194154,0.4693477,-0.27617157,-0.18387902,-0.3315674,-0.19442987,0.122403614,-0.27635732,-0.6649173,0.06365295,0.12872867,0.46604806,0.012881298,-0.14646634,-0.12404612,-0.051958606,0.58995825,-0.1483121,0.433888,0.21525425,-0.33619952,-0.5080034,-0.11290091,-0.5535477,0.55130595,0.009074858,0.3900473,0.046360508,0.524514,-0.31411967,0.0035102963,0.65746194,-0.3879148,-0.046006907,0.19629396,0.17715956,0.7615528,-0.25265908,0.4397568,-0.6371501,0.37455282,0.06589788,0.004668283,-0.067084454,0.048813425,-0.25022972,0.22290815,0.0037987565,-0.063560955,-0.6678962,0.47986975,0.1365378,0.40059352,0.48117334,0.06021893,-0.53714156,-0.45629144,0.8630575,0.31648827,0.33377934,-0.7700353,0.20122686,-0.13959308,0.30535305,-0.05181621,-0.27917922,-0.14151277,-0.37033185,0.26959157,-0.085298866,0.16250134,0.21274868,-0.4029171,-0.37606037,-0.18809515,0.026475154,-0.309451,0.89288133,0.074694894,-0.6683766,0.85748,0.15630332,-0.07410438,-0.45696065,0.26872388,-0.029576285,0.16374017,0.7136092,0.0009600909,-0.6347352,0.03467594,0.52158684,-0.47723222,0.36632568,0.42673856,0.15629502,-0.29069588,0.30115706,-0.14315185,-0.73226964,-0.5389073,0.14516252,-0.37294194,0.07235584,-0.07791815,-0.48122704,-0.030709835,-0.31691596,-0.05578153,-0.44734845,-0.14314345,-0.26654997,0.20274739,-0.29863182,0.29475257,-0.43041,0.07238546,0.00017564207,-0.2494575,0.32757103,0.494832,0.24496514,-0.3779579,0.46058983,-0.17584223,0.4961372,-0.10573471,-0.21994542,0.5304191,-0.067246124,-0.05736043,-0.29981217,0.096381836,0.698849,-0.44899514,-0.27448466,-0.20964332,-0.49758494,0.5482662,0.30995825,0.11630548,-0.46958768,-0.07352213,0.08088884,-0.3678355,-0.20797384,0.9255535,-0.22560215,-0.05411093,0.05342962,-0.39643878,-0.31704447,-0.13343826,0.29700798,-0.10178766,-0.072640866,-0.010667128,-0.27846864,-0.6986628,0.07526529,-10.364794,-0.13133378,-0.17147152,-0.27526614,0.088258564,0.14832856,-0.12566891,0.119942896,-0.5386754,-0.016365247,0.08452585,-0.26494426,-0.1113415,-0.4406678,0.008331385,-0.52730286,0.3871254,0.34551638,-0.48921353,0.4778575,-0.29714242,-0.005023639,0.86117584,-0.11729796,0.41511962,0.097617425,0.3219975,0.02751435,-0.10839005,-0.34784114,-0.37941632,-0.04461667,-0.0459993,0.8521434,0.15429047,0.17277011,-0.03809579,-0.7243282,0.14916079,-0.0022288284,0.26588067,-0.6191335,-0.16859205,0.3662571,0.47940892,-0.28596616,-0.4357566,-0.08826926,-0.16100892,-0.028403936,-0.21904674,-0.40407655,0.00702981,-0.8270945,0.007022462,0.110056534,0.26731488,0.80384153,0.08361353,-0.51026326,0.585453,-0.21441506,-0.5878342,0.22663806,-0.01603135,0.08823323,-0.19698383,-0.040853146,-0.11078167,0.08257598,0.0058239186,0.35108262,0.17167465,-1.1846459,-0.28606704,0.402909,-0.07624826,0.05112779,-0.21392599,-0.12313986,-0.6626301,-0.4802207,0.17627916,0.09000268,-0.48144758,-0.21283191,-0.37714645,-0.40998244,-0.24583964,0.33114296,0.14250445,0.08872823,0.03613441,0.1557819,0.37548772,-0.0010668541,0.63863856,-0.20612517,-0.016675245,0.14482261,0.018928485,0.1503634,0.6580538,0.08117699,-0.39282525,0.3098327,-0.5281844,0.06735447,-0.12222897,0.10939884,-0.0061834054,-0.13420546,-0.14250264,0.08284384,-0.28665245,-0.8414666,-0.118833065,0.14367108,-0.53500766,-0.5502204,-0.39644748,0.4629731,-0.3798015,-0.63098174,-0.5714953,0.31839207,-0.13892147,0.03969568,-0.3208625,0.124110945,0.034516566,-0.18007505,-0.15413074,-0.60749143,-0.2516371,-0.15844226,-0.11648715,-0.6770787,-0.3833855,0.43685046,0.49225926,0.105830885,0.49504822,0.18231747,0.1390947,-0.082696564,-0.023591597,-0.32254747,0.021899257,0.40856865,-0.13273132,-0.85214686,0.36800128,-0.5423312,0.22603941,0.1791155,0.47834045,-0.6409688,-0.010407624,-0.40224487,0.5629879,-0.31272876,0.031716853,0.33868247,0.34307408,0.047833137,-0.10803513,0.038825586,0.16992235,-0.29719785,-0.21805178,0.39787036,-0.16418122,0.18379574,0.07229676,0.22547995,0.4352003,-0.2134317,-0.20124342,0.0060655447,0.071064174,0.34380835,-0.003262921,-0.32828057,-0.038901765,-0.4488618,0.12051318,0.18746501,0.4576332,0.6039692,-0.53445715,0.60128,-0.042034864,-0.15427493,-0.12476304,-0.7407821,0.39826775,0.123405494,0.14831266,0.5571553,0.0714788,-0.1932876,-0.013814573,0.29933622,-0.30040786,-0.37095842,-0.2942499,0.38881645,0.67231995,0.15151823,0.1872662,-0.51112264,-0.17723593,-0.1125478,0.20643352,-0.37352318,0.10164137,-0.0886308,-0.6220205,0.065855764,-0.007827656,-0.298536,-0.47586322,0.13119811,-0.61762506,-0.12794091,-0.135632,-0.41213062,0.10417632,-0.091376714,-0.057862006,-1.8709176,0.42572677,0.12380895,-0.15332974,-0.12710002,0.03199525,0.30057102,-0.018738486,0.04007971,-0.2718143,-0.49041566,0.14052486,-0.36559483,0.2822801,0.09098223,-0.05253703,-0.40945217,-0.055948917,0.020605272,0.45375037,-0.34597638,-0.31621504,-0.5843104,0.41174838,-0.5985432,-0.71661055,0.3905054,0.06845891,0.4426676,-0.2649582,-0.16818795,0.019935967,-0.4606387,-0.29169944,0.022491567,0.38783973,0.42900142,-0.1909547,-0.38218036,-0.21777467,-0.5019073,0.08098174,0.20713937,0.28483984,-0.19137041,-0.76631385,-0.5713916,0.73239547,-0.15042748,0.1409782,-0.38168254,0.15644583,0.16814609,0.09312991,-0.23969549,0.121119864,-0.0069066733,-0.077098824,0.27612382,0.28785625,0.50870764,-0.62793726,-0.10237124,0.08797585,0.3219423,0.40775004,-0.3039457,0.0751532,0.13679655,-0.080687046,-0.72855306,0.3811265,-0.095878035,-0.00914886,-0.062416185,0.12542288,-0.2826464,-0.24053887,0.33675218,-0.64601743,-0.08071313,0.5517139,0.329321,0.27777907,-0.4615507,-0.25583842,-0.18627614,-0.14001204,0.18776095,-0.038912915,0.27603605,0.91309184,-0.07392389,0.2272286,0.07411355,-0.00702411,-0.07017122,0.12834677,0.58042467,-0.23771754,0.30992112,0.26525506,0.25088656,0.14675945,-0.21408856,0.19924346,-0.34159836,-0.26544034,0.13970575,0.061566986,0.25779054,0.4118818,0.29278928,0.1159125,-0.44413158,-0.0026814274,-0.09912003,0.42966235,0.3091399,-0.20583928,0.06916958,-0.008361349,-0.2289005,0.6773984,0.0052462234,-0.15708996,-0.3403299,-0.21202305,0.58145225,0.21292093,0.16681407,0.37012798,-0.23119436,-0.18760672,0.05340857,0.17930816,0.29771549,-0.19098988,-0.025395773,0.108483896,-0.60185534,0.5108734,0.64115036,-0.42882946,0.08797141,-0.33276695,-0.15978478,-0.3021165,0.0048995805,-0.30288205,0.37189552,-0.087823056,-0.3787899,0.14049344,-0.492627,-0.35211438,-0.18787009,-0.52120477,-0.059395652,-0.28577742,0.20143838,-0.102512926,-0.34181118,0.49799323,-0.5837402,0.2558772,0.2612487,0.60781807,0.07547202,0.37998414,0.29869115,-0.11111496,0.09944033,-0.14517163,0.08696243,-0.32813656,0.38780427,0.15707017,0.00076552224,-0.04473286,0.41856316,-0.11381624,0.7914961,-0.18602106,0.081683815,-0.15057874,-0.53820443,-0.5465827,-0.44120786,-0.25198185,-0.41489735,-0.21469931,0.21151027,0.14482865,-0.44027725,-0.17702776,-0.3354654,0.03867141,-0.16044712,-0.03652763,0.62595594,0.39408195,-0.30403394,-0.4187172,-0.19913116,0.04382357,-0.47048953,0.055165667,0.1893252,0.5939052,-0.12830275,0.3045324,-0.25730908,-0.031723298,0.29336482,0.1868102,0.078142986,-0.29895812,-0.64465857,-0.53575724,-0.1095316,-0.48200455,-0.044791117,-0.3556211,0.45491776,-0.4150367,-0.3529708,0.1574654,-0.038239893,0.0,0,0,0,0,0,0,0,0,0,0,0,0,2,2,2,0,0,0,0,0,0,0,0,0.0,0.0,0.0,0.0
0.28574362,-0.25174716,0.4215952,0.009517997,0.2933957,0.038799535,-0.073354475,0.4087597,-0.2731818,-0.07184232,-0.108783424,0.064114034,0.18505608,0.33654556,0.06675483,0.5521737,-0.29575482,0.2066656,-0.107091054,0.0715349,0.44876006,-0.097909376,0.123034894,0.023727875,0.6592627,0.35601115,0.031076098,-0.6325548,-0.8157907,0.0686366,0.34164485,0.12476502,0.18434212,-0.03351571,0.10722245,-0.8857596,-0.3130414,-0.29242444,0.4136166,0.39127186,-0.2848976,-0.1453392,0.34330276,-0.0028910458,-0.27010465,0.20965278,0.08282406,-0.37629664,-0.18301378,-0.12127697,-0.553545,-0.18545449,-0.2623662,-0.18326752,0.5559312,0.2836029,0.37041137,-0.47293243,-0.53553724,0.20382686,0.15494104,0.05341763,0.06900237,-0.08790585,-0.04666971,0.044312846,0.23202649,0.46617043,-0.5647807,0.42975175,0.25568607,0.32145795,-0.028735064,0.20227821,0.13739781,0.103678726,-0.2975847,0.63120955,0.31849778,-0.37243745,0.123727754,-0.09732246,0.5839338,0.06886486,0.41135666,0.3046149,0.3720266,0.1591975,-0.47665516,0.7711884,0.08828312,-0.06755482,0.0848009,-0.23105265,0.28959388,-0.5652118,-0.61391,-0.37594956,0.12150356,-0.16244534,0.5634043,-0.27768645,0.11021345,-0.12672931,0.20014884,0.07143458,-0.38131627,-0.23197469,-0.22365658,0.32039586,-0.3442813,0.04313898,0.14720038,-0.3758708,-0.060663126,-0.085271396,0.23733954,0.11632471,0.16893803,-0.2148301,0.19897929,0.13789581,0.13288832,0.14973506,0.5303163,0.11449997,0.24216658,-0.043786556,0.19175829,0.5291174,0.34912917,0.30387127,0.18168846,-0.28296274,0.29502523,0.0012056195,-0.13899532,-0.14506227,0.24135411,0.026842467,-0.19751471,-0.10586557,0.09122376,-0.06843955,0.3274483,-0.00033133625,-0.135804,-0.15013123,-0.20268004,0.31643736,-0.4074399,-0.320231,-0.33480212,-0.06570246,0.072450526,-0.35156497,-0.09688983,-0.22906208,0.06758152,0.08553698,0.29820496,0.35925597,-0.13492133,0.031209495,0.036599435,0.11196171,-0.18726914,0.4499918,-0.36822405,-0.50401205,0.12788841,-0.33781362,0.21123871,-0.074051216,0.24079153,0.46037492,0.12148385,-0.075635366,0.28124037,1.075476,-0.62428415,-0.031049404,0.47457054,-0.27269533,0.039222408,-0.27766407,0.60546976,-0.39507264,0.53439033,-0.10675788,-0.53720117,-0.07392309,0.36832535,-0.18345179,-0.002671906,-0.25376418,0.2777491,-0.7666675,0.4601209,-0.3606435,0.27188826,0.23273303,-0.10371747,-0.33891237,-0.465848,0.17729904,-0.068593934,-0.50083387,-0.3017708,-0.3151994,-0.32248512,0.09611177,-0.023736518,0.15100299,-0.1240212,-0.15271993,0.17052357,-0.41333374,0.0968388,0.30211097,-0.18858553,-0.16719908,-0.077371225,0.11914403,-0.28023627,1.3209107,0.10309384,-0.4197067,0.6016513,0.0747671,-0.4693588,-0.21508637,0.24660096,0.011617601,0.4727361,0.46584958,0.02285973,-0.46277767,-0.05968534,-0.18677379,-0.2561036,0.0745741,0.32324386,0.08094764,-0.120896585,0.52081025,-0.08963469,-0.36071733,-0.4935898,-0.3633778,0.056885686,-0.026358612,-0.40152782,-0.11155244,-0.019688362,-0.23254156,0.033480696,-0.2211342,-0.25738743,-0.066323325,0.31443,-0.1409904,0.45178384,0.002617709,-0.05168262,-0.43831527,0.036182836,-0.04362338,0.6621129,0.24062477,-0.063308194,0.10758839,-0.055181213,0.62528145,0.2764619,-0.13760449,0.16196808,-0.09876749,0.118620284,-0.3812513,0.101414315,0.15128049,0.14667453,0.12230288,-0.26935232,-0.09509985,0.29580924,-0.06734973,-0.3635524,-0.058789052,-0.27301812,-0.058790825,-0.2533578,0.1873707,0.74661154,0.11292695,-0.09216543,0.27362502,-0.40376216,-0.23833992,0.21003766,-0.1365101,0.045039725,-0.020990541,0.075921394,0.26022398,-0.17136316,-0.57239836,-6.861125,-0.08953966,-0.3478688,-0.12538652,-0.14999686,-0.37039417,0.21721642,0.08826426,-0.01472853,-0.27448553,-0.14657955,-0.38251355,0.24648577,-0.2365158,0.21396233,0.17735,0.6345271,0.23417631,-0.25204602,0.07166443,-0.18790822,-0.40186048,0.355467,-0.07423945,0.6164233,-0.07842887,-0.33557343,0.16661172,-0.4108301,-0.07440443,-0.13346669,-0.20107746,-0.08357606,0.89130193,-0.14617662,-0.5959573,-0.19805208,-0.5582847,-0.039459225,-0.38671502,-0.05458708,-0.059054602,-0.20095405,0.15425056,0.69956446,-0.19731288,0.1547482,-0.051152974,0.016518427,-0.2505488,-0.24483524,-0.34964442,-0.032739304,-0.48536092,-0.02982642,0.17464481,0.07481831,0.89523757,-0.33189034,-0.28966963,0.5947324,-0.22576967,0.09705806,0.4798854,-0.70086014,-0.074337624,-0.883909,-0.3813938,-0.40562427,-0.3797597,-0.55723727,0.40461078,0.19915842,-0.8638816,-0.24924542,-0.18605177,0.32551652,0.554518,-0.43870562,-0.0807384,-0.5538677,-0.5619801,-0.021316288,0.04550725,-0.3835474,-0.14124252,-0.22247034,-0.5491393,-0.46620542,0.12816669,-0.20506929,0.018377122,0.25217015,-0.15534648,-0.22124372,-0.1857909,0.6195715,-0.2542281,0.24435242,0.01164905,0.7037493,0.5554939,0.7286454,-0.4340226,-0.56838906,0.06134954,-0.55252534,0.14788918,0.04563572,-0.46989334,0.059960343,-0.16760331,-0.65362275,-0.18727009,-0.11890444,-0.17106903,-0.059375025,0.32562804,0.07496164,-0.66102254,-0.2487245,0.012667694,-0.64585274,-0.39243186,0.29904947,0.248505,-0.23203045,-0.056671195,-0.23906653,-0.026060786,-0.030167254,-0.04598805,0.017442148,0.11611318,0.040970784,-0.20386851,0.0031360483,-0.51096463,0.18187681,-0.040488828,0.25324944,0.022251017,0.010706617,0.010246304,0.41406736,0.23318726,0.37253582,0.46845695,0.12271274,0.078838564,-0.3912138,-0.7023838,-0.07087493,-0.21100155,0.07229974,0.4339756,0.5438158,-0.12454319,-0.5021057,-0.63089204,0.042563535,-0.06704894,-0.251365,0.57552546,-0.37462327,0.11963014,0.32174575,0.37547728,0.3490662,-0.6941566,-0.22212942,0.3272707,-0.24760123,0.083731994,0.14182863,0.3115836,0.2518288,-0.5142243,0.039406188,0.23991692,-0.24667688,0.21306503,0.08895512,0.002390396,0.27452356,-0.11259485,-0.018513031,0.3448806,0.5999772,0.5195129,-0.47690132,0.5160635,0.024184868,-0.32705387,0.10108215,-0.45284724,0.44541457,-0.088815175,-0.20367461,0.84887624,-0.34753639,0.119379975,-0.45094287,0.084210284,-0.08084894,0.40655845,-0.050597016,0.31384853,0.47917172,-0.14822882,-0.11098784,-0.6670208,-0.41424328,-0.15032604,0.14832896,-0.082009,-0.7223386,-0.113428414,-0.46022862,0.068425305,0.05582013,0.24037601,0.26306114,-0.22970808,0.10864106,0.383279,0.1827044,-0.47062752,-0.46650645,-0.21971473,-0.058350883,-1.1369948,0.16342917,-0.0025580886,0.34240925,0.059320837,-0.62670034,-0.11950907,-0.2033207,-0.32984418,-0.7386798,-0.5815726,-0.6030037,-0.6379216,-0.66935074,0.17859273,-0.077820495,-0.06296528,-0.21999052,-0.25330624,0.115588084,-0.30750626,-0.19967085,-0.21493904,0.512294,-0.534546,-0.04772394,-0.22367443,0.015422609,0.07079982,-0.050531212,0.21622148,0.19376123,0.47914955,-0.21046811,0.084159225,-0.058947973,0.0855231,0.09389616,-0.5402662,-0.077356815,-0.011418925,-0.38684726,0.30458605,0.29089746,-0.04206979,-0.7608103,-0.6540625,-0.33080655,-0.27714813,-0.20842472,0.042281624,0.37298056,0.46897626,0.1899494,-0.12985955,-0.31854665,0.43223944,-0.16041686,0.33413565,0.6899491,0.27949807,-0.3092249,0.14451922,-0.397639,0.34444445,0.72802526,-0.29013357,0.31237143,0.42263553,-0.5272756,-0.39908236,0.3415966,-0.048641182,-0.26978973,0.053033628,0.023399644,-0.4110556,-0.26889277,-0.35252735,-0.0017022758,-0.59039176,0.6238905,0.9264305,0.43366694,-0.78316706,-0.7263822,0.3932375,-0.74418694,0.27004033,-0.028059635,0.15973873,0.57556176,0.11972001,0.011675346,-0.008781116,-0.05583021,-0.11041212,0.20244507,-0.14745544,-0.6229781,0.1507698,-0.19926678,0.26465815,0.25903058,-0.31203505,-0.033287305,-0.07602199,-0.04810136,0.29223663,-0.20566742,0.07908585,0.21524581,0.2483993,0.2288819,-0.23394215,-0.26659197,-0.28563955,0.6594507,0.23719187,0.10356329,0.1335224,0.0958328,-0.02095476,0.05433557,-0.02129287,0.026697466,-0.08709963,-0.0010815852,0.42547756,0.29461342,0.28134507,-0.041573733,-0.38946775,0.11796537,-0.0047609285,-0.3685525,-0.036369704,0.10152172,0.33365494,0.44454113,-0.09389923,0.016583284,-0.08453539,-0.030650826,-0.11874222,0.27043277,-0.1672219,-0.3761361,0.15823604,-0.3210535,-0.40903893,-0.5509198,-0.14189176,0.18490511,-0.2281307,0.03327938,0.11379501,-0.3558494,-0.386306,-0.08997453,0.50686604,0.2252189,-0.03200536,0.09121199,-0.37160864,0.18528591,-0.09300657,-0.045897413,-0.04904607,0.27839813,-0.29882595,-0.2907863,0.23146927,0.056905136,-0.015459435,-0.042067513,0.24951723,-0.34580994,-0.23254277,0.03010549,0.03121074,0.040985987,-0.12915228,0.17408787,0.108110465,0.58631325,-0.27525294,-0.46496546,-0.3884234,-0.2775474,-0.52195317,-0.19793972,0.36634842,-0.15654878,-0.46838057,-0.046529185,-0.27802086,0.061416376,-0.06434784,-0.2945215,0.4565848,0.12521957,0.28406814,-0.38298,-0.18415587,0.2017605,-0.023050345,-0.21626826,0.47146732,-0.18237573,0.19742858,0.28483406,-0.18045929,-0.20802496,0.2778655,-0.0059029013,-0.15975863,-0.63693213,-0.1935705,-0.28469995,0.12091732,-0.48157486,-0.49180695,0.5671325,0.12781261,-0.75699157,-0.39287487,-0.17509875,0.05633623,0.0,0,0,1,0,0,0,0,0,0,0,0,0,0,0,1,0,0,0,0,0,0,0,0,0.0,0.0,0.0,0.0
0.061105844,0.28615218,0.73082817,-0.1974766,0.67563546,-0.05774367,0.01540326,0.45422512,-0.23593794,0.08928418,-0.08393675,-0.10525782,0.2639858,0.5296628,0.20877236,0.34422097,-0.28057364,0.39955223,-0.19896874,0.13096559,0.26044986,-0.052328035,-0.050613284,-0.14969134,0.2818249,0.079861276,-0.27330416,-0.38796356,-0.43479916,-0.190786,-0.027135491,0.14542268,0.37248066,-0.25463736,-0.45721072,-0.41569555,-0.09892764,0.08064896,0.1188627,0.015064481,0.016216757,-0.44147542,0.39041373,-0.122707434,-0.2699754,0.02915474,-0.19492978,-0.26107833,0.3812222,-0.4473694,-0.615308,-0.047892533,-0.3945413,-0.5710248,-0.096364625,0.58611226,0.7363635,-0.6007138,-0.15034147,0.017219994,0.022283347,-0.5929456,0.08907441,0.40053126,-0.34109008,-0.09876312,0.08464569,0.2448659,-0.90557253,0.027808525,0.19911522,-0.06306081,0.35915154,-0.059320956,-0.08213006,0.057143416,-0.6283195,0.47597733,0.3280582,-0.17045769,-0.012045833,0.18132037,0.45346442,0.38725713,0.554594,0.18501505,0.18243566,-0.15269962,-0.32978317,0.8191351,0.097748205,-0.028368484,0.052905627,-0.007683237,0.5992787,-0.6302224,-0.6930622,-0.11904157,0.12121777,-0.012349894,0.24661863,-0.14407519,-0.005211513,-0.034499418,-0.106242515,-0.12876472,-0.6390981,0.20441864,0.23945843,0.2504493,0.048371695,0.072817676,0.14342852,-0.28258428,0.15081465,0.18377821,-0.27664286,0.41685668,0.09937027,0.040416524,-0.2731209,0.1448594,0.3054918,0.34414032,0.40717933,0.37083685,-0.2676022,-0.21528801,0.3294382,0.14826262,0.20682369,0.001868316,-0.054425888,0.099687785,0.29288378,0.15983921,-0.033317234,0.14467329,0.2950842,-0.5025346,-0.18929528,0.16016978,0.036471836,0.43090943,0.73091096,-0.11576441,-0.12131583,0.044006273,-0.4118541,0.5660502,-0.3198372,-0.056278825,-0.39261913,0.25903147,-0.35522544,0.14011489,-0.23516932,-0.13646302,-0.09570626,0.27202773,0.4093712,-0.10969462,-0.0076419236,-0.17175144,0.17873448,-0.111487314,0.16450213,0.2287175,-0.15329178,-0.46595687,-0.05089152,-0.47954848,0.31900373,-0.030510118,0.2976574,0.23993404,0.08429859,-0.204576,0.15397336,0.8086626,-0.3948287,0.36086044,-0.029064028,-0.008651583,0.36397973,-0.014283656,0.43159023,-0.45669287,0.77831537,-0.049832586,-0.17826392,-0.02943668,-0.103262246,-0.066931404,0.4517798,-0.65619195,0.039299473,-0.3013015,0.36741126,0.13697185,0.15283811,0.41199628,0.15591426,-0.5881413,-0.464591,0.37649015,0.022965409,-0.053143404,-0.7789931,0.024221908,-0.2419442,0.4547014,-0.22063307,0.19227292,0.30001548,0.06830954,-0.033708554,-0.27613914,0.15720516,0.2715996,0.120983385,-0.41523206,-0.15188563,-0.09628162,-0.55084354,1.1938871,0.23905727,-0.7427256,0.6753691,-0.06467866,0.23583008,0.052327543,0.037620198,-0.37036115,0.02808975,0.41367254,-0.24532577,-0.20041509,0.02793691,0.21477835,-0.3052692,0.300606,0.42158717,0.12731002,-0.058497537,0.17370707,-0.12648104,-0.5702995,-0.07256062,0.06176737,-0.2346134,0.023748182,-0.14578582,-0.4012117,-0.41945162,-0.60451,0.11200281,0.0052529965,-0.29557416,-0.081697054,0.27833092,0.25434867,0.13215774,0.22304304,0.28276515,-0.24215302,-0.09752322,0.21197522,0.34543443,0.079419725,-0.62382007,-0.16160972,-0.03316699,0.55934066,-0.16529517,-0.29678637,0.49030197,0.39511317,0.22349003,-0.34034172,-0.26296914,0.12497974,0.2509191,0.02289966,-0.054388035,-0.25845882,0.28855315,0.21979937,-0.03717024,-0.2606085,0.03451387,0.4638121,-0.29409385,-0.056736447,0.9525748,0.26492184,-0.3097445,0.23192891,-0.22471681,-0.36353222,-0.40877688,0.31652817,-0.01356514,-0.17677332,0.25527364,0.16859588,-0.5163281,-0.64956534,-12.1952915,-0.54052854,-0.3366618,-0.25071988,0.13348301,-0.78761923,0.35910577,0.14328495,-0.29000768,-0.03208618,-0.14971323,-0.08822851,0.06795508,0.06473036,-0.02702322,0.27916616,0.40873566,0.2859626,-0.4887785,0.413026,-0.4020612,-0.71324533,0.48659134,0.07580071,0.42630082,-0.12877834,0.2811042,-0.09878486,-0.14202362,-0.51253134,0.005479195,0.08120584,-0.11064677,0.9895859,-0.24586053,-0.25800803,0.33880013,-0.343709,0.08613884,0.045404773,0.14055228,-0.09770574,-0.37883335,0.4428538,0.42291394,-0.5223206,-0.029946458,0.1180751,0.095250934,0.07892926,-0.18020271,-0.060484614,0.074459456,-0.3995939,-0.05725648,0.26543295,0.21659851,0.66707003,-0.329762,-0.30811766,0.3676311,-0.24028106,-0.19511105,-0.04050066,0.042833928,-0.12521653,-0.62585527,-0.36324272,-0.3187701,-0.021363432,-0.15703629,0.015345483,0.07402942,-1.4145875,-0.366362,-0.31397885,0.28627706,0.36219683,-0.22477117,-0.2038795,-0.56463206,-0.4484968,0.28174642,-0.03311247,-0.5496856,-0.5043637,-0.030751266,-0.16862541,-0.43752724,0.4658125,0.18101595,0.016599063,0.23274708,0.208154,-0.030637827,0.018708283,0.5106019,-0.4857,-0.071666576,0.21080662,0.085334234,-0.03483654,0.58309674,-0.30670983,-0.18026106,0.14148052,-0.3399763,0.13734475,0.10992936,0.06336211,-0.035773043,-0.08732113,-0.5114508,-0.15806931,-0.4350258,-0.1502552,-0.18915567,0.6903871,0.0015079047,-0.2517787,-0.7546236,0.042335592,-0.31001756,-0.85900635,-0.48493493,0.09417761,-0.076924734,0.05666859,-0.19380535,-0.25920612,-0.5044461,-0.23346025,-0.030366821,-0.5573133,0.07165848,-0.19789886,0.15019679,-0.051320326,-0.047771014,0.014171803,0.16917604,0.36050466,0.22398047,0.052887164,0.25169238,-0.26637557,-0.11816844,-0.04533952,0.17598097,0.11185338,-0.6920981,-0.7795265,0.33158422,-0.25239456,-0.024584685,-0.21851936,0.17441498,-0.6018191,-0.38200873,-0.6675849,0.42052436,-0.11752187,-0.082775906,0.34553593,0.10350667,-0.011760485,0.05307292,0.18826717,0.06726683,-0.10567078,-0.2742545,0.20293501,0.07518155,0.23181601,-0.1616829,0.3953213,0.5466699,-0.5413541,0.029058456,0.7257892,0.3214012,0.15531538,-0.08639159,-0.12700781,0.24017346,-0.254732,-0.014965186,0.37609282,0.17431524,0.017502822,-0.5671042,0.427371,0.010595803,-0.3725263,0.16941565,-0.36553815,0.4477109,0.15046968,0.19351694,0.39495432,-0.5586553,-0.07439432,-0.5400375,0.06850617,0.021949535,-0.067587525,-0.024199102,0.15771738,0.5439713,0.1073559,0.057120074,-0.3911697,-0.4446745,-0.21360883,0.49097317,-0.23345163,-0.25028098,-0.24096225,-0.6946717,0.13988997,-0.09196314,0.109621435,0.025215603,0.07401341,0.04908018,0.10611695,0.44607857,-0.07566833,-0.10887316,-0.20925005,0.095553726,-1.5358745,0.28836772,-0.14372854,-0.2417988,-0.30359682,0.008827794,-0.19924922,0.22203289,-0.22605903,-0.6531802,-0.93074745,0.13340086,-0.76124924,-0.039670195,0.06521264,-0.16227755,0.024267597,-0.25135463,0.2927062,0.39002496,-0.23648185,0.12627082,-0.4560598,0.10943131,-0.21847084,-0.15621802,-0.18532428,-0.28296453,0.3342293,-0.50884074,0.49421436,-0.006781252,0.12590054,0.1645699,0.5413334,0.18593426,0.14623289,-0.11588359,-0.33356857,-0.14443995,-0.24912232,0.20076989,0.1639736,-0.03528319,-0.39185145,-0.47357002,-0.45881692,0.3441767,0.027706036,-0.5584843,-0.14393625,-0.13353753,0.23217365,0.3920486,-0.23516871,-0.13413739,0.037614025,-0.017359775,0.17650926,0.23394209,0.4363542,-0.67739904,0.30604407,-0.5620582,0.5407511,0.49825904,-0.37171423,-0.075791135,0.18491113,-0.2575006,-0.19561933,0.853881,-0.023505304,0.0006773365,0.4469246,-0.07811289,-0.10811115,-0.29513064,-0.14923117,-0.47726074,-0.09544756,0.50313455,0.6347241,0.02166182,-0.5221065,-0.46109876,-0.44899422,0.036109917,0.043183666,-0.280679,0.2355208,0.8045085,-0.2549524,-0.08009142,0.30469668,-0.1210119,-0.24345547,-0.009118088,-0.0646276,0.23436712,0.108905345,0.27485374,-0.012599085,-0.12544383,-0.10762723,-0.23093648,-0.13828318,-0.5603706,0.24880053,0.4011527,0.2568515,-0.041494858,-0.14607215,0.1192756,-0.044388104,-0.17359488,0.32760623,0.6301702,0.75419253,0.09221577,-0.43268546,0.050509464,-0.3221944,0.17954016,-0.10321669,0.07220007,0.18951479,0.23965082,0.50226897,0.2704546,0.12934676,-0.07639406,-0.556792,0.11023587,-0.09847627,0.20415911,0.34146824,-0.08590412,-0.06972319,-0.15693407,-0.4535927,0.122981615,0.42297325,0.1492918,-0.058358356,-0.13133629,-0.22446805,-0.27276507,0.0908626,-0.3831603,-0.32768777,-0.1578325,-0.042650465,0.15496972,-0.2166597,-0.16984236,0.19725895,-0.14384566,-0.10273413,-0.40486825,0.54757947,0.049839143,0.10773173,0.027664842,-0.19298671,-0.20119679,0.04040868,0.44520947,0.11233599,-0.12841862,-0.5020533,-0.45507994,-0.5135356,0.2717157,-0.12694125,-0.28122768,0.47079623,-0.56679,0.05065496,0.368966,0.13322519,0.017532883,0.61133367,0.1342679,0.10230028,0.5239786,0.049104508,-0.18907729,0.14724164,-0.18527503,-0.44589904,0.13946481,-0.16119052,0.0043514203,-0.06362537,-0.41585088,0.07776069,0.09565651,-0.30849686,-0.21846595,0.2633267,0.6724161,0.061547007,-0.6210846,-0.009930731,-0.3646318,0.1171951,0.10195396,0.24245897,-0.24184215,-0.0033857778,0.20712891,0.18937717,-0.16634211,0.30963337,0.10436505,-0.077352,-0.57665074,-0.7467565,-0.49015328,-0.3746911,-0.20343547,0.1685067,0.09327347,0.1899878,-0.4704783,-0.6002518,-0.0009420113,-0.13654077,0.425,0,0,0,0,0,0,0,1,0,2,0,0,0,0,0,0,0,0,0,0,0,0,0,0.0,0.0,0.0,0.0
0.41135287,-0.35044438,0.9702013,-0.31819904,0.18484363,-0.65389,0.51306826,0.8566984,-0.01902494,-0.5497426,0.17346857,-0.14412858,0.17082031,0.4729102,0.034763347,0.5831416,-0.3369292,-0.05193337,0.4674287,0.17662807,0.6971592,0.2770897,-0.031059466,0.21015449,0.28084356,-0.11488421,-0.40432757,-0.11527249,-0.40211427,-0.016550606,0.5081799,-0.18794896,-0.12198342,0.31979245,0.119633295,-0.5984261,0.15944804,-0.016782636,-0.17158876,0.15260997,-0.083798446,-0.68100214,0.71526575,-0.3393115,0.05758407,0.016397776,0.25090733,-0.4657367,0.30265942,0.1298544,-0.5887298,-0.00913109,-0.19722484,-0.031786013,0.40817112,0.106896125,-0.06408818,-0.89812815,-0.8286849,-0.07089549,0.36305287,-0.6145881,-0.3400788,-0.5943197,-0.23322515,-0.44529203,0.68129027,-0.49716723,-0.29410684,0.53850347,-0.19184677,-0.03799509,0.82816106,0.45602113,0.24802673,-0.25667015,0.15207525,0.6044527,-0.15517816,-0.59784037,-0.09235196,0.3750779,0.22524413,-0.18536681,0.12286928,0.41010964,0.33093417,0.31514823,-0.5807868,0.48728007,-0.015276857,-0.4238766,-0.5268303,-0.18226467,0.6445633,-0.7628052,-0.12280412,0.12644453,-0.3007626,-0.21580142,0.84853154,-0.47121802,-0.30178183,-0.4899363,0.11663045,0.09635873,-0.036137056,-0.116577126,0.73432994,0.14199969,-0.2907568,0.080899164,-0.01806417,-0.16705316,0.18411985,0.2847618,-0.31353512,0.004390539,0.21113232,0.1555742,-0.62352854,-0.096072085,0.08972084,0.16215439,-0.06644171,0.49422482,-0.17008558,-0.7483647,0.37147346,-0.22396408,0.33777976,0.019127632,0.14528903,-0.48099774,0.19557784,0.26405704,0.24507974,-0.45221683,-0.4477639,-0.40578395,-0.10210987,-0.17898948,0.6351575,0.44088528,0.011891511,0.05820984,-0.31572244,-0.28372312,-0.35740706,0.0549741,-0.5895102,-0.12346251,-0.7366459,-0.1287723,-0.7524675,-0.3807932,-0.92479706,0.40790507,0.1366562,0.1108616,0.28864303,0.15928441,-0.402891,0.49279106,0.17174831,0.470297,0.38072968,0.48156375,0.24411206,-0.38970646,0.12985778,-0.40574318,0.331264,-0.14843588,0.0204732,-0.023880206,0.2553088,-0.047274917,-0.028261254,0.2087211,-0.410896,0.053154197,-0.32504976,-0.5805107,0.10223764,-0.13156563,0.4320866,-0.15259744,0.26557636,0.34540862,-0.24384609,0.07819574,0.048843037,-0.064383246,0.38519692,-0.53372943,-0.27695912,-0.33658236,-0.24885489,-0.25328812,0.41424215,0.16149485,0.12772255,-0.10499792,-0.38680372,0.5530102,-0.34125745,-0.14643486,-0.16511601,0.21594179,-0.42529812,0.90928316,0.02436626,-0.09380381,0.026757183,0.23787989,-0.13894185,0.1369597,-0.11068065,0.29785293,-0.037896253,-0.07154065,-0.9831958,0.35168812,-0.057713326,0.5578863,-0.34440356,-1.0718217,0.6177227,0.43444252,-0.6590111,-0.5437639,0.48314518,0.29581413,0.18827991,0.6909216,-0.5715781,-0.6281598,-0.03559617,0.08731579,-0.1991754,0.021604707,0.801342,0.31290734,-0.25013235,0.65049475,-0.6991423,-0.4331078,-0.016423797,-0.36516467,-0.49080798,-0.08350736,0.07721867,-0.3346947,0.49701115,-0.28097358,-0.21378444,-0.7469224,-0.38279247,-0.15236042,0.21915644,-0.35216835,-0.0052485657,0.1111098,0.092853874,0.074554704,0.4967267,0.4185705,0.2728027,0.43899155,0.51587903,-0.46613353,0.09669778,0.6249932,0.35040542,-0.18911082,0.274428,-0.06924638,0.32913303,0.28587857,0.37975684,0.691654,-0.090582915,0.06100128,-0.2698986,-0.54601496,0.18425016,0.021303512,-0.10194403,-0.40317443,-0.52997965,-0.16741195,-0.31164128,-0.59096336,0.49783516,0.08742109,0.4656329,0.3384642,-0.5603707,-0.516288,-0.06113092,-0.14689673,-0.031565722,-0.26479355,0.20466232,0.39781392,-0.29912463,-0.12275593,-9.085887,-0.017560666,-0.044716768,0.021503584,-0.11670863,0.26639825,0.2881885,-0.18244994,-0.18723626,-0.007308898,0.040156506,-0.15600584,0.3788651,-0.2966486,-0.14017613,-0.39866284,0.61091554,0.053886622,0.19429739,0.49292848,-0.4523655,-0.12596297,0.61684024,-0.577383,0.13863233,0.34659615,-0.15828128,0.056087986,-0.2044765,0.028174698,0.07725616,0.008497,-0.06258739,0.5866019,-0.388058,0.47295406,-0.38545573,-0.6226169,0.42673272,0.21653797,0.37080953,-0.39248532,-0.39263594,-0.22624712,0.87497383,-0.47984698,0.093067,0.054003473,-0.15522762,0.07216522,-0.15813456,-0.3244656,0.43175763,-0.6252526,-0.4594408,0.17578724,0.39109853,1.0486959,0.031306967,-0.99550104,0.09996912,-0.75718415,-0.40614074,-0.09301074,0.20048912,0.11648453,0.5020191,-0.49711168,-0.4560603,-0.38920724,-0.019914843,0.22567183,0.3915306,-1.0994638,0.004766682,0.40259197,-0.49417174,0.43484116,-0.012690058,-0.35055375,-0.55110806,-0.41606,-0.15320893,-0.035174835,0.10804878,0.29899505,0.37498963,-0.10643438,-0.8425165,0.03711866,0.13163082,0.3410083,0.18237504,0.38962814,0.16684395,0.19955224,0.77411187,-0.49876392,-0.3365306,0.009856851,-0.5498335,0.5487358,0.47747326,0.26024753,-0.4308537,-0.13355157,0.066962816,-0.18490227,-0.19507618,-0.2016407,0.16477542,-0.1953275,-0.02571789,0.25355387,0.04514909,-0.33781895,-0.37663582,0.038732644,0.11996074,-0.8545259,-0.19361563,-0.035111073,-0.6839934,-0.3362878,-0.05641264,-0.037379168,-0.42220575,0.17352599,-0.36948723,0.12335215,-0.053100806,-0.0947911,-0.24452102,0.4915137,-0.5695015,0.03704989,-0.05227828,-1.2214526,0.08241834,-0.012270728,0.031458843,0.95713156,0.00841769,0.31747055,-0.20967557,0.53408223,-0.56270117,0.00026649534,-0.39720818,0.5364254,-0.61366576,-0.6279902,-0.08597519,-0.31712973,-0.07879081,0.55766916,0.21197802,-0.2709797,-0.022850357,-0.3805768,0.21795103,-0.35204822,0.11993214,0.49284142,-0.3696138,0.35138398,-0.6567765,0.07506409,0.4727162,-0.42205116,-0.10889841,0.6923727,-0.36489338,-0.004189884,0.46511272,0.2962311,-0.13909677,-0.4923357,-0.19595866,0.105796106,-0.28480145,0.02102655,0.46173573,-0.20052874,-0.16641217,0.74781793,0.25581336,-0.28605282,0.33106503,0.49424598,-0.75345665,0.6595887,-0.21175636,-0.38016284,-0.025185183,-0.6985569,0.58673346,-0.18139896,-0.053212143,0.42611393,0.11151156,-0.3301085,-0.37129468,0.10399787,-0.2754568,-0.068565056,0.10069869,0.41714278,0.07375958,0.09731117,0.10980116,-0.19229944,0.16485645,-0.54472524,0.011470374,-0.34660327,-0.09602037,-0.26893628,-0.7936962,0.56618434,0.05769348,-0.15534411,0.37050632,0.111843556,-0.65542066,-0.12593149,-0.16468929,-0.1799218,-0.021645432,0.05368948,0.376761,-1.161664,0.48717102,-0.0829998,-0.08245612,0.15644,-0.18745045,-0.56619674,0.5137665,0.034196552,0.027240671,-1.0584484,-0.05426962,-0.1668132,-0.5939474,0.20284405,-0.7531131,0.4104845,-0.30401862,0.26058152,0.21588925,0.02587036,-0.1973779,-0.48312038,0.24670629,-0.7717811,-0.7134871,0.35071522,-0.04758745,0.026506627,-0.49276116,-0.09135303,-0.11969215,0.018508522,0.12665893,-0.33474526,0.19527942,0.36446273,-0.3461767,-0.27913898,-0.23767374,-0.0490699,-0.12683332,0.15029766,0.35481423,-0.05727599,-0.54073405,-0.36699468,0.10509148,-0.21037836,0.013493622,-0.20051043,0.07313579,0.2167272,0.1914613,-0.65346766,-0.5855357,0.18623699,0.09047775,0.08958599,0.23427287,0.13427562,-0.688777,-0.005742209,0.65599585,0.5148429,0.67543274,-0.33902133,0.081270665,0.1638461,0.1785087,0.08206762,0.055166144,0.057942558,-0.5014603,0.34067088,0.24271041,-0.056722455,0.21959767,0.5418206,0.02694954,0.25148466,0.39828464,0.566869,0.08047776,-0.52794397,-0.6666208,-0.30455926,-0.17070514,0.46060315,0.172339,0.23205574,0.6137317,0.09685187,-0.7442164,0.29519024,-0.20453173,-0.30599782,-0.22759876,0.52816385,-0.19546497,-0.2488827,-0.34890327,0.31035092,0.12347476,-0.4023209,0.09603856,-0.49004027,-0.08571494,-0.13411409,0.16090536,0.39028412,0.53248006,0.22755173,0.19849592,-0.31645265,-0.13038461,0.42733642,0.35404816,0.23404242,0.23166549,0.15607494,0.3804591,-0.2055106,0.321155,0.14742841,0.12716895,0.047188945,-0.19375591,1.1916848,0.71895164,0.0130525865,0.08575837,-0.23660202,0.16175385,0.26393205,-0.029716192,0.26296476,0.07649203,-0.18418723,0.2088027,-0.106111854,-0.019734524,-0.39615953,-0.5205186,0.34162086,-0.2645609,-0.5020322,0.18968439,-0.452016,-0.028339278,0.14475828,-0.5772125,-0.03665127,0.36363083,-0.5987747,-0.72105765,-0.23509474,0.10959339,-0.09948244,-0.41416004,-0.2250312,-0.19827713,-0.21354674,0.64467,-0.20624608,0.082018375,0.19917905,0.7208743,-0.2872475,-0.09873645,0.047411557,-0.010150006,0.20282193,-0.33295798,-0.40932882,0.06643669,0.3775452,-0.36012012,-0.69936645,-0.14699648,1.0506985,-0.1178068,0.78041595,0.018686349,0.025993371,-0.20154661,-0.099986814,-0.5939674,-0.64805186,-0.46592006,-0.47003716,-0.06627216,0.13361415,-0.013258129,-0.97330874,-0.29294008,-0.43763855,0.23999692,0.09945106,-0.027028576,0.627986,0.43943313,0.29297334,-0.14455487,-0.26782617,-0.022697153,-0.011070613,0.4977857,0.33506963,0.03455266,0.37044853,0.3571245,-0.107061125,0.023525499,0.295963,0.12041178,0.33066285,-0.20703134,-0.38429016,-0.16887812,0.116207525,0.15250619,-0.57945025,-0.3316067,-0.011135596,-0.001464859,-0.48246303,0.35588074,-0.3083982,0.45999999999999996,0,0,0,1,0,1,0,1,0,4,0,3,2,3,8,2,0,0,1,0,0,0,0,1.7000000000000002,0.0,0.0,0.3
0.2809187,0.23469836,0.7744116,-0.35796902,0.59712887,0.019558426,0.08896157,0.27873695,-0.29808202,-0.21158504,0.15837525,-0.04929665,0.32372668,0.55804515,0.18872814,0.656734,0.24514008,0.13684598,-0.11552093,0.183702,0.2628153,0.262226,-0.13044271,0.08762881,0.040373225,0.47413003,-0.09728445,-0.45234057,-0.379385,0.21121088,0.25572053,-0.29789576,-0.09141291,-0.33460304,-0.7709681,-0.25939274,-0.096295364,0.05699384,0.4460352,0.08776017,0.31208837,-0.37050143,-0.040172156,0.04812464,-0.051090278,-0.18535295,-0.102817185,-0.5563158,0.33497798,-0.5680334,-0.8710953,0.21984221,-0.11710704,-0.66409194,0.008771326,0.371629,0.49265355,-0.23894371,0.015219309,-0.11195615,-0.5381963,-0.2767883,0.16033956,0.1214756,-0.63418937,-0.39017197,0.21834812,0.15947446,-0.64500326,0.09171884,0.19096833,0.06327862,0.6826992,-0.188734,-0.02264949,0.13393842,-0.2646785,0.44668403,0.042045232,-0.3448106,-0.11526502,-0.2981486,0.6347428,0.49278066,0.66463584,0.0421315,0.29054195,0.038834438,-0.49109855,0.92291486,-0.25587147,-0.29605064,-0.3240534,0.01771098,0.4332778,-0.5757448,-0.6838442,0.07010941,-0.03145699,-0.30054966,0.5793927,-0.5897381,0.27526805,-0.26435626,-0.07914896,0.0048342003,-0.23469757,-0.03181232,0.15848745,-0.1202934,0.48730755,0.04464428,0.33026242,-0.6269074,0.4307924,0.1349625,-0.4001285,0.5726926,0.3566399,0.12214459,-0.36444214,-0.18657768,0.2792291,0.25920343,0.2962303,0.08594677,-0.10782279,-0.029068317,-0.10122157,0.2106575,0.59645724,0.40039608,-0.20709926,0.06412797,0.019746276,-0.17391947,0.09275511,0.03862022,-0.14829418,-0.42295521,-0.21875958,-0.18724993,0.39590368,0.31799087,0.5386621,-0.22610615,-0.42556968,0.18346791,0.03239174,0.44059756,-0.08726897,-0.14746688,-0.14928025,-0.33185753,0.16145515,-0.30422595,-0.8520004,0.07722477,0.16543749,0.6709184,0.17585252,-0.15347047,0.3488308,-0.15850079,0.4107067,0.06634948,0.53038836,0.33671683,-0.08160572,-0.37234932,-0.047947217,-0.4840206,0.7380614,-0.20949684,0.2673606,0.13993928,0.16289222,-0.42432418,0.17512791,0.81369746,-0.5802158,-0.16228217,0.18947805,-0.19244196,0.5032284,-0.24447243,0.6425323,-0.9769194,0.5002307,0.09062801,0.26008403,0.16602054,0.07280877,-0.3354231,0.42185143,-0.18884711,-0.048069295,-0.43688512,0.53542566,-0.1209668,0.10226543,0.43504417,-0.007499173,-0.4443977,-0.19587244,0.7729879,0.061107516,-0.09993161,-1.1925895,-0.007876793,-0.4057852,0.46653643,-0.55084634,0.095755264,0.011762646,-0.07068853,0.30506286,-0.22548218,0.021691758,0.12449604,-0.7754677,-0.5273494,0.08232431,0.01652564,-0.43383613,1.3722645,0.31434113,-0.8986993,0.8028166,0.115119696,-0.017344404,-0.5069109,0.18257064,-0.3421694,0.38665012,0.5371323,0.041562077,-0.30658898,-0.07134891,0.432872,-0.6874611,0.2960149,0.48311198,-0.21485487,0.09925944,0.51388407,0.13411193,-0.7271041,-0.3054165,0.20957474,-0.3268454,-0.10234766,-0.073433675,-0.22891325,-0.3334192,-0.47845733,0.011596557,-0.5993645,-0.2568024,-0.05246779,0.3600426,-0.032292593,0.040061217,-0.5471548,0.25265026,-0.45031306,-0.4382821,0.47252533,0.6412991,0.041471057,-0.35461503,-0.08737967,0.043998286,0.17438048,-0.43873546,-0.5007855,0.4525137,-0.32544014,0.5055596,-0.48724163,-0.19231197,0.11301225,-0.34531543,-0.04175265,-0.07071257,-0.52451354,0.60947835,-0.17135768,0.14893736,-0.38372612,0.24043208,-0.029949807,-0.5721377,-0.20296738,0.98238677,0.091913566,-0.27124265,0.68940824,-0.59046537,-0.35932556,-0.3517178,0.28344983,-0.008809414,-0.23244245,0.045818467,-0.561348,-0.62702274,-0.027245248,-9.896819,-0.33470634,-0.103858605,-0.11972132,0.4417635,-0.19320683,-0.28499755,0.27741054,-0.5999865,0.24199554,-0.13830459,-0.2826195,-0.22663595,-0.6178675,-0.10794884,-0.22586203,0.6471478,0.30157372,-0.5495637,0.26462182,-0.5471277,-0.3089949,0.9472242,-0.014342002,0.8814733,0.41037166,0.044277854,-0.39630508,-0.12167898,-0.032340847,-0.57180864,0.20383269,0.13472402,0.9032833,-0.19853117,0.24505234,0.27347142,-0.6850357,0.06703465,0.081104845,0.06216971,-0.3787405,-0.4437575,0.4354738,1.0129881,-0.20027885,-0.7691343,0.0036825251,-0.09464083,-0.08348606,-0.19288786,-0.31985763,-0.19114809,-0.7046653,0.035150558,0.214115,-0.10202073,0.55454767,-0.061505575,-0.26941445,0.5629299,-0.23373581,-0.53393793,0.5838628,0.06286672,-0.4268807,-0.48839042,-0.026665084,-0.5429761,0.102621585,0.12290102,0.46098813,0.25397262,-1.0692757,-0.33812675,0.31482828,0.16125347,-0.3544076,0.038317762,-0.1051225,-0.7554904,-0.8388727,0.35149765,-0.06914356,-0.79670286,-0.4084422,0.026931204,-0.4143293,-0.13369837,0.6125545,0.06583021,0.37113076,0.20652963,0.29496196,0.10198181,-0.10400704,0.7284276,-0.34393302,-0.1017389,0.40224752,0.013087763,-0.07310866,0.8806741,0.09311912,-0.6242661,0.20890047,-0.6925555,0.15510236,0.039375436,-0.14440851,-0.17742094,0.13956487,0.0532303,-0.06150134,-0.27454334,-0.517094,-0.2970871,0.68358004,-0.56988543,-0.6933014,-0.6047369,0.6183679,-0.13469626,-0.5677648,-0.2367361,0.22645088,0.17782043,0.007433704,-0.21249561,-0.3163927,-0.25176132,-0.0864641,0.13841201,-0.8056004,-0.3743264,-0.14597473,-0.16532373,-0.40475392,-0.57667494,0.55944747,0.6478698,0.0670933,0.40955812,0.18375236,-0.17011021,-0.2692121,0.009270303,-0.20648745,0.18184683,0.49272016,-0.25327832,-0.63862765,0.41516766,-0.74217343,0.70334125,-0.18679304,0.43470162,-0.696303,-0.24105275,-0.48391327,0.57300806,-0.12206028,-0.04801374,0.098892786,-0.20913874,-0.08343068,0.017883644,-0.06994417,-0.030420005,-0.50239164,0.19182022,0.46652168,0.26100174,0.26740795,0.06146754,0.18063475,0.57138747,-0.53691137,0.011440136,0.396196,0.3803725,0.43968156,0.08468857,-0.23419982,0.107672386,-0.4186017,-0.08088537,0.64845175,0.4540836,0.17971092,-0.64797705,0.2639786,-0.10646036,-0.21625389,-0.35494244,-0.2529106,0.3170931,0.6812428,0.19598804,0.67391616,-0.15030076,-0.2227376,-0.25582677,-0.21099645,-0.021938438,-0.08531713,0.40359533,0.2995293,0.5647412,0.24971385,0.3529514,-0.6135703,-0.75455254,-0.16940089,0.42137256,-0.4779606,0.097513124,-0.40222633,-0.6897197,0.08597927,-0.08541137,0.06342319,-0.6958438,-0.28893414,-0.1964961,0.057825375,-0.019483447,-0.20881203,0.25738046,-0.09820944,0.19619204,-2.0784407,0.3772413,-0.21100493,0.101734124,-0.39330253,0.1170958,0.2526042,-0.3065848,-0.44086152,-0.5710689,-0.6547598,0.27738196,-0.44112614,0.16508609,0.27898622,-0.111855134,-0.38633984,0.020842314,0.22074732,0.68417597,-0.5583664,-0.21017677,-0.5279033,0.13482498,-0.5254925,-0.12092522,0.12993613,0.0036170438,0.529096,-0.26132098,-0.3835862,0.04496597,-0.114395685,0.029311819,0.13858007,0.43487492,0.28749457,-0.20685734,-0.29069355,-0.5244507,-0.62420136,0.079615526,0.23674986,-0.27191806,-0.37825447,-0.68373644,-0.4893823,0.51187235,0.023632774,-0.033375803,-0.13571009,0.21156524,0.40568703,-0.1823964,-0.29299858,-0.52100897,-0.015792273,0.3362502,0.16983357,0.24734592,0.45848352,-0.73063433,0.11970663,0.24026754,0.42968315,0.44468522,0.07723993,-0.09758293,0.5157796,-0.13012637,-0.19746035,0.41448507,0.25978377,0.15226017,0.2730987,-0.11312717,0.04201864,-0.6586953,-0.011832877,-0.8094226,-0.15777254,0.1334043,0.21586305,-0.13733964,-0.3000888,-0.21504885,-0.18554245,-0.21239984,0.16715977,-0.13662997,0.21716513,1.223816,0.09642029,0.32803616,0.18509676,0.29879048,-0.035386276,0.20984896,0.36113784,0.1568979,0.4461094,0.238479,0.19278985,0.021537464,-0.36938503,-0.054859433,-0.38192227,-0.18693353,0.18655653,0.051936213,0.36189246,0.14378726,0.14848043,0.12191431,-0.4702803,0.21779758,0.25387117,0.13312107,0.44155002,-0.2301433,0.042983696,0.13470167,0.015937317,0.889016,-0.12001706,0.15148832,-0.25721535,-0.121442705,0.58883667,0.30279675,0.14821626,0.63902885,-0.3985883,-0.16922875,-0.17454235,0.13504271,0.4285955,0.022130776,0.06306168,0.20446669,-0.58896464,0.31960145,0.29784602,-0.3248245,-0.0918205,-0.011224807,-0.20576505,-0.49483976,0.023363099,-0.05687165,0.35182086,-0.27657932,-0.28069118,0.045394544,-0.46008578,-0.14664276,0.023820622,-0.4434111,0.15975851,-0.05823257,0.3380017,-0.21420111,-0.31877077,0.28461432,-0.32721373,0.07035448,0.12252619,0.60875475,0.15267605,0.26158214,0.028419338,-0.21825457,-0.3102777,0.18761432,-0.079623915,-0.48143637,0.29295102,0.0008970246,0.09122269,0.33446106,0.21795182,0.030825052,0.51708084,-0.1055856,-0.08441728,0.27847564,-0.07982423,-0.6816211,-0.21859305,-0.33893073,-0.4605614,-0.026836624,0.28019735,0.060430937,-0.19463421,-0.31928405,-0.3781571,-0.050015982,-0.3131284,-0.0860169,0.28091604,0.4145491,-0.50215375,-0.63813096,-0.18739974,-0.25147605,-0.2329943,-0.1645966,0.18649246,0.43805534,-0.2030152,0.42442188,-0.17660435,-0.3225466,0.25806683,-0.17076758,0.21974507,-0.57991016,-0.5111806,-0.67480636,0.02728685,-0.6611303,-0.076226294,-0.18865965,0.35177028,-0.40398356,-0.3341867,-0.018715404,0.3710022,0.0,0,0,1,0,0,0,0,0,0,0,0,0,0,0,1,0,0,0,0,0,0,0,0,0.0,0.0,0.0,0.0
0.29839084,-0.27141574,0.630945,0.21479237,0.7447592,-0.018664809,0.097861074,0.7314259,-0.3004153,-0.06944965,-0.13564521,-0.01141859,0.12851238,-0.08994728,0.35223252,0.3835911,-0.35594147,0.26550242,-0.09329227,0.21506731,0.15811588,0.044440784,0.082881175,0.05055974,0.6472377,0.24197218,0.13946782,-0.22774732,-0.8621297,-0.5285148,0.39411288,0.39121896,0.46214336,-0.205312,-0.25690156,-0.60859513,-0.19032049,-0.18485962,0.317946,0.5653338,-0.114556074,-0.3223434,0.28752828,-0.37162417,0.05876838,0.37541848,-0.08092869,-0.5999204,0.32515153,-0.2748587,-0.72143286,-0.1584338,-0.025226988,-0.073561065,0.30745,0.261519,0.068578616,-0.31960478,-0.69420886,0.30747038,0.055358004,0.25306058,-0.12053132,0.08279752,-0.34856138,0.05432418,-0.024250753,0.6911765,-0.84530157,0.0010184922,0.038102333,0.26333657,-0.0732219,-0.18037836,0.27783382,0.28260344,-0.626879,0.49898377,0.18153246,-0.15268399,-0.054155193,0.34636322,0.7112226,-0.031012211,0.5784928,0.2294171,0.0011115874,0.11488001,-0.24933338,0.617173,-0.019673515,-0.08463479,0.034661997,-0.16890539,0.65748835,-0.5257274,-0.4886407,-0.30892247,0.21960519,-0.4327616,0.3545848,-0.18509272,-0.055000324,-0.52107257,-0.12860304,0.27344123,-0.5164749,-0.4772982,0.3195859,0.46178642,-0.14970432,0.32441422,0.044970125,-0.40097103,-0.40523097,0.17515348,0.0011546385,0.26201484,0.26830813,-0.27791306,0.051626004,0.658099,0.030410718,0.11331001,0.36494958,0.33952045,0.09227087,-0.27032304,0.11400017,-0.2512144,0.40138596,0.17533155,0.2838427,0.016105568,0.19614436,0.009996737,0.084046796,-0.3357524,-0.3100405,-0.42122573,0.02354279,0.034433223,0.26376897,0.29220378,0.44834235,0.22509493,0.033408772,0.028979776,-0.2521887,0.0017617041,-0.20010096,0.12780845,-0.3332007,0.105756454,-0.44824836,-0.32830003,-0.13381305,0.040656365,-0.037366103,0.053375516,0.5122242,0.22109726,0.184691,-0.079789914,-0.08563614,0.21124329,-0.18966886,0.35060856,0.12355007,-0.7805072,0.029316172,-0.46690482,-0.060671583,0.25150868,0.12839039,0.26466852,0.21246405,0.09274296,-0.16957647,0.24874453,-0.5404579,-0.14948907,0.26551527,-0.18708742,-0.20938921,-0.25571033,0.30520505,-0.7272221,0.82051736,0.23051889,-0.69373167,0.107377365,0.2204183,-0.35502526,0.67794883,-0.5603263,-0.38255024,-0.3882404,0.20718077,-0.20237882,0.6600425,0.16446891,-0.16763873,-0.51004165,-0.62717634,0.3038903,-0.5785753,-0.435633,-0.3041872,-0.25664207,-0.4785881,0.14857101,0.19268432,0.29124856,0.21779387,0.051332615,-0.00065908325,-0.36298352,0.019697469,0.2589921,0.08336966,-0.36397985,0.63809085,0.14474905,-0.35203004,1.0742593,0.004842232,-0.17611797,0.59974897,0.46459216,-0.11765535,-0.16413489,0.08547087,-0.31338102,0.50617576,0.67680305,-0.49420193,-0.6965973,0.20187612,-0.24234764,-0.062383953,0.09684615,0.5501347,0.30304563,0.09115426,0.39624867,-0.38000557,-0.16298306,-0.064820364,-0.13278955,-0.058108658,-0.046831314,-0.5272388,-0.7169121,0.06743867,-0.24792488,-0.11231293,0.09042216,-0.52309036,0.030320285,0.41909096,0.27743113,-0.23398343,-0.22047412,-0.414517,-0.8444288,0.41439477,0.19255972,0.34181905,0.51447755,0.03596656,-0.36049163,-0.080008775,0.8082785,-0.055556856,0.040966913,0.38684422,0.23056437,-0.020942518,-0.046845842,0.08118014,0.043509766,0.008964261,-0.2171126,-0.14772294,-0.15055822,0.55437326,-0.32612118,-0.53700536,-0.084620774,-0.49820408,0.09173946,-0.62894964,0.044340182,1.1390696,0.42109835,0.014338545,0.48114815,-0.2588834,-0.07580516,0.2527269,-0.54058444,0.033365518,-0.2899571,0.111083195,0.15483381,-0.9702077,-0.77255267,-8.253036,-0.19083963,-0.7243689,-0.13083783,-0.12882686,-0.52730054,0.6126877,0.096579134,-0.1428744,0.15694265,-0.031283546,0.23182236,0.37136114,-0.5076438,0.21063906,0.5225377,0.8010195,-0.14902683,-0.40783203,-0.1664183,-0.5748961,-0.5169008,0.14193332,0.17199905,0.30542785,0.20032161,0.112607166,0.20260613,-0.10463153,-0.288871,-0.23273514,-0.35374883,-0.18424784,0.67301446,-0.09661898,-0.76412445,0.16144025,-0.25646383,-0.15238816,-0.1683338,0.15001239,-0.4309874,-0.07546085,-0.108599216,0.629875,-0.23459455,0.14253694,0.09442292,0.07011986,-0.07821876,0.006767467,-0.6399948,0.28539443,-0.3695624,-0.18181765,0.21688183,0.28317648,0.8444173,-0.16505805,-0.23935786,0.20195673,-0.5246446,-0.15188327,0.04736239,-0.28084812,-0.00666486,-1.051034,-0.59279597,-0.27409816,-0.092271574,-0.56594163,0.7686932,0.21449797,-1.093818,-0.10408735,-0.08782908,-0.03263886,0.34120014,-0.6662368,0.5428899,-0.6932148,-0.14157371,-0.057923883,0.1985257,-0.6536409,-0.4429974,0.45909142,-0.5332086,-0.5628558,0.13594954,0.29695264,0.23489815,0.26463613,-0.07528092,-0.08194818,-0.015046429,0.7997243,-0.58090866,-0.18015587,0.5696273,0.65583,0.16805978,0.39295876,-0.44975525,-0.6948853,-0.13385297,-0.8067777,-0.25032222,-0.059400912,-0.030193089,-0.19506018,-0.1485209,-0.35563344,0.01761558,-0.004803283,-0.023914391,-0.034136318,0.033228513,-0.03978268,-0.592077,0.030030098,-0.07640152,-0.07645445,-0.59017324,0.5037458,0.061073,-0.2111994,-0.1746496,-0.22772557,-0.615924,-0.10866231,-0.20854121,-0.16165781,0.23935014,0.20469044,-0.1314755,0.1320126,-0.02380756,-0.23304737,0.22105546,-0.18532564,0.40563798,0.028870242,-0.1468272,0.1349856,-0.08245016,-0.008582396,0.491525,-0.21795486,0.19745253,-0.62070817,-0.7685857,0.09149167,-0.19723247,-0.11284284,0.21371026,0.1451802,-0.29626706,0.0672366,-0.31221873,0.06074226,-0.07339882,-0.056717724,0.618414,-0.11038342,0.24694733,0.14550127,-0.0048306133,0.11528693,-0.11238954,-0.6401405,0.3182045,0.48432812,0.19108997,0.5481602,0.08337509,0.49381417,-0.6222391,0.43272743,0.6583084,0.0074112285,-0.3718898,-0.1771115,0.04711899,0.30815604,-0.34467256,0.03722888,0.36228693,0.4014185,0.13742858,-0.71886194,0.52249765,0.16234882,-0.7849851,0.49344155,-0.68715495,0.26426885,0.06790669,0.049077556,0.27095786,-0.017300837,0.023371875,-0.5686544,0.32473975,-0.6592392,0.23961298,0.24902044,0.11926651,0.12331441,-0.07250092,-0.39878613,-0.56625724,-0.021373322,-0.1649492,0.038812496,-0.012313847,-0.58196473,-0.3044169,-0.67183405,0.59649706,-0.1379813,0.2850242,0.31856677,0.34756392,-0.23725006,0.5310266,0.733096,-0.2545791,-0.379059,-0.060443588,-0.061771702,-0.9256384,0.25516832,-0.1266391,-0.10719018,-0.20572948,-0.3766164,-0.4786844,-0.6028681,-0.4271457,-0.4866746,-0.67039305,-0.15897354,-0.32737747,-0.887216,-0.16280898,-0.10812899,-0.050345767,-0.46473855,0.48645377,0.12026696,-0.37710038,0.24454668,-0.15318689,0.49661118,-0.7853513,-0.2278518,-0.40699673,-0.13199143,0.29448655,-0.11959588,0.52294534,0.2910664,0.4180149,0.11968836,0.20420855,0.3711816,-0.051792607,-0.045917593,-0.44072366,-0.23081034,0.2143849,-0.19432947,0.3676552,-0.13062976,-0.036707044,-0.36186534,-0.40331417,-0.25737518,-0.025043873,-0.7174897,-0.39997977,0.17506725,0.15428658,0.5695924,-0.53301346,-0.3353821,-0.19244324,0.23403217,0.6627372,0.2027629,0.53516626,-0.24274784,0.121239595,-0.3231843,0.1624181,0.56049615,-0.42027488,0.27607885,0.68966746,-0.09832993,0.3143709,0.8696983,0.014331017,-0.07300359,0.51414216,-0.26134908,0.12026327,-0.24384077,0.013855938,0.36805314,-0.19453402,0.7071585,1.0499555,0.021528134,-0.39210486,-0.7858451,-0.18526569,-1.0135734,-0.25218502,-0.39706412,0.41423362,0.5020289,0.032873984,-0.4039946,0.08532728,0.091742545,-0.11891257,0.054931432,-0.08791113,-0.17247777,-0.08388033,-0.11082104,0.3716736,0.19409522,-0.22417818,-0.40562552,0.060315415,-0.21142496,0.19981359,-0.13053693,0.45240542,0.026618106,0.4769568,0.110252574,0.38769054,-0.61012536,0.21269183,0.38165635,0.32965085,0.41701016,-0.092919104,-0.5108107,0.4877442,0.52452374,-0.33578536,0.5850822,0.18257202,-0.06654057,0.17013699,0.161188,0.32341048,0.024134893,-0.6790169,0.021207483,0.06924169,0.66895247,-0.10910607,0.07340911,0.078690425,0.26681522,-0.05268649,-0.18394493,-0.13257708,-0.016011108,-0.16842835,0.290146,0.03211481,-0.44219467,0.35274407,-0.1191323,-0.45857075,-0.4136961,0.17043759,0.2719897,-0.45562732,0.40211654,-0.3283731,0.07714328,-0.7585793,-0.29939103,0.027526824,-0.070653796,0.07968041,0.09292333,0.12235325,-0.2556983,0.10504369,0.5119818,0.06863852,0.09716967,-0.2655695,-0.24380913,0.26348624,-0.00913581,-0.09151891,-0.20214203,0.19418435,-0.6965503,-0.30103818,0.3195648,0.362442,0.01916115,0.45892972,-0.008757555,0.16461875,0.7086071,0.054577436,-0.27533305,-0.47080195,-0.05959037,-0.36685374,0.2995864,-0.10183618,-0.1558368,-0.55948997,-0.38912868,0.17188306,0.005968318,-0.514028,-0.18146002,-0.11429419,0.6987059,-0.13423641,-0.24493748,-0.311638,-0.62130505,0.4818972,0.57654077,-0.13950247,-0.64238185,-0.26351118,0.061924744,0.0019156012,-0.19118647,0.09775912,0.11593322,-0.32353643,-0.9070506,-0.33369544,0.18319342,-0.25625312,-0.43962058,-0.1372152,0.17137697,0.15216921,-0.53931606,-0.07974363,-0.16104782,0.17558138,0.0,0,0,1,0,0,0,0,1,0,1,0,3,0,0,0,1,0,0,0,0,0,0,0,0.4,0.0,0.0,0.0
-0.023887182,-0.16020128,0.82845044,-0.35134754,0.51870066,0.04653367,0.32510176,0.5191576,-0.12435848,0.023457045,-0.034330588,-0.08307075,0.04235678,0.328507,-0.029409964,0.4874694,0.13356684,0.5255475,-0.28408396,0.28082305,0.5651502,0.09896283,-0.5917376,-0.2238545,0.3281134,0.2842682,-0.4312604,-0.3247773,-0.39564297,0.018500298,0.3619028,-0.118715726,0.101902716,-0.29907984,-0.41549405,-0.4130686,0.073110916,0.2694025,0.3370401,-0.020565894,-0.18538868,-0.35112473,0.7761473,-0.2655251,0.06932671,-0.33228862,-0.047336474,-0.52937806,-0.11029772,-0.62595046,-0.74778694,0.005930503,-0.40372017,-0.6591296,-0.09636705,0.6963501,0.6416914,-0.77702445,0.11839025,-0.04788121,-0.46689206,0.0055251126,0.36526275,0.21297371,-0.36452973,-0.38983592,0.13097873,0.3291555,-0.6921602,0.7194084,0.14034836,0.42564029,0.7475463,0.13751249,-0.19565631,0.18484823,-0.21281353,0.5067878,0.14085658,-0.050424684,-0.30162227,-0.29843888,0.47991475,0.22509992,0.6922109,0.09607219,0.3908904,-0.087124765,-0.63658476,1.0930965,0.08595875,-0.22305074,-0.34422848,-0.11409528,0.54044384,-0.5873882,-0.7386478,-0.25601396,0.15155677,-0.19390884,0.5086421,-0.7588988,0.3507341,-0.026556807,-0.32395947,0.13804264,-0.38215068,-0.01587157,0.057124984,0.28984705,0.09126235,-0.15024497,0.572193,-0.22938694,0.050238967,0.026215758,-0.2913884,0.4860882,0.028108599,-0.04733664,-0.51571625,-0.2615055,0.19607183,0.18759191,0.39649868,0.55565196,-0.040468026,-0.16447137,0.3969747,0.12625526,0.48816413,0.37716025,0.01550785,-0.11387113,0.30077332,-0.12027174,0.18667011,0.1508327,0.2201389,-0.50529665,-0.29558247,0.07336046,0.4662447,0.38423038,0.7311815,-0.113390446,-0.47742423,0.43548653,0.29385176,0.449697,-0.056123797,-0.24326092,-0.35959056,-0.2756676,0.018011805,-0.20202602,-0.3679841,-0.14419217,0.13715623,0.47393712,0.6310334,0.13735424,-0.2077014,0.2962491,0.39484584,0.038017005,-0.07965513,0.10332723,-0.11780646,-0.23549344,-0.03703314,-0.29963872,0.4662166,0.1837578,0.646671,0.33432734,0.2711737,-0.47663808,-0.01657065,0.9420446,-0.5030574,-0.05435188,-0.08315321,-0.20896494,0.1736808,-0.25767186,0.6695023,-0.69041216,0.19321337,0.3726608,-0.18457676,-0.30405068,-0.0131391,-0.14243595,0.24449702,-0.16242145,-0.25380757,-0.5170305,0.5293159,-0.08045972,0.118853,0.48883656,0.37809247,-0.5075998,-0.11054083,0.73097855,-0.18982568,-0.18562815,-0.6790893,0.13495882,-0.4697298,0.49275905,-0.24548306,-0.072129056,0.463292,-0.025435897,0.2251967,-0.3243867,0.14749941,0.22516987,-0.3384272,-0.3889615,-0.1200943,0.30447376,-0.5340032,1.383059,0.4778532,-0.5620145,0.391764,0.18287493,0.10704198,-0.2486192,-0.090665884,-0.050288353,-0.1198416,0.460149,-0.002383414,-0.33988652,-0.3000144,-0.06689434,-0.7873362,0.5388883,0.43768188,-0.22391324,-0.24947846,0.45717755,-0.021001663,-0.5517377,-0.23332854,0.15139821,-0.2833869,0.24562347,-0.07914334,-0.4354267,0.09752656,-0.6299744,-0.09919896,-0.07069482,-0.3233776,-0.19375044,0.2511266,0.015056237,0.21339907,-0.34076822,-0.032046292,-0.23529539,-0.28403404,0.308195,0.92434347,0.06921776,-0.3597269,-0.18745145,0.21009138,0.5015837,-0.051447056,-0.5070474,0.023650132,0.20184608,0.6888941,-0.5536043,-0.081051245,0.29793966,-0.39797843,0.048444454,-0.1971565,-0.28617576,0.5477219,0.041018806,-0.4654488,-0.3402371,0.051682487,-0.08179082,-0.5167296,0.000105768835,0.8431467,0.18933609,-0.26900274,0.6530795,-0.36617833,-0.28044057,-0.08187693,0.23566629,-0.15601303,-0.26310843,0.05940005,-0.19748394,-0.34170067,-0.22667728,-10.539733,-0.16363749,-0.11361504,-0.11226943,0.38633916,-0.33059272,-0.051720336,0.16440281,-0.2751893,0.45636582,-0.25421065,-0.6884296,-0.07801002,-0.6866989,-0.025355758,-0.34899756,0.6146737,0.30607316,-0.27491084,0.27832273,-0.47394904,-0.30412635,0.8094005,-0.076959476,0.57898927,0.14331488,-0.15053436,-0.35840404,0.23866647,-0.3352371,-0.20867231,-0.30231118,0.08163686,0.82107955,-0.43560562,-0.0077864565,0.2560902,-0.3754883,0.31906348,0.22012241,-0.2041185,-0.4311386,-0.4482501,0.33074233,0.98864245,-0.26759976,-0.007293999,-0.22830665,0.21924184,-0.0068666358,-0.0716194,-0.5244133,-0.09338601,-0.70953894,0.38528308,0.23338622,0.12438937,0.8983021,-0.25327155,-0.2924855,0.6315744,-0.1776544,-0.53881896,0.37982872,0.20015512,0.055491008,-0.6703146,-0.100659445,-0.1981984,-0.015779957,-0.24296126,0.13666414,0.33782578,-1.3262373,-0.12590607,-0.0052442728,-0.047377028,0.0574031,-0.0034373552,-0.25688565,-0.60322195,-0.6684327,0.046395984,0.3404504,-0.72931117,-0.43191633,0.041674104,-0.56063014,-0.38777268,0.64581335,-0.06595877,0.5411125,0.07708127,0.16072112,-0.14959054,-0.008076392,0.4338056,-0.74323875,-0.01659273,0.1660495,-0.15539345,0.027718315,0.78638434,-0.027604854,-0.64016366,-0.0647468,-0.5245203,0.060188726,0.19769916,-0.1020234,-0.18122531,-0.026855372,-0.4048556,-0.023132216,-0.48755032,-0.06651165,-0.23132746,0.49260727,-0.11454426,-0.4146517,-0.44263023,0.3597803,-0.37716088,-0.70538104,-0.504348,0.28258497,-0.15719354,-0.098891675,-0.10212558,-0.36039641,-0.401538,-0.43250424,-0.15485479,-0.8104831,0.37709603,-0.2554738,-0.070371956,-0.2577569,-0.36428517,0.21200424,0.5354445,-0.024801666,0.143881,0.35366288,-0.3539756,-0.24055451,-0.33885184,-0.3298449,0.29705054,0.54599553,-0.36946177,-0.69350344,0.034312345,-0.71070486,0.163268,-0.005039717,0.48995999,-0.789899,-0.29288688,-0.56850195,0.3032321,-0.13044652,-0.28004572,0.5855983,-0.0777184,-0.16954693,-0.23134421,0.12587015,-0.07321766,-0.5691581,-0.04631487,0.16695118,0.04565784,0.2457545,0.33902645,0.37032658,0.49094787,-0.62167776,0.28123558,0.7103381,0.29804444,0.27374643,0.26586998,-0.31235242,0.123579025,-0.509467,-0.06575274,0.71076494,0.411078,0.2946218,-0.62264067,0.3757083,-0.07303487,0.007565161,-0.27618778,-0.042061254,0.25282803,0.62801397,0.23764788,0.61371046,-0.43890473,-0.34992513,0.070633486,0.030722842,-0.009332717,0.21721862,0.14539632,0.42229855,0.3740497,0.38523152,0.63785034,-0.58194315,-0.48459777,-0.58778214,0.25729728,-0.20352514,-0.14199446,-0.47739026,-0.82141054,0.18508597,-0.3480545,-0.10988151,-0.47797024,-0.13868722,-0.0998005,0.112532005,-0.07529479,-0.3665102,0.07189847,-0.006761104,-0.10977547,-1.4769509,0.20567723,-0.09108662,0.21636692,-0.28977582,-0.34593678,-0.02287475,-0.24320962,-0.6064126,-0.058143582,-1.0372286,0.22826502,-0.501066,-0.24829586,0.6394823,0.07036053,-0.1933954,-0.19721647,0.23327513,0.718974,-0.39428028,-0.46614516,-0.617211,0.22826861,-0.56673205,-0.2910869,0.029046226,-0.17701232,0.64721334,-0.39632118,0.1278354,0.12989809,0.28233802,-0.00284022,0.17477804,0.45604634,0.23491234,-0.14735438,-0.12859274,-0.21112053,-0.29462042,0.0844478,-0.081404336,-0.4002406,-0.38562664,-0.51462245,-0.59834,0.23684768,-0.3704651,-0.24793066,0.2423379,0.34501454,0.5766808,0.055900354,-0.100561924,-0.26527688,-0.569409,0.030395621,0.54988515,0.3054847,0.45940122,-0.48879033,0.20457184,0.09818635,0.53576636,0.23310967,0.08034232,0.04331635,0.08265002,-0.42144382,-0.09347501,0.5584618,0.38856533,0.07085757,0.25922668,-0.18488453,-0.11755703,-0.22884683,-0.10946619,-0.46399766,-0.23235111,0.47229403,0.17387204,0.41150624,-0.4469024,-0.40941775,-0.5227314,-0.612749,0.4010732,-0.19870569,-0.024063926,0.8710547,0.19696692,0.22904275,0.1524743,0.015409716,-0.03269363,-0.050923325,0.35842144,0.0033766173,0.30184066,0.35233167,0.1576659,-0.06555761,-0.2551167,0.22104849,0.026567137,-0.021470333,0.32819408,0.21390395,0.39972928,-0.010229073,-0.03764164,-0.034573693,-0.2809578,0.12216371,0.17707434,0.4198743,0.39264718,0.019376256,-0.00091434846,0.03935991,-0.5640808,0.4594793,0.05972881,0.12238372,-0.10393423,-0.038704515,0.62627155,0.43111527,0.12156089,0.1775077,-0.54023767,0.027691958,-0.108651295,0.13528594,0.4891149,0.31616297,0.26285595,0.09227991,-0.34020972,0.45701542,0.28646144,-0.17546901,0.034252137,0.090558566,0.12555496,-0.40310842,0.20715934,-0.41559836,0.0317402,-0.6886937,-0.3791688,0.1259015,-0.2947384,-0.24581762,-0.28873238,0.020832958,0.21616642,-0.22884043,0.11855113,0.027345972,0.02758801,0.3532576,-0.18450004,0.3023133,-0.15005717,0.7335495,-0.1070245,0.17994638,0.010105058,-0.3464321,-0.25518775,0.13715091,0.3474797,-0.3562679,0.33320412,-0.22181818,-0.34417206,0.34215152,0.35608745,-0.099093854,0.3610114,-0.07690085,-0.11520771,0.0613664,-0.28381318,-0.4936271,-0.21437357,-0.5837365,-0.7811392,-0.25351742,0.09319396,0.027489336,-0.55011666,-0.30013165,-0.14240672,-0.09224691,-0.40727183,0.05944591,0.6241925,0.5807222,-0.39420632,-0.20779352,-0.434001,-0.21865198,-0.10017924,-0.42543924,0.47060925,-0.27732998,-0.0454966,0.13229708,0.41769218,-0.23136824,0.3065759,-0.09457802,0.1923551,-0.74051523,-0.7334963,-0.5967822,0.20236644,-0.3507057,-0.49380413,-0.046580683,0.098271675,-0.34093335,-0.5905369,0.12283081,0.24480602,0.0,0,0,1,0,0,0,0,0,0,0,0,0,0,0,1,0,0,0,0,0,0,0,0,0.0,0.0,0.0,0.0
0.50483835,-0.102768004,0.5483955,-0.06382826,0.37314487,0.04025531,0.28585964,0.8355725,-0.43313736,-0.099406034,-0.02161701,-0.22188315,-0.06304651,0.52015406,-0.016730046,0.8249221,-0.06529487,0.3005939,0.36543736,0.16732754,0.6218922,0.14379507,-0.22618717,0.19388403,0.48123682,0.3030124,0.10333327,-0.2780395,-0.89758754,-0.28648362,0.119104356,-0.04652998,0.11519997,-0.17111701,-0.25161016,-0.7288799,-0.15117936,-0.1188895,0.41434532,0.5442358,-0.05277352,-0.56252855,0.19438128,-0.17778125,-0.1447513,0.23816897,0.07050183,-0.21087669,0.4770669,-0.42516747,-0.78130746,0.18917876,-0.1245014,-0.5268235,-0.0016771511,0.41730377,0.49681655,-0.8332378,-0.030872416,0.17936411,-0.3035663,-0.26206517,0.25047615,0.112536326,-0.3604499,-0.031786483,-0.075017296,0.5222706,-0.9755175,0.25995073,0.26257822,0.11724001,0.65934634,-0.017834943,0.015840432,0.31055856,-0.25917453,0.53534704,0.17987446,-0.5090675,-0.08816228,0.11649849,0.57532,0.42103103,0.40422004,0.007023364,0.03585112,-0.22852851,-0.53502864,0.87196493,-0.21981019,0.36481377,0.074988104,0.22278559,0.78963816,-0.6283906,-0.95827,-0.13827245,-0.31398633,-0.18499872,0.50760645,-0.5778238,0.3278922,-0.07854677,-0.1611822,0.1510198,-0.45956233,-0.29700387,0.35248944,0.2622745,0.07427637,0.24013525,0.2808975,-0.58387464,0.18118782,0.27472976,-0.24648474,0.33925992,0.059786223,-0.3095129,-0.22049084,0.19686365,0.5073373,0.16812809,0.4742947,0.3712186,-0.23433156,-0.3983706,0.112216264,0.5605103,0.88737696,0.4672271,0.03253502,-0.13994403,0.16975534,-0.14650367,-0.06408548,-0.15263368,0.020909488,-0.16827577,-0.20008592,-0.3255745,0.11748463,0.29165077,0.46189967,-0.118741184,-0.19317779,-0.019226314,-0.13451286,0.5343721,-0.33615857,-0.32215062,-0.43116033,-0.005770086,0.3709412,-0.37056327,-0.37545994,-0.01087523,0.14016116,0.62775034,0.33916265,0.055549745,0.04334818,0.13757913,0.18176876,-0.155945,0.096163414,0.23154615,-0.041437417,-0.40604633,-0.108260944,-1.1259563,0.5177437,0.2498726,0.46494037,0.24701202,0.36664584,-0.661208,0.13386898,0.99976724,-0.45785323,-0.040674895,0.5639882,-0.4009967,0.31074116,-0.08299613,0.52127486,-0.72555166,0.42356834,0.4426819,-0.5219586,-0.465183,-0.11232178,-0.22451067,0.32981664,-0.29447886,-0.1581807,-0.43558347,0.52505445,0.16032797,0.2948438,0.22905813,0.0812877,-0.67525595,-0.50243735,0.72877103,0.16285902,-0.18927246,-0.7695968,0.017443003,-0.4424845,0.27675694,-0.051542025,0.23068109,-0.23956975,0.10136567,0.04910365,-0.3746109,-0.1159766,0.4481976,-0.5248264,-0.33253914,-0.075039186,0.049632486,-0.16695541,1.3004632,0.2689458,-0.50781155,0.797021,0.111868255,0.07885735,-0.18171465,-0.20418815,-0.19543853,0.25153163,0.7378734,0.10687333,-0.49369395,0.12356134,0.2638604,-0.6084477,0.34320644,0.4480649,-0.07726502,-0.35739928,0.47645795,-0.005778766,-0.50692415,-0.03942225,0.25723875,-0.13683867,0.08575384,-0.13013838,-0.114310704,-0.032887228,-0.4751975,0.2547078,-0.32156044,-0.41675633,0.19123977,0.14434366,-0.016280616,0.24305464,-0.10469764,0.23556954,-0.3344266,0.09651153,0.4714774,0.7202835,0.30422282,-0.5867994,-0.15398368,0.039641835,0.83242834,-0.12403928,-0.6475617,0.30941156,-0.3665913,0.29703772,-0.5311121,-0.16768737,0.63366127,0.080331594,-0.1891604,-0.018154344,-0.5842363,0.53735465,0.27444887,-0.53978443,-0.28962505,0.03082633,0.038663395,8.059293e-05,-0.13243245,1.0194997,0.37976173,0.13776967,0.04398221,-0.7677456,-0.32052138,-0.10841383,-0.12981413,0.12338734,-0.16324073,0.24713457,0.18673924,-0.74704176,-0.46553642,-9.096908,-0.095622644,-0.29863882,-0.4268739,-0.08860479,-0.31799033,-0.03474363,0.12743238,-0.23975612,-0.12009865,-0.21405146,-0.06619837,0.25470957,-0.72640115,-0.3410849,-0.25353953,0.6131075,0.31802276,-0.5519376,0.43779233,-0.2783807,-0.17735279,0.45814842,0.2876306,0.70644593,-0.07094062,0.060397997,-0.062976986,0.01560702,-0.18033357,0.12531914,0.35526928,-0.21602237,1.149605,-0.13662784,-0.21539886,0.0770693,-0.7186013,0.16860676,-0.007499398,0.049895383,-0.45270333,-0.8177414,0.13408747,0.74435145,-0.4536423,-0.31714013,0.21301802,-0.13962242,-0.11889721,-0.18381165,-0.5871866,0.04142977,-0.44420514,-0.11080385,-0.051721603,0.06186353,0.91973954,-0.43623027,-0.55479175,0.7807798,-0.20130505,-0.120648794,0.28571358,-0.33312047,-0.28453696,-0.6516942,-0.46084204,-0.5248618,0.06444491,-0.19525117,0.562371,-0.09072042,-1.1691391,-0.06749188,-0.17528154,-0.0734251,-0.04292267,-0.3171285,-0.42743272,-0.9229559,-0.52863884,-0.12382048,-0.1892297,-0.52439135,-0.30964485,-0.17305969,-0.41875836,-0.35606286,0.31685916,-0.07899256,0.2420409,0.30031386,0.33990562,-0.19955356,0.03151031,0.54958874,-0.26347518,0.06639312,0.22972107,0.29688123,0.07316678,0.82306916,-0.07898671,-0.27699468,0.5314258,-0.7201088,0.007924832,-0.24729913,-0.1794848,-0.16789803,0.08628191,-0.44094533,-0.27409667,-0.514388,-0.14406084,0.022319097,0.17837688,-0.1230612,-0.43369743,-0.53735244,0.57484406,-0.5894682,-0.37374562,0.10728662,0.15431966,0.040940512,-0.20925705,-0.27078104,-0.14692871,-0.07197089,-0.5936056,0.14313,-0.21634449,-0.009231784,-0.326176,-0.027649047,-0.44046256,-0.6570214,0.33792827,0.4424286,0.3108314,0.38044864,0.34019718,0.12975018,0.0070057022,0.11849578,-0.10605428,-0.11179327,0.27455702,-0.23067707,-0.6958711,-0.07660444,-0.4645842,0.24885145,0.5156707,0.33172837,-0.43333685,-0.42089778,-0.5432604,0.4833078,-0.33583054,-0.23840089,0.29916936,-0.025402939,0.032374337,0.44905522,0.38315326,0.019230751,-0.73596925,-0.26097006,0.6505721,0.22702867,0.16401261,-0.036615733,0.47195384,0.6236464,-0.54352206,0.09654773,0.48331606,0.2334367,0.21949197,0.21424218,-0.21668735,0.11796826,-0.15156609,0.15933834,0.67007613,0.4282765,0.40183267,-0.80188173,0.28406397,-0.045294452,-0.31763163,-0.0556079,-0.7032292,0.6729776,0.15593226,0.11867011,0.50558805,-0.25831547,0.007785192,-0.7328232,0.23379755,-0.36029717,0.17395006,0.107774936,0.3663274,0.68927294,0.30310798,0.13540116,-0.37831798,-0.5930335,-0.78682435,0.55370855,-0.112675056,-0.36732185,-0.17034891,-0.5647931,-0.076246165,-0.3275338,0.3286988,-0.06324352,-0.21108037,-0.48460132,0.08418886,-0.101326674,-0.26560408,0.37610352,-0.042463783,0.13300982,-1.6744996,0.26927745,-0.17319565,0.02646877,-0.4272686,-0.44940877,0.12031135,-0.24935572,-0.070302136,-0.25045642,-0.83659303,0.14231633,-0.8188041,-0.13457285,-0.037004117,-0.5269106,0.07305691,-0.09253647,0.021163994,0.38821375,-0.3254194,-0.24273095,-0.53405017,0.25167084,-0.7542526,-0.31647736,0.0832134,0.047229424,0.2827925,-0.060722757,0.06759236,0.038798455,0.24825639,-0.20267348,0.18329772,0.42216966,0.29148784,-0.168849,-0.6997428,-0.1697187,-0.07363452,0.091714345,0.7091387,-0.32182422,-0.3170248,-0.50798,-0.48498476,0.27655345,0.009357847,-0.32093585,-0.13412338,0.32656327,0.39052883,0.13128239,-0.42864567,-0.23532182,0.26816413,0.044752337,0.05333645,0.43142825,0.82065576,-0.65508866,0.05435267,-0.1423124,0.4588639,0.5819698,0.105134316,-0.3362447,0.06180829,-0.23448767,-0.19269319,0.46150398,0.23714632,-0.04763744,0.24134363,0.1570946,-0.2623109,-0.23229423,-0.39624655,-0.8490009,-0.20659155,0.65338343,0.88054395,0.026174001,-0.15834098,-0.73276216,-0.036216732,-0.48119858,-0.03293978,0.05578385,0.063120194,0.9713029,-0.009425386,0.0058581885,0.06802754,-0.001211312,-0.25036347,-0.12416057,0.08679203,-0.48606163,0.013215498,0.33182454,0.201109,0.29934987,-0.25138006,-0.08787151,-0.15844521,-0.5858886,0.11119461,0.04039227,0.5331977,0.09824771,0.26525083,0.17222923,0.11912066,-0.06479936,0.30290544,0.28706694,-0.14855851,-0.16100366,0.015270157,0.3499823,0.024314674,0.3908392,-0.29354274,0.12112237,-0.19430487,-0.20302479,0.6562982,0.32481617,0.09655871,0.107956275,-0.51746553,-0.15477061,0.18289936,0.19956063,0.16940342,0.23545729,0.10611531,0.32878226,-0.26790255,0.20066951,0.07982503,-0.4814563,0.076908395,-0.015353164,-0.2020694,-0.53456974,-0.021646697,-0.41625625,0.26387423,-0.31833407,-0.14294201,0.15098868,-0.5494689,-0.39311954,-0.20030268,-0.2379096,-0.1876027,0.073452294,0.44176716,-0.18439761,-0.022057243,0.0704181,-0.30124524,0.060069643,0.46787265,0.32531178,-0.048466496,-0.022540478,-0.128692,-0.4005805,-0.10879436,-0.018089259,-0.09392582,-0.12121622,-0.043771323,-0.5247576,-0.20554951,0.39639306,0.32199666,-0.04587866,0.45418468,0.1542722,0.19482985,0.6134458,-0.47721872,-0.819521,-0.10030182,-0.06157192,-0.462107,-0.22660902,0.3019039,0.17916586,-0.2968837,-0.2943179,0.08294326,0.13640873,-0.53683966,-0.20880073,0.54477674,0.53226715,-0.057125445,-0.83421373,-0.3068711,-0.012138892,0.094408244,-0.0006810155,0.41473868,-0.09844814,-0.20527178,0.10904269,-0.046313416,-0.27875134,0.36307937,0.3626695,0.036993816,-0.69812334,-0.57573146,-0.5301994,-0.010147367,-0.49215633,-0.38622802,0.12184083,0.0744505,-0.6961819,-0.68454,-0.14553912,0.10445268,0.0,0,0,1,0,0,0,0,0,0,0,0,0,0,0,1,0,0,0,0,0,0,0,0,0.0,0.0,0.0,0.0
0.5041607,-0.18310402,0.11733627,-0.12821251,0.1446122,-0.8148574,-0.44473884,0.45602494,-0.2800382,-0.06735955,0.39238378,-0.29393974,-0.14079408,0.67956626,0.25385123,0.2907298,-0.30875656,-0.044926297,-0.14265141,0.03905392,0.05045774,0.16784854,-0.13414906,0.58098197,0.14197834,0.014903346,0.39981395,0.20366544,-0.33973062,0.15806669,0.1980647,-0.21938926,-0.43847647,-0.4065732,-0.32331237,-0.113726,-0.08025682,0.066072136,-0.024679333,0.10045162,-0.35108268,-0.26803422,0.055648766,0.5670533,-0.35814288,-0.13906185,0.3174121,-0.12317359,-0.20416741,-0.5144537,-0.24008924,0.0898327,-0.18099959,-0.34546617,0.4743941,0.24587943,0.35327226,-0.6387219,0.07183888,-0.080386855,-0.26320502,-0.4550257,-0.17317337,-0.027545352,-0.1240164,-0.3845062,0.31067732,-0.12310172,-0.8033611,0.081351854,0.054464627,-0.15171403,-0.013805716,0.3421931,0.0839898,-0.35481372,0.022149837,0.5091498,-0.29064876,0.18515188,-0.06794604,0.5501308,-0.17496993,0.09053769,0.3821107,0.32658708,-0.32781255,-0.0996547,-0.30528128,1.276946,-0.27321127,-0.16895778,0.23203063,0.010251804,0.48438346,-0.31367114,-0.0511582,-0.03156885,-0.43076134,0.23169793,0.31017825,-0.2506685,-0.5603103,-0.3888869,-0.033129886,-0.15447521,-0.1966381,-0.03667992,-0.2081679,-0.48867095,-0.055018187,0.54913706,-0.033528674,-0.019118961,-0.0318237,-0.16424885,-0.69493216,-0.18272318,0.5152414,-0.19216762,-0.17326155,0.25215814,0.20006117,0.304269,0.19240908,0.020265026,-0.270378,-0.028303808,0.3361859,-0.26573345,0.33905414,0.34428325,0.65436697,-0.44106162,0.15128562,0.3400303,0.38761044,-0.03193939,0.3309867,-0.48990834,-0.4824935,-0.056379594,0.150671,0.18900217,0.26442182,-0.1263857,0.0964792,-0.30518878,-0.33171672,0.25489533,-0.4001179,0.119716235,-0.28217754,-0.062974505,0.1781608,-0.031086195,0.34172928,-0.37258223,0.30487642,0.31393364,-0.316687,-0.67258126,0.037561633,-0.14782037,-0.19712085,-0.10785189,0.32159263,0.08446177,-0.14714588,0.21144286,-0.42108595,-0.25172338,0.66283214,-0.22067048,0.39816332,-0.22153856,-0.31859913,-0.31450674,0.18632245,0.5184278,-0.33009812,0.40847626,0.40596923,-0.09110325,-0.030163806,0.07221907,0.5456628,-0.5911355,0.44013137,0.034318686,-0.18999782,0.051457405,0.20282973,-0.15925016,0.42587337,-0.3006688,-0.022182759,-0.3333196,0.22199063,-0.13927932,-0.09674966,0.19046448,-0.49244842,-0.4190992,-0.24275027,0.6446673,-0.18577155,-0.34424016,-0.78270704,-0.075521186,0.0644548,0.1438823,-0.38684237,-0.12616852,-0.18823224,-0.0056788335,-0.15749426,-0.005145263,-0.20593052,-0.41141787,0.2517896,-0.40799809,-0.031941947,0.21989681,-0.3023259,1.0735848,0.28365058,-0.40679434,0.35891587,-0.1588212,0.18928485,-0.41734406,-0.1940509,-0.37541112,0.2095378,0.10197246,-0.59785324,-0.23633476,0.3703806,0.57830995,-0.43675488,0.31409624,-0.08337987,0.22400717,0.2056262,0.29979178,0.23811507,-0.40584925,-0.34650686,0.0587665,-0.41343835,0.022615967,-0.14255561,-0.5918728,0.07840091,-0.33631137,0.08779258,-0.31036317,-0.43665153,0.05353191,0.0267443,-0.3131077,-0.06921412,0.081337936,0.06987481,-0.3800328,-0.13191551,-0.4073101,0.33648935,0.32848924,0.053205945,0.0054229484,-0.08471122,0.14509158,-0.19734885,-0.7613138,0.04332106,-0.12930025,0.03773515,-0.12976074,0.4077659,0.27254206,-0.14789827,0.10607772,-0.38145372,0.08431658,0.24705626,-0.057100013,0.23350506,-0.7041878,-0.33904865,-0.216835,-0.012666937,-0.44390497,0.30257982,-0.20434657,-0.33660603,0.27942646,-0.63991684,-0.24064325,-0.41802832,0.6426363,-0.34560987,0.0771546,-0.35130906,-0.07651537,-0.07512173,-0.21373175,-10.27026,-0.21989241,-0.45556498,0.010240307,0.085771784,0.04597671,-0.28330785,0.09455328,-0.61525893,-0.41978824,-0.031990636,-0.1841508,-0.09034869,-0.13826378,-0.13312311,0.14858958,0.70814157,-0.0061647906,0.048981916,0.11349115,0.062072504,-0.80736446,0.47469684,0.13639992,0.21017922,0.6235732,-0.11698432,-0.3565181,0.17323619,-0.014301866,-0.061723206,0.13066368,0.3157333,0.9468799,-0.29774666,0.015022847,-0.1781729,0.10754729,0.1586075,0.055303812,0.17949077,0.11163551,0.12104814,0.1881009,0.5979876,-0.5238185,0.07743297,-0.16860384,-0.1398451,0.0996075,-0.17498428,0.2195578,-0.050115682,-0.17408124,-0.18367654,0.3587866,0.0021091213,0.87241834,0.10165029,-0.23832569,0.4322196,-0.1423067,-0.27708265,0.091396764,-0.2357304,0.02634628,-0.45759526,-0.45319575,0.63259244,-0.20722991,-0.061372768,0.33229268,-0.1343005,-1.6446824,-0.1833073,0.04983852,0.46053788,0.3176154,-0.023825949,-0.09395469,-0.4928119,-0.045353655,0.025787381,-0.118132286,-0.2764758,-0.75405467,-0.36570454,-0.0523226,-0.11066995,-0.084197514,0.046402916,0.26081806,0.43817148,0.046815023,0.16039631,-0.2880051,0.33220264,-0.45152104,-0.17092562,0.03698479,-0.16849683,-0.03170387,0.062284593,0.19454907,-0.39496776,0.20284852,0.38827202,-0.23185778,-0.0018794191,0.14903459,0.58838314,0.096029,-0.13579072,-0.49711484,-0.102233574,-0.41034555,0.21611434,0.5983923,0.029060416,-0.5087518,-0.38372862,0.5809812,-0.2179256,-0.16059273,-0.23429634,-0.082697146,-0.12569433,0.45867994,0.033889193,-0.050116837,-0.1090471,-0.026852654,-0.14034168,-0.2737856,-0.45407784,-0.030288897,0.07215178,-0.19806494,-0.21594726,0.22373635,0.20366122,0.8068845,0.6065277,-0.32789996,-0.024440618,-0.098712854,0.13100874,0.63500094,0.10431229,0.23318876,-0.3487266,-0.44888097,0.15664154,-0.25520948,0.23626293,-0.26513383,0.36915857,-0.48602343,0.18008894,-0.5110136,0.367984,-0.08077154,0.11461615,0.1051724,0.59516084,-0.030398278,-0.023536133,0.041900177,-0.20099564,-0.09761161,-0.5067753,0.27938735,0.32880792,0.01644539,0.02704569,0.18791725,-0.17951299,-0.10724331,-0.101256706,0.25183347,0.10703525,0.43171385,-0.3616521,0.002957944,0.70633465,-0.069479905,0.18809137,0.2095543,-0.08883048,0.25919223,-0.32738903,0.69035935,0.24099444,-0.3564078,-0.14957057,-0.68336433,-0.078918286,-0.18522748,0.13716608,0.21280979,-0.15994155,-0.18098724,-0.18828878,0.011054562,-0.24326763,-0.08408754,0.28423622,0.009105584,0.29634574,0.04853809,-0.41872424,-0.25451505,-0.1655245,0.1540656,-0.06256599,-0.008892978,0.22703446,-0.07247684,-0.46025515,0.2997388,0.16547552,-0.23197056,-0.12950587,0.38895836,-0.32360977,-0.19587582,0.29782924,-0.110283926,-0.35961792,0.20960708,-0.1721222,-1.6097176,-0.028407715,-0.27444044,-0.25659236,0.22425403,0.3826432,0.109496504,0.18251568,-0.30970705,-0.15077062,-0.4419736,0.13096331,-0.6039967,0.18882658,-0.042657718,0.10251136,0.26783136,-0.16129474,-0.33588392,0.35631368,-0.0649727,-0.23792167,-0.17728911,-0.20873117,-0.46922427,-0.12626697,-0.36901933,0.02154297,0.19310947,-0.5532827,0.04521292,-0.08663736,-0.011037805,-0.24218169,0.008661706,-0.20266514,0.27448413,0.20003642,-0.4708711,0.031061709,-0.014023503,0.30987012,0.12536505,0.16311862,-0.37837556,-0.3894128,-0.6073504,0.18259896,0.04714732,0.011226676,0.5836454,0.3871959,0.024183683,-0.46033275,-0.43831062,-0.35634422,0.2346393,-0.08791664,0.1803485,-0.12335816,0.2629604,-0.55171895,0.15521692,-0.046750024,0.22098666,0.4294812,-0.5736344,0.14802383,0.33753845,-0.0633516,-0.4683675,0.46406126,0.5580984,-0.0024673906,0.10696283,-0.12256879,-0.0756032,0.048759196,-0.57707137,-0.16036941,-0.26748973,0.2576471,0.341243,0.044703163,-0.110436864,-0.4967579,-0.0825253,-0.33387998,-0.25153646,-0.08781212,0.56284785,0.59562325,-0.06636242,0.32112157,0.3907754,0.43067122,-0.07674275,0.40592843,0.124208406,0.21629034,0.16787498,-0.09157379,-0.26218602,-0.19338037,-0.6221642,-0.100084975,0.094890445,0.030657507,0.39170563,0.08006106,-0.13797677,-0.0015995573,-0.1726469,-0.18668942,0.09631788,-0.10623557,0.30592737,0.613491,1.0034418,-0.055308163,-0.2328118,0.13813868,0.2640402,0.37358075,-0.040938422,0.061086547,0.19650126,0.1730012,0.60774076,0.09048634,0.49167234,0.090115935,-0.7053613,0.162166,0.1407994,-0.19983126,0.053160906,0.40127948,-0.22750187,0.534714,-0.078741185,0.4725292,0.1388246,-0.086191036,0.20946544,0.06740845,0.15573712,0.11257229,0.05807115,-0.48272756,0.0043971543,-0.087261595,0.2192967,0.069658384,-0.45403406,-0.016650062,-0.06221225,-0.17819966,-0.2385692,-0.2724099,0.1097122,-0.073478915,0.21430536,0.012396869,-0.014582145,0.13211322,-0.19363199,0.38943052,-0.2183062,0.21289487,-0.021017076,-0.06323487,-0.33815625,0.32244232,-0.26303175,-0.15907663,0.34625137,-0.25284174,-0.13844305,0.23968934,0.52210754,-0.09796869,0.38493872,-0.15068822,0.4300887,-0.32629007,-0.29191115,-0.35374057,0.5453388,-0.48486328,-0.43591863,-0.057855953,-0.29443252,-0.065244235,0.32863674,0.45437548,0.09939241,0.020632306,0.17199092,-0.07226778,0.15254769,0.24373093,-0.065280534,-0.24327026,0.098867536,-0.22175147,-0.47050408,-0.039276075,0.114417575,-0.063488565,0.05758252,0.52428097,-0.40250394,0.12376832,-0.48243845,-0.105578735,-0.3475918,-0.48807475,-0.13478982,-0.785208,0.08112231,0.11799555,0.024090705,0.21772608,0.34509954,-0.3130759,-0.6972295,0.031217461,-0.13019277,0.006249999999999999,0,0,0,0,0,0,0,0,0,1,1,4,0,0,3,1,0,0,0,1,0,0,0,0.012499999999999997,0.0,0.0,0.0
0.6168272,-0.34855357,0.6998967,0.039682038,0.22042352,-0.13266867,0.1832228,0.58779,-0.38011625,-0.24567279,0.10987042,-0.008282129,-0.02906852,-0.23529421,0.0227314,0.56778204,-0.32906342,0.319419,-0.18108071,-0.006284063,0.28557485,0.055848572,-0.20093034,-0.13410951,0.3122836,0.17152931,-0.0062111984,0.18636966,-0.5347146,-0.2385044,0.11985441,0.15932839,-0.05135645,0.052400064,-0.5088399,-0.07150196,-0.47810298,0.13929352,0.32367137,0.5530632,-0.2867175,-0.66373587,0.28078127,-0.07187622,-0.05265843,0.06385577,-0.29833186,-0.25146404,0.26385048,-0.32008466,-0.2594609,0.2962848,-0.048528507,-0.3144114,-0.1927156,0.4681037,0.5982755,-0.7979069,-0.12702115,0.15288112,-0.22414663,0.027690629,0.047919136,-0.12084057,-0.058517613,-0.17727159,-0.40897274,0.55720085,-0.77408326,0.6222884,0.12342653,0.25239193,0.1685604,0.16203472,0.16498834,0.021299992,-0.12902926,0.73463184,0.050130337,-0.14364575,-0.31503105,0.032902807,0.54084605,0.40249568,0.95099795,0.34633154,-0.057781585,-0.3304117,-0.40354553,0.53334415,0.08219401,-0.15376596,-0.14716636,0.11888851,0.6416625,-0.21285233,-0.6260922,-0.19623058,-0.3635129,0.10948694,0.3211477,-0.364798,-0.15275842,-0.46316636,-0.6958178,0.1408768,-0.3633798,-0.53983593,0.29532427,-0.016448336,0.05490499,0.17982364,0.25323084,-0.33825368,0.07828572,0.20192006,-0.23581155,0.29502472,0.21373354,-0.45959252,-0.48522592,0.47447708,0.12699214,0.2511448,0.2892415,0.45564425,0.07073039,-0.39320534,0.6277572,0.00782142,0.15639812,0.41244766,0.42469656,-0.4066188,0.45386255,0.052810494,-0.08835465,-0.03527012,-0.032865584,-0.096622534,-0.12028214,0.17722541,0.73460793,-0.058220625,0.71184593,0.16155104,-0.40928775,-0.006659285,-0.050934818,0.43711543,-0.3865604,-0.07609264,-0.5067951,-0.26432276,-0.0035289133,-0.19499856,-0.08379698,-0.27760404,0.09965967,0.19011456,-0.0996082,-0.093545355,0.23226672,0.16771314,0.12059404,-0.2557112,0.2508166,-0.2848604,0.15399705,0.18197003,-0.17462991,-0.5698296,-0.015377331,-0.0017784236,0.5710377,0.25287434,0.36599314,-0.6006369,-0.24590336,0.759274,-0.44968164,-0.22439528,0.13206671,0.031600796,0.16601416,-0.19002062,0.76345956,-0.50393367,0.42071176,0.5533297,-0.24651146,-0.26183617,0.43177515,-0.14708057,0.36018115,-0.44012016,0.1612701,-0.15839522,0.42848158,-0.044415977,0.50526947,-0.103534214,0.12460628,-0.23995808,-0.87768114,0.6229205,-0.4519826,-0.048981816,-0.8887399,0.008391186,-0.27005324,0.5213931,-0.073201746,0.118325755,-0.111617446,0.046272468,0.24918666,-0.42002416,-0.022900583,0.22804977,-0.15777898,-0.42394534,0.05532428,0.1178152,0.043419663,1.2849182,0.3945981,-0.36708897,0.62167084,0.112798706,-0.1663422,-0.04550073,-0.20600468,0.06495681,0.4005896,0.5161094,-0.45970953,-0.6118245,0.04439153,-0.054631192,-0.24763863,0.1113357,0.30729333,-0.108971834,-0.23630083,0.36070207,-0.08666245,-0.34402433,-0.09692142,0.06560482,-0.42285657,0.024336446,-0.25482273,-0.5223789,0.13044742,-0.18740791,-0.02028611,-0.2393783,-0.39788398,0.285354,0.29862303,-0.11301713,-0.15408777,0.057952493,0.18315929,-0.40659383,-0.45767125,-0.10042963,0.4802664,0.30982327,-0.04058018,0.2711588,0.10013492,0.6064108,-0.15848833,-0.68456787,0.084312186,0.1048387,0.16338772,-0.134008,0.123379394,0.6577803,-0.37593746,0.049916197,-0.10530217,-0.23602308,0.478636,-0.037254963,-0.19746391,-0.4196852,-0.60140985,-0.1643155,-0.24915376,-0.08675121,0.7518797,0.04292863,0.049303457,0.15209928,-0.72896516,-0.12371285,0.16694173,0.36190623,-0.036985025,-0.20329838,-0.6786745,-0.26738828,-0.6256667,-0.3580205,-9.91966,-0.40285087,-0.14382872,-0.2254153,0.003908218,-0.15683049,-0.072638564,0.15354505,-0.3927114,-0.3112238,-0.33873504,-0.22169052,0.041450713,-0.60352266,-0.3650437,0.38715005,0.38894343,-0.028157536,-0.33608556,0.2376458,-0.16460212,-0.19465907,0.571993,0.15614004,0.13839401,0.06881762,-0.08623564,-0.029350968,0.025292424,-0.03910597,-0.330758,0.045229316,0.13360475,1.1374606,-0.67515296,0.101944104,0.08548726,-0.3149901,-0.28971675,-0.16953486,0.23150222,0.26090875,-0.2596613,0.15029074,0.7020265,-0.5088838,-0.06414933,-0.1288884,-0.03485784,-0.09960781,-0.37391442,-0.1799705,0.097154625,-0.66154253,0.03977701,0.03219841,-0.15014197,1.1245008,-0.13688792,-0.23940994,0.7612891,0.007953223,-0.33781174,-0.35966682,-0.2795304,-0.016805124,-0.93965435,-0.4477581,-0.26156738,-0.03104263,-0.46286905,0.10139321,0.0014783684,-1.6304593,-0.2411357,0.468522,0.03000554,0.33733055,0.18162373,-0.26021874,-0.8443305,-0.35809204,-0.3200164,0.18940522,-0.16554625,-0.45596185,-0.43817103,-0.5666238,-0.43744844,0.21921648,-0.19684394,-0.11526335,0.3169258,0.09205965,0.41374406,-0.08572651,0.63739073,-0.34297603,-0.095592685,0.15063988,0.10768484,-0.026171077,0.4002595,-0.13896717,-0.20326935,0.23550026,-0.09895026,0.32289502,-0.10963546,-0.263172,-0.039809115,-0.3805057,-0.34343776,-0.057272833,-0.12813888,-0.27729258,0.039935626,0.3880118,-0.13488138,-0.57757825,-0.4067145,0.13954423,-0.25119016,-0.4099407,-0.04396829,-0.15503545,-0.048924476,-0.07976465,-0.050518245,0.03178546,-0.0079764705,-0.39427856,-0.28998965,-0.40180779,0.16405952,-0.20205165,0.08071255,-0.51998603,-0.30618766,0.29656294,0.14118941,0.21839085,0.46856123,-0.037715167,0.26518783,0.28825825,-0.14254893,-0.13557185,0.08939455,0.47948882,-0.40336144,-0.83782256,0.15848035,-0.33662513,0.24819878,0.06011336,0.55728143,-0.41700044,-0.48128495,-0.23947975,0.41380545,-0.28790876,-0.029160775,0.22505537,0.1887664,-0.19036026,-0.12965362,0.084296435,-0.24814452,-0.34137297,-0.25131786,0.80381614,-0.08285868,0.48101625,0.0619413,0.10171837,0.09433106,-0.31318682,-0.08874988,0.5655457,-0.27606726,-0.041339308,0.012549744,-0.0495408,0.29062024,0.03650923,0.61964285,0.2305228,0.32194528,0.33317408,-0.832196,0.59860325,-0.17369473,-0.6248948,0.07183735,-0.73054105,0.54585624,0.26261714,0.05573146,0.29536185,-0.31979105,-0.023282956,-0.45167494,0.1477729,-0.20534176,0.028067203,0.17867263,-0.02632029,0.6068808,0.23010032,0.0883746,-0.61585426,-0.4138568,-0.5605892,0.2267353,-0.0023622804,-0.33821356,-0.28029224,-0.4655215,0.16380297,-0.15696022,0.15046299,0.048302088,0.07141759,-0.26240507,0.034730166,-0.010870979,-0.09681059,0.24074116,0.19104943,0.17422608,-1.8457946,0.15886866,0.2215557,0.051350024,-0.34765664,-0.28172535,0.2109421,-0.2670617,-0.10012748,0.0062110284,-0.39442852,0.12503092,-0.74248147,-0.025627943,0.22188188,-0.29452434,0.06877976,-0.1366426,-0.28185454,0.6194119,-0.06362394,-0.4003979,-0.22874124,0.026354497,-0.69553006,-0.007584705,-0.38714275,-0.071841024,0.1965272,-0.7125503,0.11121636,0.3135989,0.34084707,-0.039174903,0.13372034,0.33345407,0.14926451,0.109792806,-0.5034547,-0.4274006,-0.10483861,0.2985709,0.17203228,0.1380559,-0.3866907,-0.35228682,-0.35369208,0.27960402,-0.30635864,-0.23778479,0.07204753,-0.05796316,0.040977236,0.26311767,-0.22384506,-0.3724577,0.048631724,-0.16327313,0.77348703,0.097906336,0.8725557,-0.51098835,0.32663026,0.44052643,0.71275485,0.34031466,0.29962176,0.17328686,0.15325585,-0.3498288,-0.21461917,0.59168315,0.47403222,-0.14589977,0.12933329,0.006781959,-0.057577997,-0.5677112,-0.36373216,-0.8629778,-0.09601279,0.49560055,0.50248957,0.11405547,-0.23512566,-0.37496153,-0.3597799,-0.32341024,0.3015219,-0.38972256,0.18853767,0.84610707,0.24176215,0.008814236,0.17205152,-0.022660311,-0.23562048,0.05063019,0.09403739,-0.33321252,0.47106844,0.047137607,0.393157,-0.009227928,-0.2650641,0.24361809,-0.13089623,-0.33462614,0.13000761,0.35632744,0.68173504,-0.34387225,0.016167656,-0.11819664,-0.082157224,-0.1790919,0.42871603,0.25537008,0.21857011,-0.18866439,0.061973054,-0.17124225,0.12722202,0.28083304,-0.3104056,-0.067276485,0.15361069,0.033010367,0.35581082,0.27416825,0.57501304,0.15460283,-0.2664076,-0.27122152,0.08587278,0.2665439,0.4297493,0.25686145,0.1519032,0.18823421,0.11446463,0.2878018,0.3672165,-0.5817474,0.10586108,0.20807113,0.2663682,-0.26439646,-0.1472933,-0.21831776,0.10177612,-0.32792896,-0.06156842,0.28277877,-0.3538058,-0.3206873,-0.03694885,-0.062346384,-0.2809892,-0.09851443,0.18704388,0.2894007,-0.034465715,0.10851332,-0.007339018,0.17179278,0.058556963,0.4120265,0.43576893,0.6349783,-0.38562274,0.10225323,-0.20156662,0.15266556,-0.24301012,-0.22127451,0.1324738,-0.40070656,-0.35123864,0.09260949,0.15682293,-0.04306256,0.2186637,-0.040293608,0.12612477,0.29600722,-0.31595504,-0.36969483,-0.3372197,-0.11417066,-0.18750738,0.054278176,-0.16258553,0.22924103,0.1402555,-0.051449984,0.013503115,0.40515357,-0.0076785497,-0.2808597,0.490285,0.32117555,-0.1330872,-0.48561808,-0.26501167,-0.06510813,0.071238555,0.4247867,-0.00428072,0.04799109,-0.056051753,-0.06308101,0.16340704,-0.48714942,0.07200522,0.50359803,-0.1693347,-0.953133,-0.7060716,-0.26027194,-0.125072,-0.36827216,-0.29764253,0.2862364,0.27731454,-0.42318693,-0.7962809,-0.052004524,-0.086469,0.3333333333333333,0,1,0,0,0,0,0,0,0,1,0,2,0,0,1,1,0,0,0,0,0,0,0,0.3333333333333333,0.0,0.0,0.0
-0.0083096195,-0.2903523,1.0636495,0.16774313,0.46435302,-0.17958112,-0.1788228,0.7771279,-0.3994731,-0.3364073,-0.14956518,0.022246823,-0.0813507,0.34121445,-0.14238496,0.07735649,-0.25024158,0.4499786,-0.05325012,0.24061327,0.09010976,-0.08293277,-0.013121374,-0.15935037,0.21792057,0.044987105,-0.15295687,-0.23317069,-0.673162,-0.083856575,-0.07386886,0.54990476,0.37413433,0.047667142,-0.3401953,-0.5110686,-0.22660823,0.096964404,-0.09463538,0.6425602,0.00021738082,-0.073555104,0.22463673,0.0584329,-0.045999937,0.31169635,-0.29684314,-0.46683475,0.09467968,-0.1628316,-0.32179862,0.13038507,-0.46163315,-0.3645653,0.23185915,0.32395107,0.19801693,-0.6728552,-0.19142047,-0.08077969,0.16834696,-0.2911243,-0.036323227,-0.24890602,-0.27383193,-0.44638595,0.28641522,0.35505974,-0.67960024,0.28409454,0.30203173,0.07753234,0.08659935,-0.14254554,0.08231426,0.091096446,-0.32250863,0.5773368,-0.069903076,-0.38610688,-0.328804,0.06460763,0.8515089,0.08169541,0.23990932,0.030944217,0.14477058,0.10646406,-0.4487758,0.7037433,0.06692659,-0.12684374,-0.181209,-0.06466026,0.7151323,-0.61135685,-0.49183547,-0.07383476,-0.04474768,-0.048717715,0.50158536,-0.31038222,0.47486234,-0.14536358,0.12664454,0.19912343,-0.118816234,-0.1350088,0.22793299,0.19584505,0.26106253,0.14309844,0.2721193,-0.35426244,-0.2738161,0.12192132,-0.18020365,0.13729581,0.18867949,-0.14071664,-0.19059949,0.4120684,0.22623715,0.2948107,0.5928956,0.48539138,0.19065654,-0.3285768,0.4501678,0.064624265,0.28943217,0.45867404,0.2226767,-0.26407453,0.42883128,0.53654486,0.08827714,-0.2692094,-0.07036175,-0.5218385,-0.1770151,0.1195148,0.24652663,0.5183602,0.55110735,0.30427372,-0.24714394,-0.123346604,-0.32288492,0.26246035,-0.50467837,-0.15604654,-0.46174067,0.043801922,-0.10873247,-0.29218647,-0.46410778,-0.16446218,0.031431533,0.21397448,0.65308756,0.19259982,-0.2750044,-0.31385928,0.0775658,0.047959894,0.31678388,0.49318665,-0.011553225,-0.038417634,-0.23787975,-0.032246243,0.36653426,0.04101719,0.6694325,0.449358,0.24357237,-0.10614584,-0.07460815,0.6895016,-0.74685395,-0.36556527,0.5061629,-0.2166599,0.10802421,-0.07877802,0.59757805,-0.41455975,0.6666922,0.17186138,-0.5658774,-0.2560488,0.039767623,-0.19152866,0.52956843,-0.14396036,0.19378124,-0.16333771,0.22176525,0.057152625,0.34042564,0.22044916,0.44402036,-0.38569972,-0.4339635,0.2347416,-0.2679999,-0.06778766,-0.23077749,-0.027223764,-0.32386824,0.42896885,-0.08806872,0.11573339,0.23669463,0.2220895,-0.10924898,-0.23016603,-0.22525589,0.3183302,-0.025425766,-0.37067088,0.029401772,0.1732814,-0.30966932,1.1798538,-0.003417277,-0.41502228,0.78747994,0.08223394,0.1415205,0.21863651,-0.12484806,-0.18639675,0.16157265,0.47220734,-0.25461048,-0.66304016,-0.003461011,-0.0861959,-0.26108032,-0.10816008,0.51355535,-0.05701749,-0.16961499,0.26524487,-0.14256762,-0.44667572,-0.06257095,-0.1758822,-0.03865548,0.16513333,-0.30175963,-0.67474097,0.3603704,-0.15454724,0.10910661,-0.10508384,-0.45366314,-0.048995785,0.40247926,0.2936918,-0.06847349,-0.19441122,0.11965073,-0.78855973,0.060922027,0.45875826,0.22107343,0.1816403,-0.10519207,-0.2981921,-0.11048617,0.6684943,0.102159716,-0.24359289,0.04274194,0.0952005,0.38760227,-0.35904464,-0.0059426595,0.7959289,0.23055105,0.18551998,-0.18387422,-0.1830868,0.40548283,0.17636327,-0.2926709,-0.06881382,-0.53432006,-0.24350417,-0.777827,-0.04053117,0.8736697,0.7195095,0.28125575,0.4494536,-0.3924005,-0.3194584,0.15051116,-0.1914241,0.31982917,-0.25167537,-0.123693235,-0.23250036,-0.64272773,-0.5161587,-8.244624,-0.34182537,-0.36586854,-0.18549438,-0.17445464,-0.4122012,0.22042117,0.13917595,-0.20076506,-0.050401654,-0.2062751,-0.24298622,0.33913898,-0.5305717,-0.16936842,0.11045465,0.7146097,0.4223991,-0.14747404,0.01353948,-0.25236484,-0.7614647,0.50978047,0.18945865,0.19870429,-0.0345212,0.13905528,-0.037759673,-0.060576342,-0.073490985,-0.2717264,-0.2003082,0.09807671,0.5704254,-0.36236176,-0.2070928,0.057831123,-0.47116604,0.2640869,-0.18023233,0.25795802,-0.06518182,-0.46731374,0.11721673,0.67999053,-0.5645308,-0.06210441,0.24814974,0.1373922,-0.022445634,-0.09981548,-0.5943338,0.063626915,-0.40474632,-0.04685414,0.2451883,-0.035515334,1.1400666,0.018585801,-0.3123564,0.46655196,-0.2208281,-0.3744303,-0.00058344746,-0.37793362,-0.057731386,-0.6930315,-0.711944,-0.031089358,-0.032827932,-0.40731785,0.1930531,-0.0070969057,-1.303683,-0.48092407,0.13740426,0.21567467,0.29793802,-0.21345915,-0.07164329,-0.41006988,-0.4533149,0.11945016,0.07456641,-0.57941663,-0.24567156,-0.087384164,-0.67082465,-0.46362737,0.24873835,0.24304706,-0.23894534,0.03959991,-0.06386348,0.06861037,-0.14049041,0.41252986,-0.728079,-0.072278395,0.13779517,0.35095322,0.15081187,0.5045025,-0.5285933,-0.2816372,0.033473793,-0.27514017,0.31929278,-0.12953426,-0.060158662,-0.14861101,-0.38478348,-0.41253513,0.023876447,-0.4720955,0.3862027,0.0587747,-0.010466273,-0.18402393,-0.72303206,-0.23861952,0.30741763,-0.3608264,-0.798966,0.23322803,-0.014151918,-0.17853777,0.0358707,-0.18703467,-0.42401302,-0.124646164,-0.453398,0.096875496,0.039768387,0.31222755,-0.28859517,0.10766738,-0.28058508,0.24854322,0.13730563,0.10091376,0.20936655,0.34224942,0.057307836,0.14863986,0.17246003,0.07380593,0.333699,-0.06296215,0.072088726,-0.55924124,-0.7206175,-0.1265448,-0.14345714,-0.39821804,-0.0053191553,0.4536542,-0.41059482,-0.18348873,-0.45398158,0.054501433,-0.17216331,-0.035455972,0.5647796,-0.15905951,0.33827907,-0.17048605,0.030082427,-0.044116747,-0.45272678,-0.25908375,0.34512207,-0.19421835,-0.026848918,0.36492965,0.3238591,0.4226612,-0.47477177,-0.044925332,0.5691833,0.28042948,0.06556084,-0.079547435,0.075870305,0.6280546,0.15634458,0.4005419,0.3938656,0.5651153,0.32019258,-0.5703152,0.8513369,0.00437083,-0.41681334,0.25967047,-0.6737194,0.5196756,0.28604028,0.069848835,0.36934528,-0.2493882,0.07274359,-0.5170823,0.26126626,0.08754881,-0.04696596,0.3240975,0.37499663,0.48320267,-0.16148143,-0.08779285,-0.49451968,-0.56657755,-0.20043208,0.59688705,0.00080414757,-0.49135536,-0.44077176,-0.78280115,0.37853447,-0.29415196,0.3176034,-0.17440294,0.3796253,0.15013218,0.1842067,0.24022692,-0.09267159,-0.20290418,0.025650537,-0.021133242,-1.2161139,0.40346736,0.106749475,-0.03566031,-0.04329123,-0.28608647,-0.15431285,-0.3486481,-0.32315817,-0.47166097,-0.84689134,0.23208092,-0.89924103,-0.7017021,0.2514353,-0.118218035,0.29667494,-0.36747319,0.24763983,0.4010479,-0.34010905,-0.20877522,-0.14625394,0.20047902,-0.80183434,-0.17417403,-0.20045137,-0.60625166,0.58021265,-0.16941406,0.38946256,0.07017274,0.09781936,0.38236478,0.18495058,0.3346573,0.15717822,-0.21977179,-0.296348,-0.02082695,-0.09028847,-0.14844318,0.1815102,-0.2914633,-0.3254657,-0.6351215,-0.60240436,0.031264666,-0.21571273,-0.5399374,-0.061410237,0.0014010839,0.07342968,0.6159506,-0.27899083,-0.35894725,-0.22614413,0.31365678,0.42305583,0.21115257,0.5842399,-0.43699914,0.025480652,-0.27389383,0.30091834,0.4238442,-0.51297086,-0.107762486,0.29277655,0.1707787,-0.0643115,0.51753646,0.15853411,-0.098727696,0.017650582,-0.2397847,0.058900796,-0.1268932,-0.13335478,-0.1763677,-0.33327648,0.4434561,0.7966055,0.089944474,-0.31046274,-0.55091023,-0.071930096,-0.5469892,0.3735647,-0.3465783,0.38966283,0.4869216,0.03574503,-0.15856948,0.026819307,0.07265073,-0.14491594,0.1054409,0.31607133,-0.21779351,0.09627328,-0.0713442,0.12629277,0.29582825,-0.19417629,0.035053592,-0.17251225,-0.56885445,0.2623064,0.24496615,0.19689976,-0.14642248,-0.05100389,-0.063322715,-0.08687306,-0.34665853,0.16254373,0.759643,0.5055442,0.34955993,-0.08394952,-0.29033092,0.0014090091,0.50722826,-0.2660141,0.20755978,-0.07317454,0.34229124,0.059000358,0.30602667,0.39157322,-0.0030954636,-0.7086798,0.2175941,-0.07808361,-0.14418814,0.17413662,0.16147408,0.12550296,0.24730283,-0.015444832,0.14404275,0.12866546,-0.16335754,0.018325707,-0.026048036,-0.031747535,-0.4001709,0.12935756,-0.4754516,-0.32696068,-0.38802388,-0.14489527,-0.058207627,-0.5681506,-0.14520563,-0.14240138,0.078404725,-0.46106964,-0.33371773,-0.213099,-0.18534335,-0.08718739,0.17771713,-0.44153878,-0.04249774,0.01628542,0.46359912,0.11694996,0.0679952,-0.69641715,-0.35050339,-0.21989875,-0.061890256,0.012949633,-0.19109271,0.31770384,-0.35615087,0.043436922,0.2175086,0.48265657,-0.051875517,0.6260584,0.006814487,0.037989162,0.47750488,-0.23516259,-0.35563537,-0.18257059,-0.32700193,-0.60861754,0.019384895,-0.1145927,0.084845744,-0.72344136,-0.39045563,-0.12969479,-0.12087659,-0.6108563,-0.29751673,0.31912977,0.69963866,-0.1845805,-0.28975117,-0.1529976,-0.07243958,0.15930156,0.27215648,0.111820005,-0.296704,-0.07215427,-0.048168186,-0.01308964,-0.08968758,0.5032737,0.3788392,0.003519795,-0.71046823,-0.3590845,-0.02740252,-0.04581021,-0.27880487,-0.18054901,0.026000127,0.43016598,-0.40001118,-0.52313715,0.11660909,0.11107319,0.0,0,0,1,0,0,0,0,0,0,0,0,0,0,0,1,0,0,0,0,0,0,0,0,0.0,0.0,0.0,0.0
0.6672187,-0.020872738,0.5499582,0.043266233,0.4224551,-0.23229426,-0.03358219,0.4548992,-0.5638265,-0.38443124,-0.24788553,0.06232409,0.11310721,0.44116643,-0.04290415,0.827844,-0.23196031,0.2635227,0.23105553,0.04837986,0.70381904,0.030585624,-0.095938444,-0.07007349,0.53565145,0.04953095,0.094101086,-0.18907806,-0.85421485,-0.38422492,0.35662395,-0.036293875,0.08322635,0.13757852,-0.3917619,-0.57837766,-0.47134826,-0.3791192,0.4013181,0.58622926,0.09582949,-0.23853241,-0.21432786,-0.10498309,0.02647258,0.4089203,-0.038742483,-0.09701074,0.09088063,-0.45109424,-1.0697728,0.07568462,0.17226854,-0.30719858,0.16917524,0.4010935,0.7330548,-0.39767206,-0.43722108,-0.07486932,-0.21231766,0.18652527,0.049824975,0.09281042,-0.10019968,-0.18310003,0.10907831,0.5197407,-1.0562512,0.08587221,0.081325896,0.15941373,-0.025359288,0.02798239,0.111134484,0.46405178,0.08234497,0.59696996,0.35767174,-0.37572888,0.014725663,0.18557385,0.35367322,0.2402664,0.1649981,0.15343599,0.2542106,0.0396156,-0.67344147,0.58308285,-0.1508851,-0.006812542,0.10210446,-0.030290967,0.8435134,-0.3643517,-0.23319964,-0.25170112,-0.19886312,-0.2555331,0.33747464,-0.5480915,0.04063382,-0.20733847,-0.39245713,-0.027177991,-0.47975427,-0.110147364,0.13523395,0.03956564,0.045691147,0.4716328,-0.026019385,-0.5552561,0.06643583,0.080400884,0.09736484,0.061451215,0.040976383,0.13193054,-0.12757787,0.2929782,0.027880123,0.3036622,0.5158767,0.099631615,0.20220402,-0.20708492,-0.06588743,0.25229082,0.97216517,0.34069332,0.0031730938,-0.5438255,0.24166644,0.2573429,-0.059136543,-0.17891283,0.16178954,-0.3913325,-0.39721355,-0.45958203,0.08579521,-0.059128895,0.60894585,-0.22861956,-0.3321522,-0.16489533,-0.5524032,0.27035463,-0.27603996,-0.1678691,-0.19290048,-0.30639127,0.20288631,-0.19068001,0.083307706,-0.11753904,0.4338627,0.2457395,0.063444704,0.21887308,-0.042183757,-0.16399497,-0.15800686,0.006524578,0.14867815,0.48294938,-0.047106013,-0.19338949,0.09498661,-0.42860734,0.48365372,0.03195226,0.233195,0.5200909,0.08139805,-0.20479698,-0.06158172,1.0444102,-0.57180274,-0.13798405,0.17245696,-0.44290927,-0.16928579,-0.3269298,0.4233159,-0.7753531,0.6443062,0.002065719,-0.68130755,0.10357492,0.2518758,-0.36089098,0.58404446,-0.11468509,-0.02307906,-0.37337193,0.3273702,-0.17658438,0.14210412,0.23822758,-0.012178906,-0.24380085,-0.52894366,0.20476793,-0.16188794,-0.5394283,-0.3653624,0.024340112,-0.3848402,0.40962932,-0.09165421,0.04393881,-0.2953757,-0.06872921,0.16891758,-0.32397965,0.038767833,0.2320969,-0.4017788,-0.45856372,0.1673205,0.072855875,-0.13495786,1.1400136,-0.118536174,-0.28795436,0.6171113,0.06608802,-0.33690464,0.04861667,0.23579265,-0.24255924,0.4082128,0.49992144,-0.04285009,-0.5911531,0.11984676,-0.008675932,-0.24017203,0.43150333,0.20137125,-0.07817774,-0.018976236,0.28979817,-0.10197928,-0.45592946,-0.20323569,-0.09675765,-0.09655538,0.07899635,-0.45465264,-0.32936633,0.05925171,-0.27648127,-0.09723735,-0.30666947,-0.418684,0.0017095719,0.37937617,-0.026958741,0.11782361,-0.013345326,-0.08215476,-0.36581433,0.0784772,0.15725277,0.40163735,0.24346586,-0.2605743,-0.41158053,-0.036391556,0.57043105,0.115427844,-0.22240868,0.36983845,-0.3198955,0.21949297,-0.6108095,0.04911326,0.23414154,-0.06549565,-0.17970453,-0.12555213,-0.21274906,0.53238446,-0.3624011,-0.3916667,-0.045661334,-0.5499497,-0.04161426,-0.28579953,0.028977972,0.9027958,0.55496293,0.06530404,0.48989528,-0.33428824,0.07227693,-0.34242436,-0.22917429,-0.16865599,-0.23335265,-0.10318766,0.25527954,-0.42090857,-0.29653737,-7.654145,-0.31610575,-0.28960592,-0.2541698,-0.07013572,-0.3981063,0.16804452,-0.018700434,-0.05952181,0.054296155,0.012857985,-0.23103333,0.05090226,-0.29178727,-0.1703214,0.18424837,0.575609,0.12132499,-0.47783622,0.2440738,-0.37461823,-0.31451374,0.21330863,0.055220537,0.58058417,0.16719918,-0.24724273,-0.005135493,-0.0052256095,-0.4195641,-0.5878231,0.1694161,-0.024308614,0.9319535,-0.08646811,-0.075424634,0.092036985,-0.5662429,0.04019238,-0.50126725,0.1493918,-0.14770253,-0.16497399,-0.091118746,0.84040266,-0.6282937,-0.27541363,0.3188698,-0.13177669,0.039551646,-0.12793583,-0.42855996,0.18215147,-0.39587715,-0.040279645,0.059525866,0.12343618,0.62731475,-0.37175304,-0.27687144,0.5436074,-0.29859048,-0.12675487,-0.022209004,-0.06251018,-0.07707171,-0.9883568,-0.70263445,-0.12632294,-0.23373577,-0.32266396,0.55295026,-0.063167505,-1.041957,-0.05391174,-0.37596875,0.25924236,0.069212295,-0.17485932,-0.14689891,-0.48469296,-0.22044006,-0.17570378,-0.17511989,-0.66285384,-0.27713937,-0.028006934,-0.59150904,-0.73258764,0.30305505,-0.15626289,0.17853431,0.15031219,0.12875053,0.059994187,-0.25128567,0.66329813,-0.02603486,-0.019085906,0.2950185,0.482222,0.11536982,0.6097354,-0.2616948,-0.28659642,0.20769328,-0.6580502,0.21514165,0.13185625,-0.46816516,-0.31304473,0.07741745,-0.52130485,0.13259652,-0.21997508,-0.59611285,-0.14183173,0.38857594,0.22780392,-0.7141757,-0.1207959,0.088823035,-0.36256072,-0.4089219,0.56979084,0.07688378,0.03215858,-0.10686514,-0.14183022,0.11612484,0.10754196,-0.14970589,0.03298409,-0.19091532,-0.054984592,-0.28614408,-0.034858376,-0.15691811,-0.19548465,0.3080063,0.30435562,0.18195547,0.39313498,-0.09637326,0.5247301,0.014083955,0.02722364,0.33447254,0.06848952,0.43654782,-0.31511125,-0.9156565,0.34145337,0.03845745,0.75267947,-0.25045672,0.31026733,-0.26569533,-0.2353355,-0.5369301,0.17111601,-0.29069474,-0.0005689218,0.17571533,-0.08139734,0.17267531,0.20183589,0.27949652,0.09958705,-0.82662684,0.18729934,0.51068884,-0.14567278,0.068279855,0.23885609,0.33237293,0.45294476,-0.20690045,-0.091945246,0.42917565,-0.10556844,0.046076678,0.1537093,-0.03481619,0.1327934,-0.15359543,0.14446215,0.30449018,0.16699591,0.6244085,-0.49398056,0.61479735,-0.060654685,-0.3732201,0.20142221,-0.6839316,0.6207343,-0.18355072,-0.12670249,0.50682247,-0.24354912,0.059853207,-0.659442,0.16903687,-0.14671606,0.10616142,-0.035683196,0.36271703,0.28195417,0.22860584,-0.010688176,-0.3527335,-0.5048337,-0.27139202,0.41142848,-0.46073982,-0.38750297,-0.17990364,-0.47641414,0.12096487,0.32289165,0.16475151,0.18182392,0.111928776,-0.18104286,0.24811931,0.15088345,-0.33403388,-0.32907075,-0.18161795,-0.050251342,-1.5458483,0.08789189,0.096790455,-0.2070827,-0.46678066,-0.29379454,-0.04607019,-0.035842057,-0.34522992,-0.051982574,-0.41019908,-0.30781415,-0.49044082,-0.11339344,0.23615928,-0.36612165,-0.078090295,-0.3389405,0.11979866,0.29359964,-0.09738258,-0.046700798,-0.18297756,0.6722177,-0.8084845,0.033113047,-0.12655036,-0.031088682,0.5362291,-0.09059752,0.3299073,-0.015898924,0.03494699,-0.11198602,0.06640593,-0.16284642,0.24298425,-0.13889852,-0.6767282,-0.3519978,-0.014893224,-0.1346002,0.5290132,0.09899351,0.052944575,-0.49218282,-0.5394535,0.20822091,-0.26485083,-0.37760764,-0.15165944,0.047844574,-0.005897925,0.4717633,-0.2560904,-0.42493927,0.30503848,0.18547869,-0.080777556,0.007965875,0.5450604,-0.14744315,0.35232726,0.085988306,0.38466513,0.60858494,-0.0065398593,0.1997969,0.15473889,-0.48910183,-0.2313362,0.54570806,0.008158378,0.31199834,-0.043720312,0.15816317,-0.27858,-0.13062803,-0.44507915,-0.22043966,-0.11085094,0.33272755,0.6487873,0.44713718,-0.233794,-0.47450313,-0.03542571,-0.24027967,0.03541012,-0.18066983,0.10528183,0.8701426,-0.12583233,-0.085660174,-0.14201508,0.18885374,0.09593251,0.22879566,-0.0021372153,-0.38898006,0.07884429,-0.04728905,0.4085452,0.36967644,-0.29518244,-0.29829007,-0.045754682,-0.61900437,0.3193171,0.08511251,0.39555082,-0.2813457,0.34254372,0.01804481,-0.22921698,-0.2296095,0.19392893,0.2546779,0.16658355,0.022348726,0.06649961,0.1633954,0.1988949,0.47029915,-0.106191665,0.38021445,-0.026518356,-0.23722011,0.521722,0.33430508,0.16451421,0.009052587,-0.37637973,0.17420107,-0.04931855,0.11669174,-0.07771421,0.086485654,0.038901053,0.2564633,-0.101789504,-0.006460947,-0.29052714,0.0127478205,0.040856272,0.31151652,-0.31144345,-0.59491515,-0.27228743,-0.31030956,-0.087272786,-0.59529907,-0.09277689,0.33559963,-0.27795535,0.024886312,-0.04086175,-0.20842834,-0.33028477,-0.107955806,0.5456561,0.16120133,0.2392643,-0.34620732,0.08854496,0.20578627,0.119297445,0.4575554,0.18305914,-0.002480612,-0.030663295,-0.21403685,-0.010018265,-0.042935714,-0.3988988,-0.2784993,-0.05689245,-0.48535937,-0.09185021,0.31769347,0.037949096,0.0146521125,0.37946486,0.03554193,-0.009511454,0.6808003,-0.034603342,-0.22491477,-0.24763903,-0.15774295,-0.12769617,-0.09800751,0.53741854,-0.010379097,-0.41295436,-0.11961099,-0.018711556,-0.10864521,-0.15059592,-0.5994292,0.21827577,0.13476808,0.1298881,-0.61333597,-0.46027195,-0.15443061,0.17929238,0.039565932,-0.19651051,-0.059076462,0.1000829,0.2827791,-0.2548992,-0.21219866,0.14220951,0.35327765,0.43061724,-0.7276707,-0.46873063,-0.04096581,-0.16094524,-0.5226948,-0.29940343,0.009935381,-0.110960655,-0.55118936,-0.40136737,-0.32188165,0.30044726,0.0,0,0,1,0,0,0,0,0,0,0,0,0,0,0,1,0,0,0,0,0,0,0,0,0.0,0.0,0.0,0.0
-0.36277443,-0.47652787,0.8238307,0.16718127,-0.057472836,0.4687665,-0.008219328,0.10162893,-0.543325,0.09868548,0.43227437,-0.37508133,-0.04107778,0.09448358,0.3471423,0.22609015,0.13236323,0.21800435,0.22360575,-0.16054316,-0.075505026,-0.017236505,0.15485905,0.13304436,0.4451636,0.15911643,0.3674292,-0.37311828,-0.9744795,-0.27413064,0.37415373,0.2540645,-0.02429564,-0.13757057,0.57983255,-0.33508337,-0.09760601,-0.48954213,0.13585402,0.045636132,-0.6068569,-0.09880063,-0.08772387,0.08998912,-0.38899466,-0.0883646,-0.0010885992,-0.17312904,0.02975991,-0.3025208,-0.6654622,0.2545138,-0.34145695,-0.6473019,-0.11430536,0.30861878,0.12766543,-0.33319896,-0.5378677,-0.19083901,0.34420276,-0.36008158,-0.25616887,-0.23793823,-0.053228837,-0.13595761,0.34605134,0.45095202,-0.8184765,0.018514417,0.041540127,0.022603393,-0.19799902,0.1703281,-0.8258177,-0.2212035,-0.43687844,0.60337824,-0.13568774,-0.4249532,-0.14280938,0.16108663,0.29067963,-0.33613673,0.18560721,0.6034026,0.46234053,0.09786807,-0.25323972,0.9896264,0.14623164,-0.04705933,-0.24988523,0.01006207,0.16563995,-0.66885465,-0.30445933,-0.12597437,-0.2882473,-0.3166546,0.69153994,-0.59261715,-0.048696052,-0.14763363,-0.06427334,-0.09519535,-0.48241398,0.0048829587,-0.057472542,-0.39612424,-0.11298998,0.14881216,-0.039450064,-0.5121148,0.11293816,-0.1256648,-0.02864037,-0.14548975,0.2314045,-0.31654388,0.002832614,0.3400476,0.08570285,0.10773881,0.26588824,-0.08644028,0.38146886,-0.05262785,0.36826533,0.33523542,0.18954088,-0.019804481,0.10991202,-0.31750512,0.11972428,-0.0058996887,-0.13910723,0.13953117,0.26915023,-0.2644799,-0.10205394,-0.67573303,0.47713462,-0.04427842,0.4938154,-0.42188826,0.10384553,-0.19618343,-0.26406842,0.13862148,-0.17580539,0.26375046,-0.7785419,-0.021275025,0.038130328,-0.19463511,-0.34727794,-0.11795708,0.20872186,0.0835008,0.56300634,0.28864726,-0.26675588,-0.055116955,-0.10862783,0.13249302,0.2904957,0.47362834,-0.22569011,0.052626833,0.0061609014,-0.23398916,0.7970148,0.22514564,0.28794736,0.11545573,-0.014744468,0.022949485,0.10526586,0.68186516,-0.5939001,7.2415474e-05,0.7348352,0.027586015,0.5208369,0.039427504,-0.040672306,-0.37965184,0.72822535,-0.033916805,0.054662894,0.07772037,0.69075835,-0.5750106,-0.30003086,-0.2985652,0.44535047,-0.41761112,0.3641106,-0.7207806,-0.22160803,0.509205,-0.034718525,-0.23049574,0.13432372,0.099314585,-0.10680325,-0.07640478,-0.5082876,-0.31227264,-0.05859174,0.08700358,-0.22182125,-0.39912987,-0.028368864,-0.15084752,0.015769918,-0.27139217,-0.47518626,0.5829621,-0.0885145,-0.41477722,0.3429841,0.15212943,-0.3833283,1.1783608,0.16626923,-0.4997908,0.08616011,-0.013787958,-0.1594999,-0.103325956,-0.06502498,0.16155241,-0.28087348,0.08988612,-0.6118579,0.029596373,0.24867505,0.27967584,-0.33580798,0.1303215,0.15077558,0.22069922,0.091927364,0.42690694,0.043389514,-0.5443071,-0.45149013,-0.05150459,-0.15847054,-0.029239155,-0.13808522,0.2639055,-0.025862504,-0.34156236,-0.101415634,-0.42441356,0.07338176,-0.21996906,0.27542445,0.12319027,0.5528494,-0.16148266,0.40028962,-0.07284845,0.06230019,-0.35302562,0.2978619,-0.04555651,-0.2901556,-0.059089042,0.23068464,0.73923904,0.3412872,-0.08772096,0.36506036,0.07338438,-0.46943212,-0.511369,0.04379451,0.12283271,0.25743678,-0.21275134,-0.021692615,0.23281138,0.6563856,-0.04124227,0.23102255,-0.123861894,-0.25210917,-0.68271124,-0.20156588,-0.28334183,0.19088894,0.32075402,-0.5092538,0.37177825,-0.5404925,0.07528428,0.2699227,-0.14724715,0.17022234,0.2327511,-0.0965851,0.06575108,-0.38185364,-0.4357884,-9.059833,-0.42992756,-0.44789433,0.05809684,0.28673217,-0.17427854,-0.035099268,0.04838869,-0.25424886,-0.31619522,-0.018193534,-0.14362583,0.17579976,0.03784558,0.20878688,0.094728634,0.8467076,0.29531786,0.31033638,-0.046366133,-0.12382923,-0.9630419,0.17103368,0.18108654,0.7928053,0.27994198,-0.0136437155,-0.3006813,-0.26806486,-0.10946441,-0.24537922,-0.024267325,0.21663754,1.0932813,-0.16438228,-0.3061198,-0.16436848,-0.15817884,0.04227676,-0.31247914,0.20240343,0.36822975,-0.18704353,-0.12698375,0.951742,-0.28659892,-0.002760422,-0.15801026,0.077602305,-0.4251134,-0.065252565,0.286959,-0.4185212,-0.2858217,0.022701984,0.23955983,-0.064443715,0.627101,-0.41426048,0.20479146,0.058598965,0.041563787,0.07256743,0.39914864,-0.6144714,0.37164006,-0.6548471,-0.18339151,0.037876524,-0.2626956,0.086593315,-0.13493422,0.47992444,-1.5046457,-0.45776585,-0.51104677,0.5121792,0.65812254,-0.074808046,-0.35285872,-0.5040026,-0.8015063,0.46508107,-0.51182973,-0.27139956,-0.4726425,0.0018601286,-0.051880497,-0.23543017,0.17690259,-0.41777048,-0.6547723,0.83141434,0.04502555,0.029355759,-0.35752165,0.54104275,-0.3308057,-0.21949886,0.29247412,-0.096212834,0.259431,-0.1391523,-0.18204546,-0.28187722,-0.09561766,-0.002088928,0.32431108,0.26342022,-0.026563482,-0.0052084005,-0.16966677,-0.23937982,-0.3431207,0.11934796,0.12807047,-0.2153094,0.048767544,-0.21843296,0.17133337,0.10150675,-0.3899452,-0.63355744,-0.75472313,-0.21386454,-0.18576199,-0.6813603,-0.088134155,-0.03718366,-0.35938987,-0.17575523,-0.15561192,-0.3241402,-0.013377122,0.03705939,-0.23700249,0.30130845,0.16917211,-0.038561545,-0.08985055,0.78568864,0.4302544,0.07716124,-0.3143624,-0.18660237,0.09095321,0.0022064184,0.2664469,0.36962333,-0.26101604,-0.21140242,-0.3784302,0.11527818,0.015070876,-0.08516975,0.2590176,0.6214874,-0.2772555,-0.45349586,-0.41737235,0.34363186,0.7252187,-0.07806449,0.23029074,-0.1311709,-0.10518196,0.032392737,0.119353935,0.5770597,0.24247338,0.23593812,0.14569485,0.030714663,-0.048771575,0.25339502,0.26032805,0.4469479,-0.4503397,0.11553786,1.0123187,0.20041563,0.1693893,-0.111196525,-0.045015816,0.8318522,0.12818433,-0.49598885,0.054934043,0.19320531,0.46293738,-0.4586518,0.44029152,-0.45466658,-0.46860072,-0.09514069,-0.43532476,0.26617563,0.14005445,-0.24226288,0.6390466,-0.17862532,0.34032536,-0.1416619,-0.3777667,0.07751467,0.3033857,-0.22198485,0.48495495,0.3372575,-0.11676323,-0.1234088,-0.21723515,-0.5734968,0.22830166,0.1510307,0.1682109,-0.27212188,-0.604793,-0.5744101,0.1772132,-0.06707594,-0.161274,-0.1341502,-0.20681831,0.17563239,-0.42806104,0.044077124,-0.59505945,-0.47368985,-0.33086085,-0.15609154,-1.5394136,0.49959698,0.45189962,0.20285477,0.13236237,0.046565775,-0.051380992,-0.16380474,-0.45901832,-1.1510856,-0.22043529,0.06487453,-0.82941353,-0.53928614,0.3096983,-0.27998927,0.050373312,0.064954445,-0.024832549,-0.15795113,-0.3704306,-0.10700594,-0.3350631,0.15884395,-0.37828746,-0.12690702,-0.65020907,-0.31637242,0.16054983,-0.1927642,-0.34385708,0.30486244,0.38765407,0.09302998,0.18446787,0.1193952,-0.040376816,0.103039704,-0.40503874,-0.24117468,-0.16549192,-0.50099707,-0.15455341,0.34434262,-0.38187173,-0.15714787,-0.5190316,-0.22152042,-0.43073353,-0.23895927,-0.07912039,0.76379865,0.55546474,-0.07224172,0.449197,-0.43512085,0.18204322,0.19026735,0.028549416,0.67322266,0.20344986,-0.47273028,-0.10300348,-0.27910045,0.49558794,0.63750964,-0.685923,-0.021152277,0.13842703,-0.074776895,-0.067591235,0.2790279,0.03786106,-0.76821405,0.058221098,0.30452308,-0.07118835,0.024574444,-0.4988588,0.110246465,-0.28857598,0.68310475,0.8809446,-0.15123524,-0.5144055,-0.6164256,0.39103043,-0.061315488,0.60870355,0.005357002,0.3480276,0.029752424,-0.25654164,-0.07275485,0.17432997,0.112071514,-0.47288528,0.27307183,0.46849746,-0.5078649,0.113536604,-0.09104369,-0.040630583,-0.08122006,-0.8378247,0.086536825,-0.07227596,0.0538091,0.28455758,0.3654638,0.111839525,0.29643548,0.082421504,0.11336195,-0.28360057,-0.3317368,-0.41377753,-0.095853224,0.9350897,0.25165695,0.08426594,0.1823249,-0.018509207,0.1566214,0.24051994,-0.37591743,0.62017727,0.5699814,0.6911768,0.10969156,0.29378372,0.2057961,-0.8489458,0.08707437,-0.03608186,0.118390605,0.3313604,0.08866811,0.36709267,0.48093697,-0.0071824957,0.28004158,-0.2093533,0.25081828,0.22275852,-0.34535286,-0.4465617,-0.17186545,0.65179056,-0.33181533,-0.12726898,-0.38248974,0.023751134,-0.13406882,0.14141543,-0.42795935,0.18690425,0.12307004,-0.38424325,0.17652579,0.3809068,0.143835,0.20468001,0.28891012,-0.53875864,-0.011000106,0.00718143,0.24222499,0.10035589,0.34826678,-0.38504446,-0.43507266,0.5711145,0.06342112,0.04605546,-0.42148563,0.27763706,-0.2736254,-0.62694347,0.5739654,0.12573004,0.13171081,0.26752266,0.4941179,0.06501116,0.27004695,-0.19714525,-0.19108178,0.010234648,-0.6205288,-0.3785948,-0.1017684,-0.37305406,0.1589484,-0.22548923,-0.08364379,0.27826604,0.05142368,-0.41226077,-0.37775123,0.31125844,0.75161356,-0.15239476,-0.492985,0.30537614,-0.2588913,-0.28414696,-0.29954582,-0.025322452,-0.63233125,0.17949274,0.32169083,-0.50727487,0.28982344,0.364189,0.35666075,-0.22401136,-0.40901726,-0.5726216,-0.087327406,0.0491832,-0.024788314,0.27034858,0.7836153,-0.09931271,-0.10451369,-0.5127263,0.25025573,0.23205002,0.0,0,0,1,0,0,0,0,0,0,0,0,0,0,0,1,0,0,0,0,0,0,0,0,0.0,0.0,0.0,0.0
0.038913593,-0.15168765,0.6879077,0.11288722,0.1413639,-0.6145034,-0.18218122,0.9970606,-0.3023299,0.09262985,0.14399207,-0.4520514,0.0068155443,0.5273268,-0.49834812,0.48954108,-0.16247307,0.1282669,-0.114824474,0.027983045,0.43438485,-0.21957035,-0.0017538529,-0.0683695,0.29197076,-0.14163512,-0.19537428,0.23462395,-0.28243414,0.11913906,0.3131027,0.44043976,-0.10033811,-0.106859,-0.23438698,-0.502846,-0.09384294,0.3301604,0.253209,0.15935415,0.07434834,-0.092643015,0.090481184,-0.11108622,-0.020146793,0.22403063,0.056438185,-0.13010728,-0.12509473,-0.6852678,-0.5405563,-0.16082029,0.20894316,-0.17476061,0.14111626,0.16175097,0.39375412,-0.66907287,-0.13841467,0.22339916,0.2709613,-0.007995108,-0.10757286,0.04305586,-0.01714114,-0.40346223,0.0021359092,0.011588159,-0.48802486,0.3182291,-0.00606285,0.055057187,-0.06976831,0.15482205,0.46329853,-0.3548068,-0.121697284,0.1399917,0.23188911,-0.15720445,-0.0036441502,0.45858163,0.31807795,0.20567732,0.545885,0.1773508,-0.16683733,0.26678354,-0.12590614,0.47475892,0.05524783,-0.28894717,0.25842172,-0.23785406,0.36847293,-0.12750944,-0.11600621,0.14962065,0.058551658,-0.046700038,0.168687,-0.34155,-0.14919767,-0.065748416,0.06837372,-0.08623603,-0.12524183,0.5318424,0.061781626,-0.013214094,-0.3033122,0.39594367,0.5266136,-0.07950475,-0.37874645,0.18066353,-0.45789266,-0.053721245,0.32900786,-0.29305497,-0.5897188,0.26212767,0.17238902,0.24456261,0.28658924,0.53859496,-0.023266152,0.049116574,0.14674267,0.29456455,0.20098539,0.35501015,0.10119721,-0.42648885,0.20112216,0.036818385,0.07597899,-0.59291655,-0.38122025,-0.45508122,-0.29738572,-0.11985318,0.06842973,0.51075417,0.039623708,-0.2792441,-0.48190686,0.14663824,-0.023537047,-0.4130379,-0.54016095,-0.17484158,-0.8763087,-0.20525163,-0.09210032,-0.057433125,-0.23288262,-0.15852726,0.15813403,0.64057577,-0.17413795,-0.43506637,-0.35905117,-0.07173751,0.113732055,-0.46316996,-0.038367044,0.35097492,-0.09392497,0.040634647,-0.15015025,-0.5858251,-0.0931457,0.13871366,0.5816847,0.15254022,0.18784441,-0.0060850624,0.18261786,0.6636233,-0.43512112,-0.016008334,0.14826882,-0.040136717,0.0010249526,-0.1541739,0.48948896,-0.05018515,0.6450767,-0.046308756,-0.03989239,0.29384568,0.20887934,0.09245238,0.72330505,-0.34927508,-0.09327411,-0.46268916,0.5414038,0.024131756,0.28437898,0.30377117,-0.07052821,-0.02616197,-0.25921953,0.5505326,-0.3222301,-0.15043236,-0.35503793,-0.19979824,-0.097381786,0.3169278,-0.3427056,-0.2905544,0.35430095,-0.13092162,-0.03618623,-0.31869346,0.19407833,0.14952241,-0.019415608,-0.6862972,0.026123714,0.5179484,0.01871889,0.937602,0.068638064,-0.32841203,0.5030287,0.11873207,0.16847548,0.11750426,0.63285816,-0.3072503,0.15415023,0.41792968,-0.18476494,0.0627385,-0.24851634,-0.100684784,-0.22625832,0.06615609,0.65066344,0.053355303,-0.17317092,0.2181724,-0.5553828,-0.78870463,-0.34454525,-0.55029285,-0.3542952,-0.15596804,-0.35017136,-0.66884965,0.08913064,-0.092175685,0.27230147,-0.31136903,-0.27269244,-0.065716945,0.061762825,-0.045412336,-0.5394923,-0.2157546,-0.14097355,-0.13929036,0.023389313,0.10678408,0.26000756,-0.052983012,0.22490044,-0.39874566,0.065074325,0.56523556,0.35647327,-0.17441672,0.34647572,0.22588977,0.12864292,-0.47125378,0.19869697,0.21720947,0.0038433138,0.13073854,-0.32637623,0.097244404,0.4097725,-0.1304873,0.023034936,-0.5663025,0.10866618,0.095380746,-0.42564163,-0.29116514,0.4846088,-0.19186687,-0.013140669,0.3142984,-0.44134778,-0.6575806,-0.33091953,0.67674774,-0.053776253,-0.14741457,0.1546191,-0.4466666,-0.2286776,-0.5171563,-10.937328,-0.3446659,-0.1501482,-0.09597994,0.006493628,-0.6679013,-0.04664239,-0.2120025,-0.42069355,0.048210695,-0.34078294,-0.475156,0.3262076,-0.37564477,-0.0043758587,0.21577442,0.47079742,0.048339278,0.1669497,0.06115167,-0.089719184,-0.49622723,0.76132965,-0.17355038,0.20004211,0.21886732,0.15897886,0.06777437,-0.23496793,-0.25675595,-0.4761222,-0.012170844,-0.11998974,1.0591224,-0.10863593,-0.031979922,0.04096621,-0.6219523,0.5216762,0.030705182,0.18324703,0.025819318,0.17241968,-0.07917759,0.34900048,-0.35601962,0.25737178,-0.25751826,-0.23436049,0.071381815,-0.27288765,-0.47230846,-0.24950905,-0.38977227,0.12650636,-0.3707246,0.1402687,0.45937714,-0.043433055,-0.42178524,-0.15539262,-0.015773337,-0.64676476,-0.55073214,0.018514609,0.6037235,-0.26552123,-0.49229133,0.1994397,-0.3091937,-0.2949973,0.15893918,0.38327813,-1.536119,-0.31924045,0.28579518,-0.04767726,0.34352538,-0.24219906,-0.041651763,-0.26962432,-0.27107203,0.27338472,-0.0994132,-0.42980096,-0.84557146,0.47747582,-0.32089016,-0.37918952,0.16537341,0.6070572,-0.20415907,0.1574611,0.2246606,0.15692848,-0.038058866,0.46214446,-0.41546443,0.13399433,0.41999936,0.53524774,0.18128803,0.065822095,0.0056217075,-0.036902115,-0.25468487,-0.19177662,-0.115737505,0.21719407,0.010484283,0.24593791,-0.29034644,-0.157821,0.09057572,0.10329877,-0.15773705,0.24641266,0.2629158,-0.39192224,-0.4602172,-0.1440739,0.030564545,-0.22813606,-0.41147804,0.1648136,0.12735471,-0.401845,0.29856646,-0.28756946,0.15344353,-0.026163312,-0.2897761,-0.11254811,-0.009153024,0.22507581,0.19487566,-0.036694255,-0.38664106,0.20274189,0.20294726,0.29453903,0.2537397,0.17323086,0.10748396,0.19326937,0.09619147,-0.0045191483,0.30106214,-0.17858435,0.2130646,-0.8593322,-0.8246956,0.38339236,0.40812668,0.26576135,0.08320511,0.08350453,-0.60016084,-0.5747807,-0.26264337,0.20014709,-0.37111104,0.17880513,0.58309335,-0.10843955,0.42524096,0.12682563,0.0036566043,0.41960242,0.1764826,-0.1899318,0.51322514,-0.4708417,0.17869845,0.22521713,0.20971233,-0.24793571,-0.32093146,0.06679184,0.6241069,-0.061016306,-0.14569125,0.18233567,0.32729778,0.85543287,0.08242547,0.117306635,-0.584466,0.20524728,0.44592738,-0.08006205,0.71152437,-0.0901388,-0.26104066,0.6037957,-0.8722373,0.40111595,0.1761957,-0.013004363,0.47156608,-0.033865884,0.19775745,0.22700672,-0.016710706,-0.48243317,0.092052944,0.22083856,0.48499596,0.36985457,-0.48666847,0.021299396,-0.19806385,0.02613261,-0.04130755,0.05664403,-0.2967161,-0.1184766,0.165553,-0.7552763,0.4427454,-0.30366117,0.032307554,0.010973574,0.24855608,-0.60973,0.040052995,0.4782261,-0.19629757,-0.4807019,-0.19302745,0.43870917,-0.8785682,0.67368054,0.15406014,-0.25117755,-0.046187572,0.29551262,-0.2556425,0.39988908,-0.35548145,-0.28582746,-0.8613607,-0.6205273,-0.34146908,-0.19487114,0.3683115,-0.2553511,0.5326155,-0.55179924,-0.11302053,0.42727715,0.08180765,-0.38340202,-0.18735483,0.01685861,-0.8634742,-0.24936995,0.060952716,-0.18145245,0.011350997,-0.519828,0.1906122,0.076562665,-0.18744934,0.057013344,0.06854891,-0.17702875,-0.05197977,-0.31633756,0.27278307,-0.09946663,-0.06606353,-0.09983694,0.02928132,0.15533604,-0.46558124,-0.50811434,-0.36083966,-0.1035781,0.059277743,0.030735439,-0.3697626,0.16894497,0.15575592,0.0703708,-0.47166225,-0.5179379,0.34722668,0.14498694,0.07746462,0.003243819,0.20315175,-0.38864526,0.45604527,-0.15516047,0.0581867,0.5313487,-0.48764613,0.20522058,0.28776914,-0.24335605,-0.47750214,0.33716896,0.37302676,-0.040628605,0.2938764,-0.11481022,-0.09400616,0.029632553,0.12261393,-0.031877857,-0.15094101,0.7586039,0.41153136,0.00070094696,-0.27476805,-0.2501984,0.056571532,-0.38425073,0.12548827,0.23912752,-0.08570163,0.41357207,2.1368265e-07,-0.4630653,0.43099278,0.0672772,-0.46341723,0.08027691,-0.043747507,0.04524987,-0.1862474,-0.15469708,-0.308963,0.14694743,-0.8575962,-0.08898034,0.26157466,-0.1562695,0.00640686,-0.48472354,-0.002746829,-0.42940152,0.21561018,0.07218209,-0.28705558,-0.15108448,0.032873515,0.303484,0.34333882,0.014001411,0.0008862932,-0.4050362,0.18699537,0.41582143,-0.5189428,-0.35133854,0.26494956,0.12687725,0.8939675,0.74251556,0.02997038,0.062713906,-0.31109333,0.3191009,0.66115165,0.08771701,-0.10132038,0.117148966,-0.20694202,0.10518191,-0.5710775,0.36284882,0.23432186,-0.51311463,-0.19927005,0.3271717,-0.032072056,-0.49070153,0.13135114,0.28804034,-0.25909865,-0.2417355,-0.12648997,0.552869,-0.7422879,-0.23323116,-0.24609742,-0.022872714,-0.1215229,-0.42326295,0.14163308,-0.029914305,0.22430047,0.1903944,-0.2379236,-0.16545482,0.097602636,0.037161045,-0.19051087,0.2482706,-0.21838751,-0.32113212,0.0032064978,-0.05190976,-0.24672642,-0.29023656,0.26309833,-0.40017807,-0.3142751,0.079837844,0.61642003,-0.009105656,0.5729253,-0.009019768,0.15842229,0.19659242,-0.05708451,-0.3746842,-0.054646388,-0.55808246,-1.034732,0.30252433,-0.1608211,0.1302552,-0.7992897,-0.4239813,0.16233395,-0.13408202,-0.57260114,-0.032061026,0.17722765,0.74359167,-0.25557733,-0.5737442,0.34330836,-0.3621037,0.036662098,0.24365182,0.025182849,-0.12701644,0.088974655,0.260727,-0.2693161,0.37702128,0.03780482,0.44255552,0.24366753,-0.24598034,-0.36199224,-0.3729604,0.03499146,0.025236715,-0.052240882,0.10761362,0.12035237,-0.39300624,-0.41358262,0.47935998,-0.068960465,0.25833333333333336,0,0,0,0,0,0,0,1,0,2,1,1,2,0,4,0,1,0,0,1,0,0,0,-0.125,0.5,0.0,0.0
0.30627146,-0.25624156,0.60422057,0.036472667,0.39765742,-0.6440781,-0.0038803797,0.53401184,-0.08419254,0.039066106,-0.32156357,0.027246865,0.1052923,0.19161287,0.16446224,0.53217053,-0.3773218,0.23959117,0.067940064,0.16079634,0.4549503,-0.040424768,-0.21125244,-0.10725052,0.18513866,0.16859373,0.25736445,-0.4353343,-0.9232606,-0.15515079,0.31352702,0.33622134,0.24450961,-0.29356122,-0.12881458,-0.5142308,-0.1781581,-0.3378683,0.057106927,0.41760236,-0.011352535,-0.16847374,0.4052116,0.019855497,-0.114617966,0.07140586,-0.22970608,-0.40386388,-0.01173813,-0.20496377,-0.9194739,0.12225969,0.17670752,0.037693344,0.34425414,0.2460677,0.35584554,-0.46290967,-0.19340685,0.022881936,-0.11341338,0.33033553,-0.12773179,-0.15561843,-0.1429026,0.016547421,0.0862355,0.5803764,-0.9557392,0.25332355,0.07966197,0.08063675,-0.10998018,0.23648289,0.34492168,0.34462535,-0.0046341517,0.6152637,0.25970232,0.008840105,0.19400167,0.42037702,0.3347637,0.26171392,0.36459798,0.36568978,-0.0023059286,-0.06338468,-0.5192195,0.6545523,-0.25388935,-0.025517883,0.172196,-0.23399481,0.76314306,-0.46559578,-0.34399498,-0.47441587,-0.18948147,-0.07518639,0.47399607,-0.25464165,-0.23942119,0.054790426,-0.2654706,-0.079171,-0.80450284,-0.4642669,-0.06235072,0.49112034,-0.16926786,0.3612604,0.03632985,-0.4687395,-0.17584561,0.026420088,0.079971224,0.22156298,0.16959585,0.19909783,-0.019629562,0.56846124,0.03758096,0.18560193,0.32858157,0.056176033,-0.18055685,-0.11132867,0.093267485,0.1805095,0.91426134,0.49254102,0.38879612,-0.32551056,-0.0600642,0.11777918,-0.15607427,-0.39331326,-0.12874536,-0.16517441,0.013636492,-0.2199356,0.06307364,0.011766843,0.2598883,0.32181615,-0.1713692,-0.2695135,-0.53058046,0.37698075,-0.47191188,-0.068347,-0.160633,0.033470124,0.1376924,-0.0025568586,-0.11116955,0.06323071,0.21532652,0.059675828,0.06915962,0.34278733,-0.28421825,-0.0054389765,0.12762524,-0.021228319,-0.20210308,0.43637627,0.006610683,0.011090386,-0.049257744,-0.40272772,0.069206856,-0.08925959,0.22567774,0.3088664,0.10807226,-0.09886394,0.60155535,0.61545426,-0.61888105,-0.16336307,0.3686221,-0.41380653,-0.1982436,0.004642006,0.59473383,-0.5159222,0.27727506,0.15609972,-0.41932115,0.18490303,0.265483,-0.45648178,0.07249054,-0.31838372,-0.2965104,-0.46637607,0.12010806,-0.2327684,0.2604807,0.11730743,-0.3352617,-0.12470048,-0.6469667,0.23967266,0.12559763,-0.5260955,-0.21483353,-0.34158817,-0.44620955,0.2608869,-0.23194829,0.43860176,0.00010481011,0.11012615,0.06661888,-0.15034547,0.04884679,0.044859275,0.1642321,-0.425999,-0.057143893,0.20038128,-0.0021399923,1.1230152,0.057549693,-0.1072164,0.912284,0.2834601,-0.32616207,-0.0099465335,0.4529151,-0.107918836,0.32628798,0.081840776,-0.5006508,-0.7196016,0.22233757,-0.07640478,-0.12200251,0.43218684,0.33241993,0.21430568,0.032940693,0.3196995,-0.109196335,-0.28634724,-0.12823498,-0.1729135,0.1673717,-0.07263035,-0.5828542,-0.43517518,-0.17837803,-0.30676553,-0.39482114,-0.26797396,-0.21531808,0.19352333,0.06068129,0.071447365,0.06500006,0.044952337,0.05952872,-0.59552747,0.43835682,0.013096784,0.38594487,0.17839202,-0.14352752,-0.24620868,-0.115215905,0.35108897,0.19736305,-0.06970241,-0.043030445,-0.06524946,0.01930099,-0.054412693,0.1429625,0.07810735,0.06512374,-0.17498057,-0.4003152,-0.15790851,0.2820262,-0.042364582,-0.47796887,-0.0024722451,-0.5626477,0.4292178,-0.48629433,-0.10913049,0.9469372,0.38169414,-0.27833888,0.37990552,-0.21152422,-0.19181958,0.5667853,-0.25978234,-0.08456239,-0.15065044,-0.23958404,0.29770342,-0.5715383,-0.65368575,-8.491845,-0.5029678,-0.47093773,-0.39100796,-0.12342003,-0.37331977,0.25758427,-0.34012574,0.14126635,-0.011857613,-0.11549242,-0.018375939,0.14001977,-0.302888,-0.2805324,0.52087075,0.70676607,0.027356455,0.13131228,0.25833762,-0.22871576,-0.16967401,0.18740448,0.10634696,0.18757337,0.06512448,-0.14398621,0.011557303,0.11796944,-0.38137764,-0.15820329,0.0681837,-0.2333588,1.0743146,0.19937013,-0.4111689,-0.13061221,-0.3704394,-0.22509392,-0.2752717,0.072201714,-0.0072069536,0.040440083,-0.15172248,1.0934659,-0.5521191,0.26123512,0.28141138,-0.30592212,0.17302759,-0.23137169,-0.55406153,-0.106432855,-0.36014137,-0.05448453,-0.35487187,0.056286953,1.0503303,-0.16452502,0.02208616,0.42788628,-0.39000878,0.018930646,-0.25073028,-0.62255305,-0.29869807,-0.66447484,-0.61090565,-0.119357176,-0.044480577,-0.53927857,0.5447538,-0.060338255,-1.0966234,0.1094951,-0.44491008,0.1547492,0.3149753,-0.3125538,-0.113022126,-0.29937884,-0.35539246,0.027431462,-0.15638322,-0.41652966,-0.3682636,0.106154785,-0.30226603,-0.5356306,0.018127114,-0.38677803,0.20705433,0.24533755,0.0773674,0.12142664,-0.08127704,0.6528459,-0.64741546,-0.0062764566,0.28060192,0.5084925,-0.18308817,0.39326897,-0.35004365,-0.19348559,0.21294473,-0.21786964,0.006727003,0.26364535,-0.23500209,-0.18039003,-0.0032409122,-0.34551534,0.19700982,-0.3644951,-0.17401227,0.44103837,0.22311908,0.22183536,-0.574304,-0.4007127,0.27258405,-0.29140738,-0.27605346,0.112140626,0.06641779,-0.14339289,-0.018808303,-0.5767794,0.17407222,-0.124091476,-0.22507884,-0.04753128,0.079361856,0.120500654,0.0018187627,-0.07658019,-0.095134676,0.41262993,0.17961624,0.000829996,0.35985506,0.36986557,-0.008200094,0.16238232,-0.1323659,0.42298153,0.5208446,-0.034809984,0.1377798,-0.16124314,-0.69841796,0.1661565,-0.1068074,0.48553863,-0.07631863,0.3975003,-0.1208293,-0.097109035,-0.5169762,0.34359017,-0.45626256,-0.00083514745,0.45933127,0.138,0.10801662,0.056564722,0.44125104,-0.07964131,-0.67025656,-0.003340492,0.28602222,-0.23834936,0.13342863,0.30103034,0.2523155,0.27451873,-0.5465609,-0.17268085,0.34101963,-0.015547655,-0.13340706,0.06933287,-0.30067107,0.25626498,-0.4065956,0.12372125,0.38454783,0.5027054,0.6583212,-0.24640495,0.743103,-0.02367441,-0.3465275,0.39103726,-0.7869955,0.465723,-0.45610628,-0.12703267,0.36637866,-0.26904824,-0.008045117,-0.7134498,0.04021823,-0.58208925,-0.07089454,0.039913964,0.2619788,0.13063419,-0.31090364,-0.4684443,-0.5253373,-0.3285508,-0.020478122,-0.23902568,-0.048107594,-0.5535124,-0.13442358,-0.34963828,0.26807827,0.030433113,0.17793885,0.25469887,0.3488324,-0.21309766,0.2968536,0.33893517,-0.24661985,-0.06847085,0.109660566,0.12213192,-0.9233549,-0.11787066,-0.20288692,-0.22115317,0.03459873,-0.90538657,0.18863915,-0.053517405,-0.34139964,-0.4541225,-0.24082476,-0.2777257,-0.31832364,-0.28344083,0.1443899,-0.48396274,-0.028492725,-0.36512673,-0.0019912862,0.22486912,-0.48872128,0.0137272,-0.3522474,0.40283063,-0.43720257,0.13991375,-0.12308015,-0.29297298,0.045339443,0.38614896,0.17575747,0.16207206,0.3449834,0.10363296,-0.08337365,-0.24402569,-0.0075165327,-0.2069094,-0.5313938,-0.40378106,-0.048388887,0.3831031,0.50434226,0.28027755,-0.20896332,-0.037293717,-0.3566907,-0.31969517,-0.32975397,-0.30255872,0.010113998,0.40399438,0.14795895,0.48741254,-0.29384622,-0.42752823,0.20779955,0.08343096,0.016078582,0.22474304,0.55247873,-0.4702888,0.14390197,-0.15025948,0.37695372,0.5628471,-0.37180015,0.3368695,0.34647682,-0.1417621,0.17825088,0.6010036,0.1093922,0.08424136,0.25085878,0.06096286,-0.13212459,-0.02682485,-0.1624559,-0.19775985,-0.314297,0.32770434,0.85119647,0.12478363,-0.4276394,-0.70292354,-0.16081831,-0.61046076,-0.072354905,-0.08353667,0.46408096,0.46893638,-0.056124363,-0.26869538,-0.137811,0.13307911,-0.21520859,0.39652878,-0.17537463,-0.2168724,0.013849085,-0.30673832,0.32699487,0.12958993,-0.25150418,-0.3295351,-0.16877751,-0.37433314,0.06895985,-0.1773016,0.05642174,-0.25481004,0.40832695,-0.19664566,0.10733717,-0.24188493,-0.07659661,0.14332475,0.08192165,0.21087286,0.15725233,-0.19893631,0.30617508,0.056087457,0.0034034073,0.18703078,-0.094818294,-0.13105743,0.5193196,0.37658292,0.19607748,-0.1328592,-0.6783774,-0.23132373,0.04948647,0.33060455,-0.2555689,0.063654184,0.23959869,0.42613402,0.2192269,0.05293392,0.07731294,-0.099298745,-0.13840993,0.10053621,-0.051323038,-0.2440632,0.06267872,-0.34435546,-0.13742447,-0.67432755,0.14526935,0.4435717,-0.35439503,0.03461926,-0.09927388,-0.28241244,-0.37396553,-0.47086403,0.46068633,0.1017892,-0.17929836,0.0139031,-0.09175625,-0.07742551,0.17870401,0.18191487,-0.17073415,-0.120045215,-0.0491238,-0.079289965,0.042335555,-0.17558388,0.04473812,-0.13093801,0.46348873,-0.51819515,-0.011218054,0.34070882,0.34683388,0.07628484,0.13573042,-0.022395056,0.28209624,0.8268898,-0.021650678,-0.3658968,0.10809129,-0.43102282,-0.33489496,0.2647172,0.025896464,0.12132019,-0.60764784,-0.27726462,-0.0380562,-0.17671122,0.33263233,-0.2095946,-0.20362335,0.15723734,0.31929374,-0.544019,-0.43332207,0.034845393,0.32334828,0.16255909,0.30399823,-0.3166808,-0.12724017,0.28424278,-0.27829322,-0.059059545,0.148607,0.008831334,-0.026212191,-0.66405797,-0.2619349,-0.26107377,-0.17584099,-0.8300309,-0.35993958,0.14297779,0.20626995,-0.3543462,-0.35638916,-0.16475765,0.33154136,0.13333333333333336,0,0,1,0,0,0,0,1,1,1,1,0,0,1,2,0,0,0,0,0,0,0,1,0.0,0.0,0.0,-0.13333333333333333
0.41300923,-0.007911396,0.83238596,0.042132866,0.3301511,-0.26945084,0.40795848,0.921457,-0.33276957,-0.26403487,0.24874109,-0.32485214,-0.027870763,0.23752385,-0.09005604,0.47307527,-0.3392838,0.5799813,0.078836896,-0.12506261,0.24760975,-0.10959262,0.028302591,-0.014587478,0.36137816,0.18723267,-0.09168181,0.065916315,-0.91606706,-0.08388069,0.15588608,0.2758432,-0.091391586,0.040799107,-0.7296472,-0.36852157,-0.28758335,-0.3022548,0.0030052466,0.38686314,0.1623445,-0.20003211,0.31258407,0.031245984,-0.26183915,0.01717412,0.08124678,-0.26170543,0.1806355,-0.6680169,-0.021267643,0.10790306,-0.31573173,-0.2587875,0.1389728,0.16197993,0.61484647,-0.5290564,-0.017064877,-0.10689402,-0.3689187,-0.46672642,0.060530797,-0.15962853,-0.16045678,-0.47708866,0.060573082,0.18802962,-0.9772548,-0.18852548,0.22814426,-0.11639997,0.24985714,0.18973032,-0.2108733,0.077531725,-0.019722156,0.27990234,-0.019148096,-0.30252016,-0.3895418,0.18371223,0.7196142,0.3070166,0.36229655,0.17480619,-0.28507698,-0.2645122,-0.2034797,0.82789683,-0.083212264,-0.11402365,-0.0240767,0.0650335,0.75765365,-0.38363773,-0.42490867,0.07072807,0.047360204,-0.11257015,0.34787872,-0.62745976,0.0052082078,-0.40096924,-0.16620144,0.056680392,-0.53032774,0.055115525,0.35577735,0.040735513,0.20373398,0.20449388,0.19544709,-0.4231184,0.3634672,-0.026743667,-0.18841165,0.18595421,0.35423747,-0.16867317,-0.25207442,0.5558166,0.33871704,0.18096796,0.39915735,0.22159754,0.054250922,-0.09811357,0.04417504,0.02976593,0.3232707,0.32424557,0.44011757,-0.31824633,0.29635188,-0.009600791,0.34655362,0.09793128,0.32981527,-0.5372476,-0.13995738,0.06905796,0.24619006,0.16852589,0.26873723,-0.015062752,-0.07418445,-0.11750689,-0.04351474,0.37977833,-0.06414545,-0.20655869,-0.5008377,-0.12091796,0.16208336,-0.3184069,-0.29795164,-0.26443994,0.3478202,0.4067326,0.21497545,0.07134775,-0.21982738,0.0019247186,-0.070930436,-0.22777565,0.21684393,0.20650607,-0.064964116,-0.07077075,-0.21976851,-0.3361612,0.46673486,-0.03777402,0.6534819,0.0006189024,0.41178405,-0.4866101,0.21294113,0.8204215,-0.40800104,0.1455253,0.47625172,-0.44530937,0.076007664,-0.06905272,0.84380585,-0.40476322,0.19127963,-0.054783754,-0.2080688,-0.1474897,0.14149521,-0.4708728,0.330204,-0.30810332,0.09005795,-0.3066376,0.64456445,-0.012963736,0.055241395,0.4202454,0.36213306,-0.33996308,-0.6157432,0.53630096,-0.059888437,-0.0017111552,-0.36422923,0.25367692,-0.11594347,0.26878104,-0.2125042,-0.22862856,-0.07032884,0.38041848,-0.0046965657,-0.2727331,-0.16351597,0.22061077,-0.22891462,-0.49323028,-0.29659986,0.09525854,-0.40317872,1.0864829,0.29804093,-0.35226348,1.051838,0.06449224,0.047331657,0.14584863,-0.08464022,-0.24244185,0.53465176,0.32124153,-0.3158035,-0.4044471,-0.19229864,0.61229736,-0.5566672,0.3671641,0.47091118,-0.20993957,-0.40643185,0.535589,-0.17114535,-0.64796746,-0.16571671,-0.256891,-0.20202938,-0.5464233,-0.29227927,-0.5688479,-0.04972989,-0.37114197,-0.2686981,-0.24142317,0.08341867,0.20565805,0.51804805,0.044511773,-0.06414216,-0.15351573,0.25851583,0.08642562,-0.091821104,0.19236743,0.19671708,0.63840574,-0.17165191,-0.07575552,0.1576074,0.4331633,0.054273658,-0.17946672,0.12457932,-0.10838184,0.22788498,-0.48430815,-0.2058028,0.6033335,-0.07404513,0.04609338,-0.45302108,-0.28887397,0.48076794,0.12123558,-0.124008596,-0.44956216,-0.06281814,-0.027798556,-0.34360152,-0.36007583,0.97187036,-0.09042045,-0.003133756,0.28331318,-0.68126297,-0.36542788,-0.2350626,0.08935305,-0.096236914,0.03483599,-0.08565016,-0.16089016,-0.60679775,-0.2720351,-10.408529,-0.005841837,-0.024509968,-0.24407484,-0.0860083,-0.21319656,0.069135144,-0.15556823,-0.51421905,-0.081568345,-0.4728405,-0.28134325,-0.14351147,-0.3625352,-0.017879432,-0.40457729,0.8185893,0.45850208,-0.03325358,0.36926723,-0.183116,-0.49830943,0.82694113,0.13968188,0.34673843,0.31121162,0.32497188,-0.01658747,-0.13686225,0.26747614,0.013915425,0.2020406,0.032475892,0.7393315,-0.027500022,-0.014079426,0.23263147,-0.613297,0.5306704,0.039707143,0.5320388,-0.23108354,-0.40262333,0.17065349,0.42781776,-0.6907586,-0.13670078,-0.02130963,0.005898275,0.07782118,-0.30793393,-0.65555495,-0.4190738,-0.47430927,-0.15291025,-0.22763482,-0.1425386,1.1152893,-0.2522828,-0.2569752,0.42708188,-0.28030115,-0.5215634,0.2024695,-0.33929974,0.40904152,-0.6980839,-0.4680786,0.1825478,-0.08261394,-0.060252417,0.5798171,-0.0559726,-1.5582942,-0.07158297,0.5622599,0.007907939,0.28210804,-0.46558395,-0.2613992,-0.5780687,-0.5874934,0.121790476,-0.17582285,-0.4766888,-0.637295,-0.54086936,-0.56174964,-0.297509,0.28608605,-0.14958033,-0.00038247608,0.33745006,0.27919692,0.16123018,0.056469113,0.5393883,-0.4624515,-0.15667246,0.28528196,0.23215109,0.036611613,0.72212756,-0.27516776,-0.43995908,0.14806269,-0.30199257,0.21297501,-0.18279548,-0.12580852,-0.08316708,-0.0885383,-0.30125883,0.0064274822,-0.56221265,0.006672967,0.10795461,0.082357265,-0.40722883,-0.41836387,-0.05438973,0.45771372,-0.29267293,-0.33751282,-0.08500599,0.027405018,0.11663991,-0.08443573,-0.32239434,-0.13308258,-0.10247683,-0.4905465,0.02699612,-0.3133635,-0.0809056,-0.17387035,0.09715788,-0.32632825,-0.20868717,0.14300792,0.30825454,0.1049403,0.55245584,0.259515,0.14534077,0.3234916,0.21349762,0.2501134,0.10508247,0.49858907,-1.0112851,-1.0596899,0.057849884,0.02950075,0.19641882,-0.11445117,0.42871654,-0.36524352,-0.07276332,-0.4650707,0.34899643,-0.37567973,0.091685325,0.48232782,0.42915314,-0.062300052,-0.02940872,0.3099379,-0.061643783,-0.2616491,0.08744134,0.7793833,-0.1044056,0.1997492,0.07929147,0.31711587,0.2951625,-0.31898817,-0.26511505,0.5276112,0.27797946,0.23533516,-0.051464036,-0.35596335,0.3832346,0.12552835,-0.013494794,0.46181124,0.07469325,0.59668463,-0.47032523,0.51961964,0.18125345,-0.5910822,-0.04071132,-0.9020827,0.23275818,0.0043246476,-0.009227927,0.301275,-0.07968024,-0.2643806,-0.76285064,0.36297393,-0.22702374,-0.20919675,0.2916489,0.3590084,0.45532596,0.18100491,0.11260698,-0.33316574,-0.8705294,-0.09475579,0.36265928,-0.27477035,0.032495726,-0.3319056,-0.57741034,-0.16112193,-0.12631777,0.08631505,-0.25106642,0.17150502,0.030981598,-0.07252331,0.14138827,-0.49297976,-0.2977483,-0.07516288,0.4752553,-1.7785069,0.11701976,0.02159815,-0.052669223,-0.06479438,-0.118187726,0.51159894,0.18551785,-0.12597811,-0.52084684,-0.6188564,-0.30711877,-0.6391014,-0.34923062,0.18452163,-0.3563651,0.009254691,-0.09928404,0.109749965,0.24019498,-0.22630945,-0.1255377,-0.4103888,-0.045500163,-0.78558004,-0.2346644,-0.0055266046,-0.07734427,0.4358793,-0.3251092,0.28815573,0.05506017,0.2177695,-0.2020392,0.11162608,-0.029881675,0.3408676,0.082592316,-0.26688108,-0.25069168,-0.15237394,0.07235739,0.40708843,-0.17668873,-0.40868884,-0.26762834,-0.68131274,-0.21980898,0.023597753,-0.313432,-0.040812302,0.08731427,0.13964164,0.248694,-0.13871652,-0.23058946,0.18555214,0.37997058,0.3236118,0.06297027,0.33943233,-0.51452357,-0.09429617,-0.22940306,0.3049521,0.6863157,-0.268617,0.061673623,-0.15033914,0.046255093,-0.009757691,0.09427127,0.18251057,-0.1415527,0.11172635,-0.045867577,-0.027577424,-0.107858315,-0.19608314,-0.3757862,-0.43643725,0.5026964,0.6453516,0.08405154,-0.019579055,-0.1494826,0.059394363,-0.44188023,0.28562713,-0.023883019,0.067142665,0.92052436,0.05674761,0.34216702,0.020457488,-0.22066422,-0.31077403,0.23103897,0.3941288,-0.11647584,0.26969108,-0.15758047,0.15538853,0.085849196,-0.42763832,-0.09866746,-0.19518046,-0.6217859,0.23610823,0.07578942,0.3521637,-0.023417726,0.4767318,0.2298401,-0.007819878,-0.36030036,-0.06264408,0.5962509,0.24713276,-0.21014826,-0.08893276,0.14803652,0.10307594,0.6007178,-0.15343401,0.034986306,-0.026412955,0.17406073,0.4627872,0.3835377,0.24160479,-0.087658666,-0.3614481,0.33410424,0.02841212,-0.0012191013,0.21270353,0.19732448,-0.05101407,0.24198407,-0.001122742,0.4317519,-0.17967774,-0.54431325,-0.12572001,-0.23679794,0.2652607,-0.4926863,-0.087443806,-0.06857589,-0.046431456,-0.30235666,-0.12808621,0.3008919,-0.75763595,-0.3102422,-0.10489295,0.23680149,-0.1100593,-0.07753489,0.29109424,-0.42534348,-0.2896557,0.025959235,-0.44561958,0.29689223,0.25657803,0.45539466,0.074674316,0.41098142,-0.35922128,-0.072953366,0.00012152441,0.10268834,0.020551894,-0.3725708,0.03330013,-0.2058341,-0.113967665,-0.012012864,0.39628357,-0.07519278,0.44963592,-0.029466644,0.06766515,0.2737248,-0.5328359,-0.17766497,-0.11415976,-0.3041295,-0.22795795,-0.03641129,0.11809309,0.23605801,-0.60890657,-0.41746315,-0.0139344,0.052169517,0.040503167,-0.12928621,0.46118367,0.23757942,-0.057982206,-0.34883267,-0.19039495,-0.18068531,-0.07002368,0.15434904,0.10300582,-0.12927313,-0.15477328,-0.0728458,-0.24460457,0.0657429,0.22911769,0.4200756,-0.34325296,-0.7783876,-0.39302596,-0.620648,-0.18763775,-0.08405303,-0.1751575,-0.14945081,0.17887779,-0.32536235,-0.44843385,0.20055458,-0.03248606,0.0,0,0,0,0,0,0,0,0,0,0,0,4,0,1,7,0,0,0,0,0,0,0,0,0.0,0.0,0.0,0.0
-0.1773159,-0.002492433,0.063772716,-0.18908648,-0.018445456,-0.19970071,0.94425875,-0.18436474,-0.68015414,-0.42689303,-0.06535398,-0.4238825,-0.027580397,-0.21335518,-0.40447214,0.12634416,-0.084535725,-0.11327068,0.31656525,-0.0285936,-0.1348256,0.05326289,-0.12585334,-0.55281645,0.2677264,0.08348939,-0.11764795,-0.09794534,-0.35360375,-0.018034676,-0.070564024,0.23620808,0.4708747,0.06473965,0.014277357,0.09238217,-0.2517421,-0.020663062,-0.5298943,0.15140273,0.005962215,-0.17358108,0.45362929,0.1786717,0.08643509,-0.53159726,-0.67545265,0.27746162,-0.17821288,-0.34151945,-0.011839445,-0.05444069,-0.14755425,0.12531452,-0.2279327,0.15133573,0.6722669,-0.049477547,0.3199798,-0.40459827,0.053444307,-0.16369487,0.0882315,-0.37314072,-0.41113874,-0.059115496,0.5348042,0.4655044,-0.26578015,-0.039974254,-0.0886817,0.21399046,-0.1038918,0.26899537,-0.22132695,-0.3201217,0.05213901,-0.19033082,-0.0061379727,-0.2911367,0.06910717,0.16722526,-0.19048977,-0.27664107,0.052844625,0.035701957,-0.16869111,-0.29279006,-0.55740404,0.51298964,-0.16523169,-0.2132426,-0.48341215,-0.17497213,0.15689264,0.2533264,-0.08941823,-0.12638853,0.06423156,-0.33721855,-0.28331605,0.012538345,0.24913962,0.49276593,-0.13865285,0.061977755,-0.024383882,-0.10488236,0.34317365,-0.01485879,0.2890175,-0.082780026,-0.07616629,-0.07083544,0.043371487,0.05355106,-0.26743275,-0.45252836,0.09629732,-0.33504656,0.09076231,0.03465573,0.14111294,0.15411326,0.24660347,0.05158402,-0.14167322,0.058994308,0.11611452,0.40604398,-0.17668144,0.4169062,-0.20920576,0.37300193,-0.13066058,0.18130945,-0.13608633,0.50589055,0.1614,-0.27863654,-0.36933747,0.70567274,0.0043885172,-0.32562625,0.5627589,-0.072306655,-0.2995577,-0.011744372,-0.34551808,0.06863313,0.2656103,0.17448299,-0.1509274,0.29386148,-0.04620279,0.02005845,-0.0075721983,0.31754234,0.29217848,0.14561176,0.66855603,0.28788993,-0.033728793,-0.13081016,-0.41392362,-0.1641903,-0.24581371,0.50323963,0.40161708,-0.23327644,-0.23069526,0.29161346,0.4789548,0.13857971,-0.29425254,0.081860535,-0.32931203,0.13332762,0.20345455,0.7196713,-0.87582326,0.17016454,-0.15713002,0.28920898,0.070247866,0.09164821,0.3566631,0.037655223,0.4537697,0.34951723,-0.550289,0.23964189,0.010393028,-0.1622772,-0.08943731,-0.17190517,0.018405141,-0.5847206,0.4782219,-0.04052445,0.4337091,0.6989181,0.12947154,-0.13185906,0.026304796,0.13293986,-0.10719296,-0.23314045,-0.14393665,-0.10961434,-0.25675455,0.31540653,0.32127646,-0.18783127,0.5427384,-0.24194224,0.0010417713,-0.1556197,0.1656625,-0.29887456,-0.016820464,-0.03315169,-0.29071686,0.16501582,-0.14070325,0.61851674,0.59852,-0.052016187,0.26054132,-0.384739,0.06334769,-0.34758508,-0.20842834,-0.106330104,-0.28758588,-0.007047884,0.1714076,-0.5332636,0.45355377,-0.10874615,-0.48616707,0.07660408,0.65338224,0.28293887,0.15407099,0.00033524074,0.034886707,-0.3839402,0.35280868,0.22337818,0.16711344,-0.18706302,0.37957427,0.3387004,0.030463183,-0.4417952,0.11467665,-0.17408691,0.14594169,-0.053279724,0.19238012,0.19744398,0.8466143,0.2305658,0.123681374,0.017892005,0.0771605,-0.1118614,0.029714027,-0.28855783,-0.45527565,0.26962477,0.12234038,0.264217,-0.34555316,-0.21930663,0.32524538,0.2836424,-0.16618425,-0.5116915,0.08825386,0.47027287,-0.41934693,0.29802778,0.36677352,-0.33694756,-0.3089126,-0.41119337,-0.23035835,-0.05170786,0.0061837253,0.22404164,0.34816632,-0.5863423,0.08667304,-0.13165668,-0.054421123,-0.14355995,-0.1100857,-0.15615647,0.15540402,0.06656794,0.097433485,0.14803396,-0.11371683,0.40111962,-0.12991613,-0.28092313,-12.97358,-0.40749732,-0.13302755,-0.19381593,-0.11015127,-0.13942023,-0.2345892,0.0010359673,-0.48324272,-0.04255351,-0.10031989,0.23704849,0.15603611,-0.1096902,-0.15521277,-0.5751732,0.32919392,-0.17373048,-0.1264533,0.37508836,-0.14894867,-0.057323847,0.27338132,-0.35097185,0.022059264,-0.3656564,0.17268121,0.16534367,-0.46848384,-0.3258447,-0.1654564,0.0586191,-0.2984686,0.26126108,0.014102128,-0.22369404,-0.10716484,-0.066783965,0.77824235,0.2506155,0.048137993,-0.16547835,0.07035305,0.40284383,0.17646827,-0.28774023,0.16014682,0.1239971,0.0037518225,0.103541076,0.27568272,-0.20729895,0.22805987,-0.32437953,0.20655708,0.3392763,0.13368525,0.26382157,-0.021987705,-0.3012662,0.69354606,-0.09188083,-0.19244148,0.5714733,-0.04516622,0.11433787,-0.3803148,-0.68378466,-0.22050415,0.2603844,0.34361592,0.26172432,0.4347951,-1.4340941,-0.43035182,-0.07596833,-0.10471841,0.10493872,0.17164676,-0.10800532,0.14864853,0.34913042,-0.09688602,-0.037022244,-0.15027134,-0.19949208,0.003155851,0.25363216,-0.45116094,0.20932807,0.50581473,0.04562505,-0.24836423,0.16071232,0.0069412687,0.037614647,0.1399013,-0.30933997,-0.13264605,0.24202643,-0.23132384,-0.44680083,-0.21661095,-0.14233655,-0.2103043,-0.06031142,-0.13517208,0.5634262,0.84396863,0.17613572,0.08730453,-0.104168564,-0.0021542867,0.10400796,-0.49320817,-0.37757412,0.37519678,0.040095147,0.31427833,0.056241397,-0.023150297,0.02301229,0.3461903,-0.08479438,-0.038571607,0.0791103,-0.3261132,-0.17472942,-0.038946465,0.15330262,0.26943463,-0.73130065,-0.06216306,-0.28927362,-0.17420642,0.18065327,-0.05000468,0.17507996,-0.33975354,0.43033075,0.6112883,0.32777762,-0.59306103,-0.010488822,0.065680265,0.30491674,-0.025563357,0.26447627,0.49502614,0.2968921,0.1799546,-0.861123,0.17797673,-0.21713452,-0.09500142,-0.5631198,-0.008530606,-0.86032814,-0.043417763,-0.18012886,0.03729373,-0.4727532,-0.21766917,0.073444135,-0.46826676,0.087674715,0.4552066,-0.25937787,-0.20832229,-0.27550092,-0.18636607,0.14116766,-0.19373025,0.27438942,-0.25518936,-0.20150362,-0.12799613,-0.6634302,-0.42079166,0.40004364,0.033926826,0.18220711,-0.4688251,-0.0077263475,0.14672054,-0.2095441,-0.17800593,0.0675636,0.3912313,0.03645962,-0.045957495,0.036296953,-0.13222127,-0.3278956,-0.2567909,-0.15577246,0.13458954,0.05950154,0.46990266,0.46486107,0.05823612,-0.9574969,0.22632392,0.18526752,0.0016766529,-0.11597037,0.356951,0.012674417,0.064418964,-0.2215709,0.07030492,-0.3264873,-0.3894061,-0.090904236,-0.23963697,-0.0110067865,-0.2410302,0.3677329,-0.21529825,-0.25405934,-0.5573476,-0.13810222,-0.15524544,0.13767737,0.22725713,0.38251653,-0.1192328,-0.4804717,-0.3872019,-0.27122974,-0.43518242,0.06591648,0.0136480285,-0.027072057,0.30208498,0.06679391,-0.60660064,-0.39984885,-0.3658961,0.21349686,0.26462972,-0.41280952,-0.08635042,-0.5109145,-0.25873724,0.3491011,-0.19546364,-0.11174665,0.57702094,0.36620495,-0.2947656,0.3241389,-0.0028855184,-0.22590359,0.05302166,-0.81702876,0.28370705,0.041112144,0.20221537,0.44916618,-0.25862807,0.61732346,-0.092152804,-0.022169152,-0.55167466,0.016849522,0.018094542,0.02469041,0.16636203,0.0013500024,0.226801,0.028704962,0.23942916,-0.23800765,-0.4093928,-0.048223093,-0.17355795,-0.23791635,-0.5544868,-0.04919472,-0.3293675,0.11038252,-0.5450279,-0.29757455,0.30925614,0.058862973,-0.33411756,-0.56194323,0.007243793,-0.2180262,-0.021435566,0.33687332,0.034564346,0.15000321,0.33967713,0.14708751,-0.042980414,0.22824095,-0.5924998,-0.1491376,-0.4880457,0.05793422,-0.035713304,-0.1778267,-0.28444764,-0.11671898,-0.38169703,0.07694773,-0.26679504,-0.21709955,0.06988814,0.33561775,0.034563985,0.4509537,0.2656586,0.28935817,-0.13429435,-0.6002969,0.017773613,0.4688162,-0.43941355,0.067863874,0.6715446,-0.029197728,0.10446674,0.016565146,-0.16464739,0.071740665,-0.19838035,0.30104107,0.13725017,-0.22700942,0.12842782,0.36314857,0.3582387,-0.09892717,0.6453789,0.035061624,-0.4630654,-0.12065909,0.24911046,0.13864543,0.012092662,-0.32491353,0.103791006,-0.53949714,0.0958159,-0.11459184,0.053021222,0.61911803,0.09573642,-0.8529453,-0.19554336,-0.10870302,0.33698085,0.09812527,0.08022027,-0.1476806,0.3626323,0.32767433,-0.075020455,0.007975583,0.047477815,-0.20850928,-0.14818095,-0.31783754,-0.0628399,0.12255859,-0.45573652,-0.13441361,0.07899489,-0.022745252,-0.32005885,0.49776688,0.075356506,0.078528844,-0.5139845,0.3884443,-0.12055346,-0.51561147,-0.36458203,-0.09755542,-0.1976099,-0.4818348,0.5264176,-0.19172652,-0.059382472,-0.33040074,0.28003955,-0.19621299,-0.14232792,0.35083124,-0.20955229,0.13705449,0.19203277,-0.29672578,-0.1593315,-0.23039019,0.27913496,0.13827668,0.29888466,-0.37977386,0.18530524,-0.24346147,0.33044058,0.2069136,-0.20847298,-0.13154246,-0.39888024,0.010654073,-0.18533967,0.40571877,0.17439778,0.09488478,-0.20690823,0.18090011,0.051694423,-0.28634417,0.35065058,-0.022706626,-0.6203527,-0.0070805917,0.116791725,0.16868447,-0.31457272,-0.18857867,-0.47034767,-0.19578014,0.0010908935,0.5984304,-0.33030355,0.5159705,0.09264331,0.03445476,-0.14093824,-0.26529774,0.028122678,0.1999991,0.11883915,-0.26175565,0.4053816,0.27313498,-0.07427465,0.35819933,0.41572055,-0.12187007,0.17796366,0.21921413,0.00021061736,-0.058142733,0.3617098,0.41106322,0.13091819,-0.048824836,-0.037996463,-0.03592114,0.09670789,0.09666105,-0.42675805,-0.08498118,0.5,0,0,0,0,0,0,0,1,0,1,0,0,0,0,1,0,0,0,0,0,0,0,0,0.0,0.0,0.0,0.0
0.30915073,-0.26433915,0.3093691,-0.107967965,0.56161106,-0.543039,0.18568186,0.90882635,-0.22513105,-0.48840213,0.1456545,0.13475479,0.09871967,-0.18933135,-0.24651209,0.38864326,-0.7346733,0.6056848,0.13323884,0.3797765,0.23506443,0.111782655,0.085945226,-0.08807234,0.49463502,0.3652296,-0.39451587,-0.43911672,-1.1369516,-0.3594246,0.62429446,-0.06462641,0.4678878,-0.05306829,-0.25392228,-0.4469301,-0.08350874,-0.009018626,-0.1976654,0.30491868,-0.09288131,-0.17022665,0.061009273,-0.26720557,0.01745999,0.042487208,-0.070758134,-0.24311823,0.16642378,-0.28446874,-0.30581826,-0.24539313,-0.1667353,0.013999014,0.27122313,0.075668216,-0.28575367,-0.3985302,-0.64085984,-0.05163547,-0.35915843,0.3422813,-0.020888744,-0.0033206248,0.15278812,0.25920168,0.23551746,0.2960055,-0.45944586,0.03687302,0.12709734,0.04540447,0.21577357,-0.052264765,0.41058704,-0.029939406,-0.5624166,0.97450083,0.08179357,-0.14985113,-0.2144668,0.3467189,0.10486426,0.070885845,0.29029962,0.062163528,-0.2711049,-0.057504945,-0.53244597,1.05396,-0.37762108,-0.24105626,-0.28988576,-0.149267,0.31338885,-0.77133995,-0.402456,0.025242286,-0.36802024,0.1775503,0.5267363,-0.1972636,-0.31455597,-0.13023269,0.13064247,0.005379096,-0.086882375,-0.19898063,0.13277131,0.30209598,0.13816166,0.0024633212,0.07007784,-0.71076035,-0.01977406,0.29228324,0.21781124,-0.32851696,-0.32145733,-0.22945668,-0.014751029,0.388328,0.028895622,0.19968659,0.44725966,0.21622783,0.48441324,-0.57737035,0.07351659,-0.8252371,0.20916018,0.7833391,0.100719,-0.36938694,0.36042386,0.1796415,0.2057329,-0.44424385,-0.04070985,-0.11120104,0.21119164,-0.13294078,0.22195825,0.3459121,0.30608398,0.083567105,-0.1719894,-0.3861979,-0.060127415,0.30271333,-0.49325973,-0.23449019,-0.0011456398,0.20877117,-0.48796955,-0.4178013,-0.0005397708,0.11130132,0.35322648,0.1306687,0.2789625,0.019419685,-0.31072438,0.27791524,-0.11959914,0.5380881,-0.44736797,-0.43351474,0.08147921,-0.15406945,0.35394725,-0.12324274,0.6030171,0.12650849,0.546365,0.28519544,-0.20631447,0.29144368,-0.23632991,0.5667228,-0.564904,-0.36651465,0.091106795,-0.41487327,0.09359649,0.027321475,0.8143063,-0.14987515,0.41600892,0.38509938,-0.5534718,0.2249164,0.4050416,-0.06316564,0.09799345,-0.1572159,-0.27957007,-0.08692587,0.18418686,-0.3514368,-0.08536553,-0.023218,0.15491521,-0.1890643,-0.64590895,0.045415487,-0.4189369,-0.15281776,0.12519497,0.27326643,-0.58603656,0.37299106,-0.26756567,0.406263,0.20714746,0.1871777,0.102479555,-0.12530635,-0.36129212,0.07745323,0.3326376,-0.001038507,0.23796761,-0.23740299,0.03858019,0.9247993,-0.33538142,-0.21870427,0.5161661,0.26856986,0.024095746,-0.4446795,0.18490928,0.17304154,0.7970971,0.45955372,-0.575874,-0.80199844,-0.34464213,-0.11824868,-0.35133636,0.013722344,0.58181155,-0.08822989,-0.32286537,0.2798558,-0.06443017,-0.48652634,0.3437695,0.03328506,0.060425486,-0.40076315,-0.4239339,-0.78567034,0.08814387,-0.26004982,-0.44689846,0.120826356,-0.28833497,0.020263007,0.6304792,0.03303013,-0.08716491,-0.15258078,-0.22695358,-0.67340094,0.50829774,0.5848205,0.14611602,-0.27422434,-0.24244791,-0.2965841,-0.14141051,0.8535534,-0.10992493,-0.02888772,-0.06982484,-0.21683562,0.37094918,0.013915228,0.30212507,0.061416835,-0.13135958,0.1137989,-0.47479156,-0.15293334,-0.13447331,0.08845678,-0.65387106,-0.49686456,-0.38327587,-0.011787973,-0.62073374,0.19155946,0.6876515,0.56241125,-0.043059386,0.79359215,0.0447535,-0.4543229,0.18087462,-0.8413018,0.08596297,-0.2784819,0.1540578,0.46212634,-0.7023686,-0.70902747,-6.3878703,-0.30215237,-0.33975056,-0.15220772,0.2685488,0.076056875,0.27596456,-0.13098638,0.056688234,0.10324277,0.018673208,-0.020904884,0.27473137,-0.38833103,0.052804645,0.34871492,0.80296296,-0.20642847,-0.25439394,0.26267982,-0.43807113,-0.38147363,0.17295735,-0.13459791,0.23932178,0.43514428,-0.2092335,-0.19952616,-0.050481,-0.43743145,-0.18557054,0.0384835,0.15959491,0.5580774,-0.1459612,-0.44219136,-0.39181724,-0.24348427,-0.27457574,-0.47823375,0.5582964,-0.16573437,-0.41574237,-0.3936172,1.0632304,-0.50351816,0.14324422,0.15674937,0.10666322,0.47369114,-0.07502326,-0.43157867,0.54023486,-0.64002824,-0.35114878,0.24811465,-0.19386306,0.88879174,-0.13526383,-0.51605105,0.60701704,-0.5440661,-0.19896199,0.17396754,-0.35357597,-0.62117624,-0.6872221,-0.40603584,-0.09326509,-0.07687591,-0.19859697,0.7577152,0.18731314,-0.8324891,-0.038503524,0.24557507,-0.11149995,0.36448833,-0.59481335,0.07432109,-0.47522408,-0.14027195,-0.11321796,0.29466462,-0.084872276,0.06867858,0.23213106,-0.22153816,-1.0600454,-0.13397716,0.35512516,0.07946607,0.52359384,0.13195229,-0.42053854,-0.19371834,0.47083947,-0.8003188,-0.44402465,0.6359277,0.7615869,0.33325607,0.3589516,-0.27225536,-0.4901747,-0.17582902,-0.47404274,-0.20525783,-0.11236076,-0.33031532,0.04908917,-0.13484302,-0.40331638,0.055715803,-0.4747772,-0.56333905,0.24586086,0.24375479,0.23480844,-0.9473703,-0.22772123,-0.091078684,-0.41120422,-0.14182732,0.56218153,-0.32049674,-0.05421775,-0.037449833,-0.24666461,-0.29686603,0.021980233,-0.23055246,0.17730357,0.6257663,-0.16776875,0.10877119,0.26438907,-0.2489737,0.11810152,0.1456481,-0.24276653,0.69532716,0.2487686,0.061917022,-0.094591826,-0.12216564,0.4580125,0.32371366,-0.27935782,0.44175908,-0.42521608,-0.65446436,-0.058087625,-0.28242782,0.13396752,0.47559878,0.4686306,-0.35023686,0.3859801,-0.63188285,-0.4027354,0.11811978,0.34433147,0.18707262,-0.39160916,0.28841364,-0.009074551,-0.067637704,0.011056416,-0.31483647,-0.45076752,0.3225752,0.23595448,0.06812565,0.6655897,-0.22881365,0.3084012,-0.4577687,0.34918416,0.39438865,-0.1538934,-0.3104018,-0.033635333,-0.3753661,-0.14256194,0.026325518,0.13616687,0.12043792,0.33824658,0.2039581,-1.0284466,0.44961,-0.07310566,-0.7272465,-0.05982773,-0.3631551,0.33316445,-0.30630863,0.21455511,0.89728546,-0.05361601,0.1580226,-1.3074208,0.33551922,-0.28796238,0.29210448,-0.09234145,0.18653248,0.15601999,0.11350893,-0.44364423,-0.70343953,-0.16268757,-0.35465515,0.65997696,-0.49561012,-0.48443696,0.049511176,-0.5309032,0.4856907,0.2803345,0.37071922,0.7924898,-0.17598416,-0.15458265,0.30742398,0.19164455,0.23305748,-0.47137558,0.22376494,-0.10714142,-1.1935992,0.26577264,-0.31446576,-0.3127029,-0.13029876,-0.509361,-0.497154,-0.15444891,-0.8241513,-0.47538093,-0.85439944,-0.4041514,-0.65405214,-0.64323825,-0.08544115,-0.18369302,0.24814981,-0.11678348,0.29243568,0.2046445,-0.16505009,-0.2114561,-0.1602675,0.48410738,-0.6979549,-0.41605404,0.22554512,-0.0016172486,0.48318824,0.22872023,0.38667706,0.2579621,0.71661425,0.18087453,0.10735264,0.20294149,0.44074285,-0.19797973,-0.6244615,-0.42223492,0.06419152,0.10636513,0.39686435,-0.18184654,0.123791635,0.3547495,-0.5226711,0.055549555,-0.36296523,-0.5995582,-0.3731525,-0.17167386,-0.044991784,0.5308982,-0.40351573,-0.64254594,-0.029091213,-0.06827723,0.47266757,0.03316705,0.7768636,-0.26212862,0.5662056,0.07769442,0.464567,1.1250515,-0.1460819,0.33627415,0.4626337,-0.3915159,0.3584788,0.75157034,0.41382527,-0.0078192325,0.4934504,-0.10866061,0.12985288,-0.35525346,0.056628376,-0.31700534,-0.24542116,0.46158454,0.62071794,0.11117447,-0.23022078,-0.6995016,-0.365341,-0.96453357,0.03169365,0.07109881,0.28092125,0.5221842,0.09489086,-0.5245316,0.22019775,-0.13956629,-0.17470968,0.13513158,0.08776167,-0.4341416,-0.08011678,-0.003195262,-0.073134005,0.49157226,-0.1675334,0.40140378,-0.060501326,-0.07855278,0.30749202,-0.44918728,0.5286858,0.38512003,0.7514138,-0.03213524,-0.0426272,-0.33997226,0.3213449,0.8692654,0.25609347,0.026107531,0.10315319,-0.34842473,0.2754727,0.3889502,-0.33578205,0.8462529,-0.31743884,-0.08809157,0.39153135,0.46784633,0.18187094,-0.28502318,-0.82593644,-0.2960725,-0.45939025,0.4299883,-0.25123242,0.21708757,-0.10092062,0.28090513,0.23147802,-0.090027034,0.22056334,-0.050838675,0.35433814,0.37162673,0.061191894,-0.6035487,-0.20229413,-0.43010062,-0.046169434,-0.85735774,0.20096913,-0.06778159,-0.2989808,-0.06881787,-0.31216887,0.1640982,-0.60571635,-0.5477738,0.14941882,0.013525006,-0.005648336,0.3758377,0.22040537,0.17100838,0.58084714,0.27372685,0.058621783,-0.061616264,-0.60912067,0.29932943,0.2424332,0.23981375,-0.14200363,-0.29744494,-0.022784568,-0.73903596,-0.564024,0.0729523,0.9396416,-0.113236904,0.28693354,0.26326737,-0.33134976,0.50573933,-0.4591054,0.18353498,-0.6586443,0.3941425,-0.17569324,0.011124478,0.29306734,-0.10053932,-0.89959913,-0.07707697,-0.27225947,0.01877782,0.27860856,-0.37569302,-0.5804993,0.24890643,0.101579845,-0.44607148,-0.8049507,-0.4644654,0.7986276,0.78261733,-0.2652183,0.04592155,-0.06491081,0.2764114,-0.19586623,-0.28213364,0.53907347,0.26676628,0.026507346,-1.0026107,-0.19851513,-0.23950118,-0.067703746,-0.5573437,-0.13511187,0.22459182,0.02215675,-0.60647357,0.021149388,-0.11976985,-0.5668495,0.2,0,0,1,1,0,0,0,2,0,2,0,1,0,1,0,0,0,0,0,0,0,0,0,0.0,0.0,0.0,0.0
0.11706683,-0.31720746,0.57470757,-0.47255385,0.7620404,-0.2505488,-0.05577546,0.6017204,-0.25000155,0.23764658,0.2233685,-0.08002866,0.15221313,0.12723653,-0.10557034,0.21214624,-0.31005052,0.38358226,-0.33765334,0.19351985,0.36927882,0.29804757,-0.14478406,-0.26686764,0.21817073,0.05823204,-0.016667001,-0.08995679,-0.33269417,0.2375952,0.33555567,0.14287075,0.29724872,-0.123123586,0.35810295,-0.43818605,0.25551748,-0.02671964,0.11761232,0.52111405,-0.46883625,-0.13469408,0.5206431,-0.16946778,-0.17931934,-0.2098286,0.61219263,-0.56434655,0.2997683,0.01685893,0.03740341,0.1383366,-0.89817125,-0.5271502,0.32169014,0.72165954,-0.3333045,-0.22322218,-0.33539993,-0.12943947,0.2612903,-0.1922074,-0.22591688,-0.48714286,0.039868057,0.28717044,0.10235754,0.2537673,-0.017480696,0.30760425,0.020379236,-0.025925271,0.15003341,0.15910147,-0.08016986,-0.25030944,-0.12699743,0.7318567,-0.0111236265,-0.04585184,-0.3483276,-0.11800504,0.40849894,0.048105165,0.38945103,0.16150871,0.14460199,0.15592338,0.18713222,0.6461928,0.035759736,-0.20430662,-0.15090962,-0.072582714,1.1452287e-05,-0.94363284,-0.10141331,0.29076758,0.077080645,-0.0020077084,0.43613952,-0.5937629,0.31656325,-0.014962126,0.107229255,0.2636155,0.19545513,0.09441208,0.52617395,-0.3009409,0.11632255,-0.35958987,0.37483355,-0.26329106,-0.24838658,0.29381955,-0.2278536,0.00084712065,-0.13316786,-0.10977833,-0.55072814,-0.16790211,-0.17801267,0.13945033,0.5051333,0.102106094,-0.20923528,0.19093451,0.3187588,0.12782568,0.050744295,-0.051533874,0.45721546,-0.051948775,0.14523405,0.06100905,-0.24187665,0.097805046,-0.5491981,-0.37750793,0.18792227,0.57974577,0.06383046,0.39635375,-0.009142024,-0.10987503,-0.1483924,-0.15718931,-0.17150696,0.14881568,-0.2808831,-0.020116594,-0.22751535,0.013873753,-0.4612588,-0.5272071,-0.43538734,-0.3637148,-0.0049344767,0.29098457,0.4037319,-0.13662376,-0.014450792,0.23569518,-0.06002529,-0.17324358,-0.0020721287,-0.017638592,0.13383952,-0.12651218,-0.020903267,-0.329001,0.60167867,0.2310349,0.33514687,0.28073043,-0.27572477,0.07034984,-0.25842267,0.5982869,-0.39824468,-0.28625914,0.029088397,0.50064886,0.14272463,-0.0026687575,0.59680444,-0.24735853,0.4878332,0.13164121,0.01852318,-0.10116387,-0.18144669,0.20325053,-0.32519636,-0.54723674,-0.025217505,-0.48674622,0.27639493,-0.43767476,-0.005990682,-0.027737811,0.07882328,-0.050458256,-0.50987583,0.40818566,-0.42210925,-0.15482907,-0.39390126,-0.03354319,0.08754989,0.23759742,-0.30316418,0.016731866,0.3121182,0.012620927,0.17588852,-0.33824417,0.215783,-0.07395642,0.13861424,0.2920658,0.15360433,-0.037707172,0.050691344,0.8548491,0.18328634,-0.4207777,0.45938945,-0.25531927,-0.007602357,-0.51143587,0.30998686,-0.22658062,-0.16900449,0.097494096,0.042859565,-0.28760973,0.023901306,-0.106731415,-0.05820564,0.0827308,0.4730166,0.30774426,-0.058499187,0.42771733,-0.3307469,-0.39051518,-0.27003586,0.023326792,-0.182811,-0.08453162,-0.43457,-0.5442569,0.16642927,-0.07708575,-0.45384157,-0.01927866,0.28520548,-0.5072355,0.27590904,0.079069674,0.43161637,0.089594424,-0.2583813,0.074386105,-0.116547845,0.13290742,0.6696798,-0.12887946,0.12039628,0.1177032,0.17243442,0.53463745,0.20985557,-0.3533445,0.2667405,0.056957413,0.39071292,0.012672629,0.085363716,0.4155784,-0.3356615,-0.0679915,0.17379318,-0.1598891,0.42300838,0.48345786,-0.13181394,-0.19591081,-0.43510085,-0.021973047,-0.22137624,-0.07408619,1.0724083,-0.124765046,0.013976839,0.22165358,0.137945,-0.53051364,0.3436564,-0.10703722,-0.10972524,-0.18691444,0.048375282,-0.51490176,-0.34714618,-0.4489279,-9.505601,-0.29056272,-0.18014178,0.17213842,-0.0053945803,-0.43366536,0.35339078,-0.00028878628,-0.122570336,-0.24146768,-0.041711196,-0.3762699,0.4822829,-0.48717248,-0.19100495,0.04797426,0.2539006,-0.17780972,-0.32771978,0.16917029,-0.31156754,-0.2733333,0.5059567,-0.08690354,0.42902145,0.529141,0.38066205,0.039833985,-0.08295988,-0.37527046,-0.4871371,-0.0429405,-0.10772193,0.910874,0.076840185,0.16318251,-0.25739834,-0.8453412,0.10091043,0.55770624,-0.14022894,0.009926932,-0.01677384,0.17685781,1.132606,-0.25581816,0.03503034,-0.055045184,-0.09354327,-0.13331924,-0.3609435,-0.25320685,-0.04444395,-0.48119393,0.11872724,0.13108197,-0.07940506,0.76341665,0.3483535,-0.39530998,0.17883562,-0.084952354,-0.05439472,-0.26060456,-0.36029473,0.08370869,-0.6392262,-0.3108642,-0.048284706,0.07986241,-0.35817143,0.032107644,0.22480826,-1.3986969,-0.66611433,0.18863517,0.1743942,0.6456465,-0.10147711,-0.046263732,-0.18586852,-0.22440337,-0.051121384,0.049275115,-0.37786582,-1.1807249,-0.23219965,-0.21494955,-0.25894392,0.23251392,0.51719344,0.38826358,0.24995531,0.23093264,-0.21395037,-0.15198842,0.15742242,-0.31680092,-0.15288351,0.10739198,0.25559074,0.045451842,0.016674263,-0.29691312,-0.11619075,0.008368806,-0.048137534,-0.030672617,-0.056030713,-0.4477452,-0.11595521,-0.47263306,-0.7135308,0.24082819,-0.073421575,-0.48565677,0.026698949,0.06119387,-0.32073376,-0.28827173,-0.057176318,0.31543696,-0.48667085,-0.48492128,-0.5314024,0.29550985,-0.38357127,-0.0026487408,0.14747806,0.028681539,-0.0058404254,-0.007323857,-0.1269859,0.017575132,-0.11741252,0.13514076,0.19017035,-0.5713514,0.3874982,-0.07877295,0.14848532,0.3941994,0.23537955,0.2758571,0.120689094,0.1895048,0.2956719,-0.3074731,-0.11782105,0.4497798,-0.5010502,-0.38277814,0.18203372,-0.13702266,-0.13586631,0.18697727,0.2486241,-0.45132065,-0.42577392,-0.46089995,0.40529743,-0.2683593,-0.12051507,0.41386423,-0.026854835,0.024768924,0.0469066,0.49778962,0.3801275,-0.093023926,-0.45269623,0.1649129,0.27382982,0.303413,-0.032069415,0.068306655,0.21468836,-0.4516518,-0.009743414,-0.045257144,0.15562291,0.2697931,-0.23964547,-0.037781414,0.45620477,-0.15183562,0.061169043,-0.0624517,0.27597746,0.36005566,-0.7594589,0.5406393,0.3487381,-0.63219494,0.194639,-0.47533786,0.6591513,0.2983596,-0.07750826,0.699759,-0.26729012,-0.1677843,-0.41683206,0.12315715,-0.29985037,0.07535307,0.07869064,0.112070635,0.37656897,0.03723821,-0.06380131,-0.2988521,0.040722758,-0.44320244,0.06890176,0.037783183,-0.4069575,-0.11397733,-0.8375007,-0.07761826,-0.15756017,0.15942548,-0.0033632386,0.23017088,-0.28377464,0.022183413,0.20164388,0.04091087,-0.29291904,-0.19691406,-0.44891894,-1.1217873,0.08770436,-0.20678376,-0.3620607,0.33584666,-0.038489357,-0.09595976,-0.4763327,0.038417626,-0.7697827,-0.7867901,-0.03235655,-0.42979768,-0.27990744,0.47836438,-0.028578307,0.2199452,-0.50421613,-0.24495052,0.54550666,-0.05718305,-0.0946074,-0.18009014,0.076413944,-0.52818227,-0.50963074,0.014809647,-0.06030014,0.40387976,-0.22161253,0.17550974,0.15695114,-0.014887643,-0.43960848,0.03448639,-0.02812952,0.35098308,-0.06385678,-0.06747933,-0.63694024,-0.8258321,-0.053027023,-0.1948039,-0.19037683,-0.14048015,-0.49838158,-0.6033727,-0.11596927,-0.5448374,-0.1883282,-0.058003258,0.6208674,-0.20951241,0.40286255,-0.67235214,-0.5070607,0.40110496,-0.24013224,0.3875212,0.68866295,0.20276861,-0.14889765,0.037798133,-0.18204704,0.43332517,0.6882915,-0.288455,0.237116,0.19688459,-0.20853113,-0.24636073,0.2603897,0.39286494,-0.20148154,0.180692,-0.43258992,-0.39260465,-0.15154217,-0.3018185,-0.20334387,-0.31512678,0.42164695,0.38509086,0.17891264,-0.62955725,0.01020422,0.045416936,-0.6878633,0.50247157,-0.07554467,0.20101696,0.49431306,0.12418831,-0.038094863,-0.01998931,-0.10970102,-0.1786775,0.21206889,0.07143027,-0.44027084,0.25782037,-0.33279446,0.41974977,0.06740438,-0.2715578,-0.30559444,-0.22414479,0.36277485,0.20113494,0.05622448,0.17778401,-0.119517304,0.27511296,0.30882826,-0.08034911,-0.2574283,-0.3211786,1.106917,0.66897964,0.528925,0.08452807,-0.55460143,-0.16056244,0.48990437,-0.029504893,-0.2890386,0.23838818,-0.12249037,0.5059863,0.16218692,0.1377767,-0.06458675,-0.6100016,-0.08026186,-0.021814467,0.01248726,-0.05743492,0.18285218,-0.091467835,0.014728403,-0.100240104,0.44775963,0.30018026,-0.19808996,0.05027368,-0.22710012,-0.21807419,-0.22271919,0.030680766,0.15666386,-0.20128508,-0.67051965,-0.099739045,0.29694116,-0.25831372,0.014338052,-0.014022038,-0.50733435,-0.34807515,-0.10145677,-0.009048139,0.23711663,-0.121433966,0.19648622,-0.36330813,-0.37811074,0.0824604,0.39028275,-0.37865117,0.1888455,-0.5636993,-0.071097955,0.045196723,-0.012626269,-0.035595845,-0.31517014,0.48732376,-0.46121648,-0.14902003,-0.0045625535,0.4814589,0.04729656,0.1428317,-0.044530496,0.23169354,0.24145621,-0.29789662,-0.30733788,-0.12614997,-0.31106558,-0.6024521,-0.17256534,-0.45297897,0.036717504,-0.44540745,0.17553365,0.20476614,-0.6127216,-0.24033654,-0.24388216,0.46703902,0.4902951,-0.40010872,-0.26004767,0.1713507,0.272919,0.025408864,0.35570568,0.19493213,0.35147962,0.35340464,0.24875689,-0.39516816,-0.10082389,0.6313683,-0.054557573,-0.43734282,-0.74511945,-0.30178127,-0.4894844,-0.3481866,0.15797862,-0.46018255,0.4041221,0.43452594,-0.44748238,-0.43541133,0.57132643,0.14842306,0.08749999999999998,0,0,0,1,0,0,0,1,0,1,2,3,3,2,3,1,0,0,0,2,0,0,0,0.2,0.0,0.0,0.0
0.502233,-0.081561364,0.35503033,-0.030322583,0.047180902,-0.22937346,-0.07707722,0.5461738,-0.16324373,-0.13794637,0.15042116,0.13497587,0.33718914,0.43105567,-0.15199922,0.30572808,-0.21037686,0.14458412,0.015204054,-0.0805541,0.46968257,0.05243061,0.010127309,-0.0014444776,0.049327683,0.30702218,-0.1301484,0.025505047,-0.75887305,0.13978171,0.184116,0.12612724,-0.39946777,-0.39029473,-0.017372048,-0.36167005,-0.38396513,0.106680945,0.028206374,-0.100220345,0.015175027,-0.2813819,0.4391894,-0.11783291,-0.27265808,0.10218398,-0.018618489,-0.40287155,-0.13778181,-0.4916284,-0.44547793,-0.08675859,-0.12420926,-0.3824239,0.13173178,0.5682397,0.2732125,-0.72440773,0.09674405,-0.13499674,0.074810736,-0.08196119,0.40153217,0.32363915,-0.032259967,-0.48305833,-0.108214915,0.023978414,-0.5147133,0.41725883,0.07937945,0.25590745,0.37858742,0.21392977,-0.14239554,-0.31417477,-0.097367555,0.13838704,-0.2122575,0.08545484,0.013848412,0.23631002,0.36623555,-0.0431917,0.49179897,0.25226298,-0.10654433,-0.12487793,-0.46440166,0.7761357,0.35746223,-0.073001444,0.23922308,0.111531846,0.5056596,-0.3363406,-0.3607338,-0.21263212,-0.026985802,0.08221923,0.27826655,-0.44757184,-0.14050145,-0.17532003,0.060056552,0.03420212,-0.125939,0.22245204,-0.19113664,0.038468774,-0.21218352,0.2723588,0.59573376,0.100221425,-0.0070820963,0.2407689,-0.40898144,0.5057749,0.32068717,-0.1858394,-0.46781892,-0.053097278,0.02242342,0.31956965,0.5000123,0.36445498,-0.12344821,0.029021699,0.0967336,0.017677898,0.057867665,0.17402272,0.017981129,-0.30397883,-0.04293988,0.09628686,-0.20503937,-0.4440733,-0.38619384,-0.59729695,-0.36168715,-0.3337142,0.18924071,0.35325134,0.18925472,-0.07651587,-0.104666956,0.06691142,-0.11088958,0.48630795,-0.3184967,0.10846244,-0.15761006,-0.30915603,-0.16204669,0.13722186,-0.23673189,0.2243466,0.28096852,0.44076478,0.06989934,-0.37539083,-0.15567535,0.24419758,0.24888307,-0.13672844,0.23713468,0.06299547,-0.09643115,-0.10414829,-0.32485217,-0.31859145,-0.044690866,-0.16323125,0.5887181,0.0035528254,0.113430366,0.023305893,0.12089014,0.4052713,-0.5574391,0.15627003,0.03972236,-0.13173853,0.1140232,-0.17634809,0.57720417,-0.2598138,0.36600873,0.21961415,-0.22917439,0.013757733,0.19069849,-0.3011744,0.5206915,-0.17022425,-0.06932077,-0.27216476,0.24642092,0.18268314,-0.062182985,0.10908024,-0.23511925,-0.2634391,-0.18314911,0.39532864,0.059585463,0.00960014,-0.53901803,-0.028058851,0.026124254,0.28387004,-0.45208374,-0.16772078,0.28992918,0.012938371,-0.05401255,0.032652173,0.33931905,-0.17460828,0.047634367,-0.41326064,0.0070958836,0.36828464,-0.2584054,1.0403992,0.3181255,-0.42632937,0.60119456,-0.078684196,0.12824374,-0.093107335,0.35320464,-0.2745288,0.2783576,0.68149865,0.12362743,-0.21824552,0.10159427,0.32024652,-0.58789533,0.5147707,0.18081068,0.012148298,0.13910253,0.23919176,-0.058688622,-0.57474405,-0.24987787,-0.00054829987,-0.33727357,-0.2504804,-0.0070941215,-0.30289108,-0.040033754,-0.3284463,0.048683286,-0.42133054,-0.6091827,-0.13052411,0.06914331,0.23412274,-0.09051186,-0.04483463,-0.14339302,-0.20010857,-0.16416514,0.21469629,0.10447043,0.032482773,-0.22116272,-0.25642645,0.011270876,0.3520448,-0.070647776,-0.2300911,0.3755456,0.18582828,0.18903299,-0.6634461,0.16238296,0.18984881,-0.18769422,0.051308498,-0.11499613,0.1464563,0.07464549,0.10852078,-0.27619016,-0.6820202,-0.12575403,0.12433462,-0.5883305,-0.042960845,0.604607,0.13677453,-0.20336452,0.25800312,-0.34569895,-0.5286956,0.009563696,0.06610436,0.14874446,0.042293258,-0.019385677,-0.091197796,-0.44399384,-0.34374294,-11.020802,-0.54956937,-0.2944445,-0.15090866,0.23948501,-0.4908222,0.035132516,0.2944431,-0.3852446,-0.11843691,-0.1391232,-0.612776,0.11758678,-0.58384377,-0.2757581,0.5302845,0.39629433,0.35126105,-0.12844764,0.39678,-0.0021139546,-0.4176787,0.65359217,0.13986146,0.17536093,-0.16880365,-0.110342525,-0.26445842,-0.15527022,0.03463459,-0.36126408,-0.080586426,-0.18998331,0.984421,-0.20110905,-0.07362373,0.21552849,-0.26951438,0.18070191,0.015275227,-0.026519662,0.040532254,0.23706909,0.28617463,0.36457333,-0.54018843,-0.06017355,0.2842067,-0.13117762,0.24356046,-0.034919538,-0.2914089,-0.06688938,-0.1668356,0.24953365,-0.27525234,-0.16035555,0.7161312,-0.07347756,0.0039199456,0.14313306,0.031299774,-0.22705615,-0.42918774,-0.100232676,0.51549035,-0.303899,-0.19294816,0.13472824,-0.20811148,0.16130687,-0.027453976,-0.037639182,-1.6921746,-0.4606597,0.089436285,0.1963126,0.19036095,-0.13645354,0.07345589,-0.14072184,-0.60383356,0.09857345,0.27832758,-0.27043,-0.17970486,0.15352678,-0.33373114,-0.5133306,-0.042757202,0.10170252,0.36499006,-0.041808322,0.12502632,0.07350922,-0.2648614,0.21394177,-0.57984895,-0.2591492,-0.017610954,0.23437002,0.320625,-0.083678596,0.13888079,-0.52530074,-0.017281828,0.17016348,-0.1347375,-0.12092104,-0.059510943,0.1512032,0.0030505368,-0.19616972,-0.2542352,-0.45871377,-0.10319686,0.062347885,0.39629486,-0.15286893,-0.31215954,-0.33644515,0.10444847,-0.35162312,-0.38608074,-0.101711825,0.19166443,-0.1669042,0.28007916,-0.47891125,-0.19451718,-0.07487644,-0.14761712,-0.05799091,-0.17463478,-0.0503937,-0.007303277,-0.094262965,-0.36441386,0.19145575,0.14862053,0.4846881,0.21125035,0.269153,0.3957889,-0.10007401,-0.08057905,-0.14606139,0.37188843,-0.021725848,-0.040881563,-0.33781424,-0.6398316,0.044767704,0.04572933,0.23695946,-0.043617304,0.242496,-0.44640675,-0.05182805,-0.42275283,0.40765095,-0.23801298,0.06392283,0.2911923,-0.11258619,0.108175114,-0.28860474,0.13224995,0.2236057,-0.16319664,-0.36828968,0.26741692,0.05337986,0.18392275,0.08953875,0.08725426,0.057337508,-0.57451093,0.07424689,0.3096759,0.14483291,0.19098058,0.09957514,0.0073390845,0.7243248,-0.12572724,0.11179882,0.15586996,0.48176345,0.33527058,-0.39308956,0.65864533,-0.13504282,-0.2875529,-0.02977178,-0.77691454,0.27831832,0.04772104,0.0553092,0.172568,0.2032316,0.15531561,0.055302836,0.002101066,-0.525769,0.11096163,0.17840533,0.34865323,0.39007056,-0.27110997,0.051498074,-0.35136136,-0.18298611,-0.08683432,0.1497731,-0.0390826,-0.03443999,-0.31730163,-0.7748482,0.40221328,0.25885126,-0.024270551,-0.42274573,0.1808864,-0.30306256,0.03998178,0.25889552,0.03412482,-0.31672427,0.32930684,-0.17803742,-1.235334,0.5055901,-0.18725199,0.11107261,-0.033653192,-0.24501897,0.10253283,0.07564314,-0.55034953,-0.48510018,-0.5660037,-0.1344061,-0.43569663,-0.15428802,0.1481555,-0.16630413,0.26786995,-0.44481173,0.20863824,0.46310252,-0.10489187,-0.27281216,-0.023859886,0.41763538,-0.4961644,-0.102775,-0.014863981,-0.25753567,0.55022,-0.38925257,0.21586023,-0.042059932,-0.1249658,0.15443511,0.1534355,0.010014742,-0.14941376,-0.14397779,-0.2561589,0.10634895,-0.09940359,0.35081792,0.3052718,-0.02203835,-0.4356,-0.53446144,-0.34225017,0.4574321,-0.055653907,-0.1685368,-0.31246182,0.2078896,0.08931763,-0.040328942,-0.30549428,-0.2162895,-0.21869837,0.0053089275,0.4437698,0.37803128,0.33051932,-0.5914018,0.23575836,-0.1522563,0.27264708,0.64303666,-0.21270083,0.09992813,0.43467462,0.15869458,-0.12519467,0.31429827,0.27443674,0.041495387,0.25331074,-0.25876337,-0.1275499,0.044079237,-0.28881696,-0.22243948,-0.2658234,0.5105974,0.20504738,0.1191913,-0.51047826,-0.029664356,-0.046069458,-0.22955896,0.18956988,-0.16160102,-0.12360343,0.6810221,-0.25226268,0.11015001,0.43227184,-0.296483,-0.2630857,0.07910275,0.4731413,0.26774362,0.13238332,-0.2855039,-0.08988556,0.27776912,-0.16656311,0.090548694,0.0030193138,-0.58599967,0.17303957,-0.2570628,-0.26702425,-0.13369536,0.4366333,-0.1186016,-0.2144188,0.010325866,0.12210789,0.6462884,0.07950035,0.11824522,-0.16671802,0.36042035,0.07194283,0.1181086,-0.5253904,-0.18264171,0.13383798,-0.27525815,0.6691617,0.6769635,0.040323053,0.12471911,-0.62994653,0.10760831,0.24202818,0.09833939,-0.046151247,-0.1195494,-0.004921997,0.14922525,-0.10824409,0.27927232,0.60777044,0.037531693,0.0047943024,0.010439146,0.09831156,-0.33330834,-0.17098753,-0.2621423,0.2533586,-0.41815972,-0.34704688,0.2707248,-0.37782535,-0.25331062,-0.18009144,0.04571114,-0.16706243,-0.14160772,0.44230008,-0.08114335,0.18923397,0.18931186,-0.08915371,0.21115464,-0.19047892,0.30030409,-0.16788435,0.19126245,-0.22358684,0.05992631,-0.294851,0.032470196,0.25646356,-0.38661128,0.5518899,-0.39373216,-0.37844276,0.19784096,0.59347236,-0.08306772,0.44632262,0.009721659,0.09348829,0.05479354,-0.24879444,-0.21270338,0.08214905,-0.5247734,-0.7166653,0.20925154,-0.29126444,-0.16735016,-0.3091984,-0.2824107,0.028849466,0.1436626,-0.21486773,-0.039152525,0.1549453,0.34203893,-0.16844027,-0.25893676,0.21854931,-0.2285973,-0.01909634,-0.019889561,0.18831499,0.22860792,-0.22014345,0.1485787,0.029529626,-0.11260339,0.13282773,0.19441807,-0.2821817,-0.55142695,-0.48704934,-0.35929784,-0.26703882,-0.0764347,-0.006890621,-0.22697365,0.055730667,-0.3180891,-0.43748707,0.0026365558,-0.23566417,0.05833333333333334,0,0,0,0,0,0,0,0,0,1,1,4,3,4,7,1,0,0,0,1,0,0,0,0.17500000000000002,0.0,0.0,0.0
0.33380362,0.16515522,0.35078108,0.25285044,0.23713699,-0.569975,0.39230672,1.2482746,-0.2928391,-0.088745765,0.29837403,-0.2726795,0.19480298,0.7635945,-0.02297818,0.5741222,-0.119083494,0.34005332,0.14104559,0.0066525526,0.5389494,-0.20204006,-0.27107653,0.3319788,0.18038777,0.40560207,0.034046553,-0.030159097,-0.7409527,-0.42108744,0.28058633,0.235742,-0.19141863,-0.12013767,-0.2947769,-0.7268465,-0.4219294,-0.35772073,-0.22564119,0.13360362,-0.13154587,0.20629214,0.23085245,0.028954921,-0.3857988,0.12492157,-0.09657779,-0.4556324,0.27265367,-0.21058053,-0.49878296,0.21303116,-0.2035369,-0.33994374,0.64394766,0.47937584,0.3273102,-0.85194415,-0.2092238,0.08177383,0.16989174,0.026366046,0.143197,-0.32890472,-0.017000223,-0.08762677,-0.09436941,0.29247308,-0.7118485,0.28399873,-0.06597411,0.15122189,0.1051113,0.15371478,0.12577437,0.5503171,0.084683545,0.46434686,0.08937348,-0.089796886,-0.042218667,0.47712067,0.31016812,0.34404334,0.33720246,0.23085588,-0.36770985,0.28729188,-0.05077575,0.5310931,0.11555579,-0.04167748,-0.07437489,0.032764558,0.64945495,-0.7066576,-0.39754388,-0.69098395,-0.16832426,0.27406573,0.2682526,-0.06249236,-0.3954763,-0.38282785,-0.112561814,0.12384312,-0.43364105,0.0432022,0.29039857,0.09644892,-0.55758595,0.08329017,-0.30088896,-0.12805605,-0.16516533,0.06532503,0.04974049,-0.024205044,0.4086548,0.25308818,-0.2945366,0.30414322,0.037122224,0.32883748,0.2143931,0.5135081,-0.25384548,-0.58371913,0.06604913,0.21856903,0.90863466,0.74851805,0.5640969,-0.6374574,0.17279875,-0.0727284,-0.06836975,-0.5427966,-0.06446178,-0.4662136,-0.11153967,-0.4243576,-0.00074606313,0.09906037,-0.050307218,-0.14470926,-0.19898659,-0.2855276,-0.35530937,0.32005042,-0.51568335,-0.07626954,-0.6882291,-0.46349534,-0.08422127,-0.43261024,-0.55690646,-0.51691616,0.48242232,0.35328498,0.2324366,-0.14020544,-0.6294803,0.26659852,0.18049008,-0.049703944,0.15216064,0.1313043,-0.06920037,-0.15570037,-0.47254586,-0.082465515,0.18203993,-0.13307042,0.7019582,0.19490609,0.37978122,-0.017961243,0.14081474,0.64865136,-0.40798664,0.028482104,0.021005867,-0.31750348,-0.15401995,0.13592151,0.9969948,-0.0446978,0.23001692,-0.12493916,-0.4689372,-0.21895325,0.35262167,-0.078947775,0.72908473,-0.37523383,-0.3645955,-0.070388444,0.109074764,0.06713332,0.15517382,0.34087968,-0.11873621,-0.3900373,-1.2667956,0.47119048,-0.21292067,0.005376439,-0.21835946,-0.0033222754,0.06894898,0.30896923,0.02602844,-0.050090957,0.04068945,0.39287502,-0.20323312,-0.39547008,-0.17693417,0.21997681,0.0639366,-0.37147304,-0.025932169,0.14955321,0.078992955,0.7480329,-0.23196614,-0.12548108,0.70664054,-0.3419584,-0.57720697,-0.22589141,0.7458945,-0.3107024,0.08689687,0.42281306,-0.5012259,-0.39195606,0.0023116258,0.30444273,-0.67901117,0.2875292,0.45045733,0.28375995,-0.31354842,0.57255626,-0.66207784,-0.61048967,-0.35703224,-0.20553793,-0.10843339,-0.32823962,-0.41615936,-0.4484587,0.51254684,-0.19769457,-0.040310927,-0.40436265,-0.57502127,-0.23893431,0.13575058,0.045220625,-0.0046893135,0.17744659,-0.18628702,-0.13311899,-0.046778545,0.17584063,0.07681955,0.74037725,0.020167323,-0.45667243,0.31690347,0.68577033,0.4894561,-0.47219646,0.29238018,-0.018919922,0.519249,-0.2221412,-0.38112912,0.6061598,-0.16190594,-0.15323171,-0.21774124,-0.42653224,0.31062293,0.13505155,-0.24628371,-0.3932322,-0.31547067,0.30320585,-0.42153955,-0.093593076,0.5432457,0.1727323,-0.21386442,0.37605035,-0.4256593,-0.52804136,-0.15273751,0.115355596,0.5926662,-0.044165064,0.020294392,-0.0011236552,-0.77278596,-0.3576032,-11.100273,-0.065289974,-0.20223762,-0.2995184,0.15511167,-0.054302964,0.7836211,-0.11905067,-0.20498747,-0.15291303,-0.075035036,-0.23180956,0.41947064,-0.30220386,-0.45283282,0.35748562,0.32345212,0.31609327,-0.34633687,0.552035,-0.75730044,-0.123841085,0.5300133,0.2742169,0.4374624,0.13377357,-0.14352036,0.19284123,0.0930983,0.39247337,-0.34777966,-0.18280256,-0.56881696,1.0732652,-0.26904824,-0.2827142,0.24446844,-0.3776305,0.35811803,-0.15310611,0.09178081,-0.2500387,-0.21517093,-0.020035684,1.0019218,-1.1834352,0.004169802,-0.012640021,0.0015579889,0.017140625,-0.32474768,-0.7495608,-0.217515,-0.49142253,-0.21388543,-0.3186401,0.02500217,1.2372173,-0.6250858,-0.42033422,0.09680905,-0.20983675,-0.44752538,-0.717345,-0.10639641,0.27324823,-0.51929665,-0.81971306,0.16876948,-0.433994,-0.24500665,0.4600827,0.03365627,-1.3621716,-0.18799725,0.35342354,0.046628557,0.49182406,-0.3532713,-0.07281866,-0.83266556,-0.2766578,0.005959956,0.07208757,-0.6720876,-0.82885504,0.0054665566,-0.5686022,-0.60074717,-0.10047656,0.17149693,0.12576509,0.017799802,0.18424107,-0.19454458,0.020182192,0.47084907,-0.2558798,0.009768792,0.15516944,0.48946717,0.44569516,0.51050955,0.31816268,-0.09020658,-0.01639737,0.08250256,-0.11673536,-0.22775686,-0.46244702,0.03572566,-0.06540787,-0.4235141,0.21251167,-0.21712013,-0.2809694,0.15767907,-0.086066075,-0.024202846,-0.54660285,-0.31845334,0.26763818,-0.6237614,-0.5208964,-0.0019184321,-0.030650916,-0.41594872,0.03502192,-0.24152191,0.08614068,-0.27069217,-0.2982355,-0.022939527,0.15285625,0.10194427,-0.34101877,0.2139385,-0.5980765,-0.14259918,0.17525305,0.26147518,0.4155962,0.521467,0.24439207,-0.040549163,-0.2352281,-0.010894519,0.3030611,-0.31347305,0.4548862,-0.8088488,-0.9132895,0.33640993,-0.28949648,0.45236027,0.09341653,0.35577047,-0.25392404,-0.31288362,-0.27887818,0.3721566,-0.3493366,-0.013530264,0.7782986,0.14242306,0.2180107,-0.37167248,0.4820945,0.26914677,-0.3236979,-0.11667613,0.80085653,-0.45720303,0.30785802,0.014834788,0.013477475,-0.20614254,-0.19160476,0.014398065,0.354085,-0.1522807,0.14269298,0.03593757,-0.33081672,0.70847535,0.11930275,0.23821142,0.19871274,0.34086892,0.498564,-0.6379176,1.0688533,-0.3293137,-0.40785405,0.20291358,-0.5783466,0.471038,-0.5337894,-0.030548537,0.50185156,0.05156956,0.28553525,-0.4383781,0.42322513,-0.37996057,0.004865299,-0.1393436,0.503341,0.5023538,0.19761558,0.1282375,-0.6414823,-0.11717632,-0.15421261,0.08161552,-0.15197384,-0.16439156,-0.25378212,-0.3224051,0.40917927,0.002912652,-0.027308252,0.42899817,0.3853568,-0.34259182,-0.14285958,0.6508149,-0.18021101,-0.15869534,-0.0022306535,0.2578643,-1.1532358,0.4245525,0.07320789,-0.33651268,-0.03693185,0.04354777,0.30558637,0.23454733,-0.14928298,-0.64245254,-0.339455,-0.3717019,-0.34083903,-0.1493523,0.36924943,-0.4321022,0.07815682,-0.46172592,-0.1177787,0.22023058,0.051081415,0.17520171,-0.365882,0.10160718,-1.0040841,-0.3000797,0.17804904,-0.17101736,0.1122165,-0.23309842,0.1761724,0.09662472,0.14637452,0.15716037,-0.27580783,-0.18146905,0.22273709,-0.5364435,-0.36519036,0.04275478,0.2718435,0.27462065,0.30034858,0.10524807,0.024548873,-0.51113814,-0.38206998,-0.020739999,-0.08485115,-0.11282713,-0.21929707,0.21195585,-0.117920965,0.3676235,-0.3818118,-0.24387795,0.38205445,0.25358483,0.1885602,-0.27926502,0.6096299,-0.41824287,-0.18928418,0.3011231,0.36161327,0.6949282,-0.47014454,0.70355517,0.0633826,-0.12556414,-0.39004445,0.4149521,0.328956,0.14486428,0.31811535,0.031360917,0.027684307,0.2695229,-0.22916432,-0.6261451,0.34105647,0.7004497,0.6871952,-0.01842169,-0.7893851,-0.3106972,0.045730796,-0.4753673,0.268474,-0.23488449,0.06670151,0.8461707,-0.22965981,-0.71917033,-0.23331615,-0.07281207,0.26540667,0.4281673,0.1885516,-0.19780718,0.11501475,-0.10251457,0.3631396,0.37130275,-0.38891402,-0.06638926,-0.40848827,-0.36856622,0.51509494,-0.3914233,0.29733902,-0.33991066,0.500294,-0.03716687,0.1720526,-0.29335544,0.11853272,0.3625551,0.23871434,0.27826387,0.12022076,-0.0018794915,-0.09238128,0.2658225,0.054919794,0.34491706,0.09393426,-0.55783004,0.42111522,0.6399714,-0.04805934,-0.16392025,-0.3641757,0.09718176,0.28910455,0.24000888,0.01653826,0.475506,-0.074084856,-0.16261631,-0.21925607,0.14142331,0.25666502,-0.2567148,0.1794555,-0.040735736,0.1367829,-0.40382618,-0.16951573,0.36589286,0.18266422,-0.46785435,-0.0042257,0.45686376,-0.54210234,-0.19174863,-0.26190293,-0.015068119,-0.40893504,-0.12464695,0.61203843,0.07331266,-0.33082163,0.19642422,-0.14409654,0.16174978,0.4979483,0.51523936,-0.08455056,-0.4512796,-0.24453644,0.07275425,-0.06673462,-0.087620124,0.030422017,-0.44673583,0.3358003,-0.6178741,-0.18016168,-0.23279008,0.7794911,-0.08167789,0.4901233,-0.101691864,-0.2038354,0.2647241,0.106684424,-0.08142268,0.09401743,-0.5345434,-0.40514827,0.08141483,-0.049084615,0.11685365,-0.3916755,-0.77988845,-0.10123498,-0.17942259,-0.3895444,-0.12618901,0.48314494,0.14145215,-0.059847504,-0.5239645,-0.28051904,-0.29877076,0.20810719,0.54425496,0.35328925,-0.1550887,-0.14791602,0.05298364,0.13373874,0.4020685,0.305676,0.03693008,0.08188512,-0.8542407,-0.83368033,-0.32171118,-0.22848463,-0.111504346,-0.32399932,-0.1164033,0.051533796,-0.06181571,-0.21358567,0.3680754,-0.26169816,0.14375,0,0,0,1,0,0,0,1,0,3,1,3,0,1,7,2,0,0,1,1,0,0,0,0.07500000000000001,0.0,0.0,0.5
0.17046854,-0.4916534,0.15326263,-0.17603907,0.23720339,0.029384699,-0.24790211,0.53145874,-0.040105242,0.0332639,0.56538707,-0.03429653,-0.05187952,0.06798297,-0.22370842,0.11669144,0.17129841,0.012797062,0.16681322,-0.28517866,-0.28880513,0.24894886,-0.3218426,-0.1083748,0.16051495,0.1273897,0.19980006,-0.27670595,-0.3160662,0.33946285,0.11314238,0.3586964,-0.19152054,-0.2685919,0.0009698285,-0.29209068,0.011677781,0.10612478,-0.24765524,-0.28912288,-0.57565814,-0.039021518,-0.071447186,-0.067734785,-0.16503029,0.017837161,0.22551346,-0.18030876,0.018636186,-0.11655034,-0.16594926,-0.09652666,-0.44266444,-0.15629698,-0.05729655,0.32780677,0.35421893,-0.1976857,-0.30858716,0.070369296,-0.06538522,-0.106981985,0.051814254,0.017932855,0.20675975,-0.4691835,0.14709567,0.23115894,-0.8536285,0.52218324,-0.13371691,-0.5399559,-0.06878649,-0.23844765,-0.03673708,-0.06375382,-0.36759195,0.4166873,-0.30161533,0.16797274,0.042391755,0.36753482,-0.06393363,-0.052990045,0.014405503,-0.071846016,-0.35029984,0.0876627,0.033801988,1.0597366,-0.16721036,-0.08265617,0.17744856,0.06421166,-0.0460886,-0.3181217,0.13616821,0.32590267,-0.1643491,0.3053598,0.37282264,-0.56844044,-0.123959094,-0.36459666,-0.08605747,-0.2751215,-0.2941444,0.09360185,0.15156358,0.21987575,-0.19986753,0.023102285,0.42844033,-0.10201771,-0.07958142,0.0028139332,-0.42016912,-0.115350984,0.31959456,-0.06144682,-0.07067522,-0.067308284,0.11222292,-0.07948719,0.34511936,-0.13918418,-0.08471946,-0.18933944,-0.023277137,-0.37139758,0.22986668,0.102073915,0.2372088,-0.08302151,0.1043958,0.23869272,0.034480073,0.30562615,-0.064855844,-0.4831679,0.08223258,0.29810154,0.14123349,0.38937655,0.2165506,0.09244482,0.13569131,-0.20727083,-0.14988057,0.23932768,-0.36378315,0.19729012,-0.25241762,-0.030044995,-0.26618373,-0.40051526,-0.18432134,-0.12079577,-0.15741867,-0.03316362,0.40086895,-0.40593895,0.1402978,-0.110486574,-0.11211766,0.14808626,0.1584241,0.0015952033,-0.6850144,0.5504671,-0.026998006,-0.06578344,0.3514639,-0.30548286,0.41701302,0.2897652,-0.1163156,-0.12554695,0.19153546,0.24903074,-0.68108344,0.33606747,0.5494758,0.022149332,0.23502384,0.38074958,-0.06957867,-0.30032456,0.62614334,0.008265843,-0.016952282,-0.24063596,0.06689774,-0.56947607,0.06350636,-0.6784766,0.06386102,-0.2995422,-0.19377926,-0.15231496,0.12619719,0.3468387,-0.32228768,-0.13737245,0.266943,0.43564165,-0.35281962,-0.07037199,-0.053856898,-0.049135838,-0.0024406507,0.52192533,-0.3151854,0.0657783,0.3055499,-0.3072037,0.18996401,0.01389518,0.11667187,0.058877964,0.17365463,-0.108393334,0.068181574,0.13356812,-0.24393016,0.8578011,0.23617354,-0.241158,0.12611693,0.09024887,0.2691233,0.037205044,0.27980274,-0.31202614,0.5673342,-0.25387773,-0.5083906,-0.10263783,0.023251403,0.4412914,-0.2822153,0.20203282,-0.17766081,0.36483413,0.03557922,0.039061822,0.06866988,-0.31139147,-0.37393355,-0.49713752,-0.27567908,0.07496803,-0.054424215,-0.28526288,-0.30810305,-0.06468008,-0.19075388,-0.041041397,-0.12758341,-0.59349227,0.17933182,0.013441635,0.16707207,-0.19231346,-0.26298705,0.07185912,0.048948947,-0.36166453,0.13876131,-0.022144368,0.0153213795,0.020162694,0.06638181,0.37097672,0.0319308,-0.17110653,0.16587755,-0.01825133,-0.35521153,-0.08479248,0.3960514,0.35012475,-0.10510377,-0.07588805,0.0034440607,-0.10758712,0.34806916,0.23497726,0.092310816,-0.31670186,-0.041222185,0.050978053,-0.47472382,-0.34953794,0.8520839,0.2510848,-0.3667384,0.3384604,-0.3995872,-0.23879965,0.1933534,-0.098757006,0.036736764,0.17214797,-0.37416652,0.04884892,-0.41058862,-0.3147499,-9.312811,-0.53617024,-0.42685336,-0.15529726,-0.16436027,-0.13043112,0.045932084,0.24237572,-0.093105406,0.21247864,0.111729756,-0.53761977,0.044913474,0.27213398,0.03269331,-0.15570448,0.60121113,0.02249302,-0.20018603,0.23190685,0.09701479,-0.63882947,0.4909059,0.009521409,-0.18524908,0.5746848,0.071471006,-0.035822734,-0.37317866,-0.309853,-0.1847989,0.064190716,0.025100105,1.0259678,-0.46184358,-0.29921237,-0.12994188,-0.07794103,0.3096161,0.370391,0.21502337,-0.10890999,-0.074042566,0.4254155,0.2187099,-0.1423008,-0.04244496,0.21360587,-0.044504523,-0.04849458,-0.18260221,0.34976444,0.07798819,-0.2174977,-0.13809568,0.3199054,0.029593775,0.73788804,-0.32386756,-0.11837121,0.3636808,-0.568693,0.108380444,0.020205265,-0.2834689,-0.58449537,-0.5536214,0.092825115,0.32001388,0.5903889,-0.061220266,0.14212757,0.06217483,-1.3088664,-0.37164143,-0.15334246,0.4858011,0.4436237,-0.2319146,-0.3830823,-0.12059529,-0.23891617,-0.23326328,0.3104838,-0.3949176,-0.56030905,-0.17616524,0.2922783,-0.2933916,-0.03552194,0.18641242,0.01311576,0.58097976,-0.14292817,-0.07278901,-0.41050625,0.12134992,-0.47712636,-0.12701245,-0.23159449,0.025710676,-0.1795018,-0.060146805,-0.10570533,-0.76948977,-0.26120505,0.012371552,-0.048512343,0.11548334,0.14029221,0.110791534,-0.03815458,0.065907754,-0.5142006,0.16584487,-0.15604977,-0.07916903,0.080579445,-0.18688565,-0.19714153,-0.27164972,0.24394289,-0.3416387,-0.5673924,-0.644647,-0.02498213,0.019502845,0.22057538,-0.3827541,-0.005279388,-0.23812859,0.14077546,-0.39737475,0.075092316,-0.17863238,0.19395871,0.13698982,0.053959947,0.4576901,0.09770091,0.28166112,0.36237076,0.07457125,-0.12605119,-0.52840227,0.006226904,0.1869763,0.2973472,0.19488336,0.029137272,-0.37739208,-0.12599954,-0.20547716,-0.042033922,-0.55423886,0.02378409,0.28507304,-0.42094967,0.031789698,-0.86111087,0.027979314,0.35557845,0.064231366,0.15019691,0.5804516,0.12982823,-0.085709564,0.17412081,-0.13982157,0.3717232,-0.3789906,-0.101787016,0.18263774,0.030906394,0.11758628,0.6042927,0.36491802,-0.3370167,-0.039652236,0.38959754,0.5432335,-0.06337509,-0.6040639,0.32136035,0.6283927,-0.084449865,0.3968499,0.11776771,0.084856264,0.081665374,-0.4448547,0.16641901,0.26542285,-0.63217777,-0.12057822,-0.28029418,0.08908937,-0.3224211,-0.008973011,0.43679768,-0.2659935,0.020489072,-0.17684425,-0.25253478,-0.12970795,-0.08282839,-0.16238436,0.054468308,0.09775529,0.32076022,-0.35772133,-0.52534014,-0.28736797,-0.017881028,0.16651528,0.0046090395,0.17603219,-0.33310166,-0.6344793,-0.04756898,-0.039263636,-0.19602653,0.066289455,-0.15020567,-0.32519385,0.18024987,0.14077464,-0.11289682,-0.30521765,0.08985482,-0.4786104,-1.5442269,0.012029421,-0.23350948,-0.1839324,0.03435337,-0.012149385,0.09106017,-0.1867795,-0.48620737,-0.33660376,-0.21104969,0.24388716,-0.49916893,-0.031442832,0.35037112,0.020614104,-0.024106253,-0.18490674,0.026841912,0.4561628,-0.441077,-0.3804617,-0.16668549,0.028506614,0.21806125,-0.034230612,-0.2730462,-0.21055904,0.42919305,-0.4119731,0.3673935,0.023057407,-0.18416546,0.27252817,0.21869348,0.08616298,0.31950435,0.4187482,-0.21797189,0.2126194,0.08932874,0.21301936,0.043201067,0.52150136,-0.28009346,-0.23089159,-0.5901405,0.13942607,-0.37147358,-0.5053822,-0.26480716,0.37479508,0.06545013,-0.3094077,-0.00683197,-0.2712231,0.13810317,-0.49856335,-0.043527268,0.20988746,0.30376902,-0.27587396,-0.10226363,-0.12828663,0.28885967,0.5114293,-0.588825,0.046411015,0.65589255,-0.09476572,0.11293326,0.6717816,0.06005189,-0.07240365,0.38089764,-0.066025704,0.010314691,0.24009174,-0.19198602,0.011539004,-0.12855822,0.13207678,0.48481163,0.34083328,-0.62264055,-0.4053714,0.015085411,-0.22335762,0.080771506,-0.20823623,0.5184248,0.4937416,-0.13058886,-0.17316844,0.19582511,-0.017681746,-0.42106014,0.04131317,0.057269186,0.01054941,0.50781375,-0.32140115,-0.23163925,-0.53103983,-0.30596358,-0.18020003,0.08555985,0.1377908,0.4126234,0.23234701,0.24570769,0.27024737,0.032343257,-0.3210831,-0.31470448,-0.026314393,0.058064632,0.7637076,0.28877196,0.12361813,-0.23011832,-0.12020059,0.1720614,0.19531305,-0.012023788,-0.16436344,0.39143068,0.5578555,0.3284438,0.033258025,0.3387581,0.12490596,-0.6184261,-0.16951248,0.19128457,-0.2807514,0.24815464,-0.08881061,0.068165354,0.286356,-0.1311752,0.37607288,-0.11962663,0.2279901,0.581673,-0.087349676,0.20742874,-0.07360635,0.4086627,-0.02372722,-0.25657687,-0.19481395,0.016545946,-0.10036042,-0.016426727,0.1650249,-0.37605983,0.13228327,-0.2849052,-0.28739432,-0.4865287,-0.15005495,0.024700321,0.26045486,-0.28158072,-0.12691274,-0.36232483,0.7228787,-0.1522186,0.3489288,-0.23838459,0.2956789,-0.20139973,0.13897775,0.30505687,0.11603283,0.62618196,-0.5318894,-0.05810988,-0.027366802,0.139014,0.044223234,0.31209308,0.06458251,-0.06548467,-0.20320244,-0.3564589,-0.27239382,0.32415974,-0.30483016,-0.44896904,-0.45920983,-0.18564375,-0.07549868,-0.08116207,0.21381915,0.22463416,-0.17478305,0.16427219,-0.006011273,-0.03151401,0.6011031,-0.3132644,-0.20804085,-0.1707861,-0.019885994,-0.5314388,-0.06297736,0.016605182,-0.2843842,0.237254,0.1993408,-0.42349732,0.037395652,0.0106323175,0.1758232,-0.3242831,-0.26416248,-0.077521436,-0.6084452,0.04690509,0.44606632,-0.06592934,0.15281656,0.10511082,-0.14229396,-0.6551244,0.28913027,0.10150091,0.0,0,0,1,0,0,0,0,0,0,0,0,0,0,0,1,0,0,0,0,0,0,0,0,0.0,0.0,0.0,0.0
-0.0144152,-0.2623278,0.44778523,-0.07519486,0.37424543,-0.23357551,-0.0017604405,0.6852934,-0.21892233,-0.2845547,-0.110477306,0.0044062813,-0.14009006,0.4621725,-0.10500364,0.4525569,-0.2959022,0.30286083,0.15436016,-0.28587106,0.6014217,0.1874373,-0.43964836,-0.266519,0.11167886,0.118518695,-0.030636834,0.1119376,-0.78579473,-0.25284463,-0.17690326,0.008036951,0.10872573,-0.16676022,-0.5748463,-0.017041849,0.06389376,0.2183222,-0.13987496,0.54827374,-0.07006891,-0.42022544,0.66017383,-0.102149025,0.0016958315,0.12727681,-0.3822781,-0.15795179,0.3778612,-0.6412865,-0.8676488,-0.104720876,-0.19780812,-0.060056042,0.10251914,0.30004138,0.73297983,-0.8322479,0.26666802,0.19117056,-0.15986848,-0.061333146,0.14520298,0.09997808,-0.11142605,-0.116568096,-0.13996322,0.77423567,-1.2372649,0.23758999,0.465749,0.22023141,0.22797629,-0.030813424,-0.07792382,0.3616894,-0.24605644,0.53505355,-0.08536165,-0.38938373,-0.157413,0.4291196,0.4200034,0.35375288,0.51762354,-0.18891597,-0.1217546,-0.079536036,-0.4712346,0.10932637,-0.027555523,-0.40114763,-0.42986378,0.2408974,1.032326,-0.28783134,-1.0107119,0.118145935,-0.018042844,0.09778349,0.06929658,-0.13942787,0.111513905,-0.08739596,-0.47110012,0.095834784,-0.5804993,0.04226231,0.3403997,0.1290771,0.24799351,0.51905936,0.057154533,-0.336514,-0.1843554,0.41430673,-0.1902043,0.14668167,0.40686542,-0.2188215,-0.071503535,0.5624091,0.19227315,0.32502744,0.2458746,0.68846935,-0.31847587,-0.12022142,0.22739623,0.17604433,0.27478597,0.70556945,0.71218216,-0.09269096,0.39061013,0.18979177,0.28021616,0.012561387,-0.61311656,-0.78565234,-0.2359045,0.19431476,-0.14131828,0.15095457,0.6864769,0.47552198,-0.34915376,0.18550989,0.006975199,0.52416,-0.46700296,-0.06970027,-0.45487064,0.037266504,-0.087327495,-0.21926446,-0.0934059,-0.048548635,0.4491785,0.61552113,0.42042297,0.4180867,-0.248883,-0.11234047,0.53941876,-0.5823491,0.13186505,0.09038711,0.064378254,-0.52458847,-0.32434294,-0.8816227,0.037372857,0.3892534,0.4552694,0.14537355,0.33812302,-0.44792938,0.45735106,0.5564803,-0.4911858,-0.03322589,-0.14480081,-0.1151437,-0.10701309,0.46746507,1.1895815,-0.51176804,0.13004334,0.5712232,-0.46935838,-0.50607634,-0.22620945,-0.5500505,0.5684498,-0.009995354,-0.46851298,-0.17803027,0.3633859,0.07429426,0.44318083,-0.11103775,0.11935264,-0.59050614,-0.52213925,0.49878305,0.105468825,-0.16067062,-1.0198417,0.14750858,-0.35631174,0.70452684,-0.046109814,0.104380324,0.14700349,0.30396894,-0.06015748,-0.5164427,0.17137364,0.23798548,-0.27310166,-0.43835822,-0.047212776,0.12947334,-0.30357686,1.4228677,0.41283014,-0.25978464,0.8558932,0.18184625,-0.0049383296,0.11651544,-0.07276719,-0.17653832,-0.11060735,0.5190435,-0.039866168,-0.21105215,0.24642996,0.5236218,-0.00039869174,0.5517138,0.4433735,-0.1776152,-0.36265138,0.2780038,-0.12871438,-0.3758466,0.35488147,-0.042044286,0.1098486,-0.2761694,-0.17801367,-0.71473724,0.013424603,-0.22124612,0.0301759,-0.13678482,-0.803374,0.46664685,0.016682241,0.42901024,0.2535021,0.035966102,0.050350804,-0.20089148,-0.21154274,0.11688461,0.5064603,-0.05884638,-0.5487713,-0.29591432,0.044352166,0.5519081,-0.06203965,-0.4008526,0.047562223,0.4784825,0.18804705,-0.38908643,0.037614696,0.37676185,-0.23622975,-0.15701428,-0.2275355,-0.3616185,-0.18544862,0.3689236,-0.2713789,-0.39647993,-0.47401696,0.21647856,-0.24516214,-0.40761787,0.8071801,0.68176717,0.32654735,0.24726115,-0.49396747,-0.33033723,-0.45075473,0.14070198,-0.07819409,0.019684272,-0.5634334,-0.10565189,-0.5655139,-0.3812318,-10.57227,-0.32919282,-0.21102874,-0.39054027,0.057088636,-0.34318024,-0.043924402,0.1992596,0.14169034,-0.40983248,-0.20674358,-0.20803764,-0.11058358,-0.1103878,-0.34640148,0.262226,0.600372,0.59258753,-0.3872644,0.39271483,-0.2768719,-0.2426484,0.45448714,-0.4502593,0.026184443,-0.022222182,0.19958997,0.46002892,0.17606354,-0.18414299,-0.39610437,-0.1259432,-0.20460923,1.0227293,-0.44904113,-0.019649075,0.37169608,-0.49804115,0.13936795,-0.08405542,0.26367256,-0.09769867,-0.13306317,0.16571817,0.6401232,-0.67132586,0.009725114,0.09703268,0.19752881,0.30914435,-0.8024557,-0.4819364,-0.017203119,-0.5069912,0.22636564,-0.35039526,0.14032562,1.0571245,0.04708035,0.039497405,0.5370801,-0.30104977,-0.252862,-0.25196213,0.07293744,0.117134154,-0.368777,-0.33292595,-0.62367004,0.011035556,-0.5711858,0.12227602,-0.33739254,-1.7589277,-0.6073999,0.108783856,-0.06924598,-0.06134642,-0.12321514,-0.41455558,-0.6298123,-0.49226388,0.24738841,-0.07416667,-0.7030406,-0.30494875,-0.38261518,-1.1138085,-0.14164104,0.24602428,0.06199938,0.035848252,-0.034337174,0.43668127,-0.024215624,0.048140906,0.66420203,-0.4267318,-0.09037381,0.14275146,0.43122888,-0.31980467,0.40510565,0.10420445,-0.077195235,0.25898048,-0.34640512,0.014438033,0.13213946,0.39948517,-0.38173956,-0.20855834,-0.102398135,0.03273685,-0.59223425,-0.04195406,0.3040343,0.012993391,0.18436906,-0.5199519,-0.08503964,0.51648176,-0.31483558,-0.602961,-0.06778259,-0.12527075,0.2846075,-0.11314557,-0.22664343,-0.52227545,-0.20110503,-0.20539255,0.27844232,-0.42216757,0.13317533,-0.43688032,-0.24148722,0.020079378,-0.18762358,0.26331347,0.24026708,0.06808256,0.16149206,0.2456619,0.022537587,-0.0636801,0.2526975,-0.08089497,0.1710941,0.12715897,-0.69379336,-0.70493275,0.50787944,-0.14884162,0.20888731,-0.20788562,-0.059919782,-0.44481942,0.0075455126,-0.5332894,-0.06451166,0.18702592,0.011943512,0.3975014,0.14395355,0.0056532556,0.12950341,0.20222661,0.050307523,-0.5680931,-0.34542686,0.6431132,0.11629574,0.20602188,0.06603939,0.55989844,0.09168936,-0.19329195,-0.27133355,0.87257737,0.1711592,0.51648563,-0.084238954,0.32648352,0.3117765,-0.25105363,-0.25242776,0.3585929,0.29114947,0.44704598,-1.0711405,0.76895064,-0.21597758,-0.6945216,-0.0036037995,-0.7365235,0.3252192,0.0341272,0.05154327,-0.19144855,0.0072901505,0.28018707,-0.4062561,0.5214287,-0.33136687,-0.12118602,-0.24416228,-0.12062867,0.24450073,0.12083875,0.7399966,-0.34421825,-0.47461525,-0.71146476,0.5706551,0.11668029,-0.011062853,-0.25033456,-0.5857287,-0.09067934,-0.3525788,0.32846126,0.31588295,0.44829908,-0.5675084,-0.13231364,0.18889257,-0.23210551,-0.15261023,0.10596357,0.4007282,-1.4501715,0.37120417,-0.1465533,-0.06630233,-0.66224116,-0.24773277,-0.0012217058,-0.176855,-0.31668767,-0.0924337,-0.8300672,0.046117228,-0.45088688,0.04692733,-0.35880587,-0.4584538,0.57823294,-0.31987786,0.09844402,0.3696973,-0.032749362,-0.20281152,-0.41473165,0.548912,-0.74292815,-0.16099164,-0.3880518,-0.48174843,0.50907737,-0.17268921,0.30230215,0.16390257,0.39180848,-0.0074343807,0.15278684,0.59415895,-0.046439283,0.17733324,-0.29345518,-0.4171679,0.019882789,0.11034747,0.8167003,-0.20875075,-0.5010753,-0.21910237,-0.28482994,0.5829813,-0.23311706,-0.5435716,-0.10390247,0.050095696,0.018971236,-0.17052384,-0.5476119,-0.13863786,-0.22687742,0.44044188,-0.2315,-0.6169009,0.4334289,-0.43534026,0.017799273,0.13765006,0.51293635,0.18191881,-0.09926368,-0.28336075,-0.07194807,0.04211083,0.113692984,0.7648946,0.08426213,0.23964931,0.20813243,0.035462223,-0.15791447,-0.28910446,-0.48789522,-0.33349183,-0.2525099,0.3979969,0.66706866,-0.16046692,-0.27444595,-0.00036044526,-0.6447657,-0.2552679,0.25285625,-0.42476514,-0.006366257,0.83067197,0.019412324,-0.11980312,0.14723562,-0.31731436,-0.23889852,0.08698164,0.2337024,-0.24432078,-0.30293393,0.13530146,0.5598965,0.32096714,-0.23359433,0.21125372,-0.18291448,-0.34876874,0.03128887,0.23989007,0.45508507,-0.38390404,0.25756478,-0.23314826,-0.026118254,0.09067955,0.054051034,0.37141868,0.24780126,-0.1295222,-0.13153341,-0.17560801,0.16027482,-0.016756916,-0.035522528,0.3487964,0.072503045,0.09498275,0.4948915,0.09790566,0.18440525,-0.085503265,-0.24485697,0.022613332,0.28196523,0.38212252,0.23150699,0.20065165,-0.3867626,0.29185563,0.17913826,0.39212254,0.45344266,-0.26437575,0.09096675,0.08812322,-0.08343633,-0.4768165,-0.17829609,-0.31367308,0.03922061,-0.021546077,-0.391733,0.26446992,-0.68849653,-0.07968069,-0.10427588,0.17866457,-0.27078077,-0.015787037,0.26664928,-0.048853092,-0.25541952,0.25343204,-0.1319967,-0.40221474,0.23559523,0.28707328,0.14688958,-0.08552586,-0.2487943,-0.09808273,-0.16333036,-0.23634423,-0.12905402,-0.31744727,-0.02252613,-0.45200986,-0.14492679,0.05000106,0.44254467,-0.07788168,0.010881385,-0.18965814,0.07440085,0.5154412,-0.47463402,-0.8248793,0.21001042,-0.29931697,-0.035065778,0.24328183,0.23553744,0.3051032,-0.13780557,-0.46968088,0.008005472,-0.2624455,0.12617682,-0.07184088,0.802518,0.40970317,0.44301158,-0.084253296,0.12892607,-0.14939082,0.1970799,0.46786588,0.26511273,-0.59298664,-0.050038043,-0.096893646,0.31144693,-0.56144994,-0.015645633,0.40544292,0.025113251,-0.99010175,-0.61509126,0.06428626,-0.02423678,-0.20549372,-0.39302966,0.023707777,0.6044987,-0.3356453,-0.40407827,0.22166838,0.3940861,0.0,0,0,0,0,0,0,0,0,0,0,0,2,0,0,5,0,0,0,0,0,0,0,0,0.0,0.0,0.0,0.0
0.012725252,-0.4010575,0.5934007,0.12289648,-0.24961276,0.023043614,-0.39364818,0.88446504,-0.152302,0.34059182,0.20502609,0.076770075,0.04959747,0.20492819,0.112375185,0.26725972,-0.38416862,0.25358266,-0.15386882,-0.1322115,-0.04678607,0.031346872,-0.26343808,-0.14278154,0.353265,0.20448673,0.099712305,-0.45092052,-0.83649033,0.09236437,0.21073884,0.50673586,0.084632866,-0.12295757,0.37325394,-0.15583366,-0.18338923,-0.32798046,-0.011160259,-0.04264951,-0.8792088,-0.10985446,0.29559195,-0.0632414,-0.032901887,-0.06419115,-0.013980895,-0.23356207,0.02441064,-0.2921412,-0.40868285,0.40691113,-0.33548748,-0.26704514,0.026511263,0.33431062,0.12356511,-0.12381604,-0.3444418,0.39814517,0.13798743,-0.15733752,-0.34821317,-0.29740834,0.23990184,-0.13172622,0.32749188,0.3923827,-0.7039301,0.22758417,0.35194886,-0.23200054,0.14405479,-0.33379033,-0.04493676,0.0045218254,-0.5421249,0.415678,-0.2419865,-0.3509155,-0.37933606,0.33188766,0.40643966,-0.011517453,0.2323716,0.43697196,-0.044673003,-0.23328005,-0.1056836,0.9790342,-0.016467128,-0.18152791,0.08288829,-0.2978031,-0.22250123,-0.90356016,-0.77668464,0.18224373,-0.48945713,-0.0004551138,0.81866544,-0.55542964,0.052857753,-0.15448071,-0.102071054,0.18846087,-0.11599526,0.43786782,-0.0051692827,0.17140593,-0.21580347,-0.055793718,0.11069712,-0.11694153,-0.10449288,-0.086632825,-0.2958761,-0.34867707,0.2184225,-0.16466257,-0.01642363,-0.016495135,-0.050850857,-0.10548768,0.3893412,0.18755692,0.2885865,-0.28366882,0.2875227,-0.22309357,0.2822646,0.17685752,0.77791274,-0.4200588,-0.10730058,0.012957137,-0.026802192,-0.15300827,-0.26545402,-0.22395216,0.5146391,0.17329341,0.1516267,0.23567627,0.2934714,0.03617919,-0.07638148,-0.40414685,-0.14696187,0.18830018,-0.17035156,0.44163468,-0.50243616,-0.32642737,0.19990233,-0.54548615,0.03336765,0.26006547,0.043915104,-0.024918675,0.24490629,0.3509527,-0.09860634,0.3605469,0.29029343,0.031876918,-0.25673985,0.33612838,-0.42694786,0.02310709,0.062186956,0.017534142,0.37844074,-0.05133398,0.5740473,0.23106894,0.13615938,0.3866731,0.27874255,0.5058879,-0.6333112,-0.03816342,0.3351673,0.036659867,0.2741823,0.10873209,0.8470488,-0.2181703,0.6170299,0.38242546,0.18268089,0.12814489,0.07704124,-0.090496846,-0.37417084,-0.6960356,-0.20248441,-0.8694341,0.053544577,-0.5218794,-0.01618821,0.57399064,0.26684725,-0.27024144,-0.113265306,0.07881083,-0.3928808,-0.036470078,-0.3603031,0.38009667,-0.42307863,0.40060142,-0.17393363,-0.017036721,0.20279785,0.08048922,0.045860596,-0.14139813,-0.27077162,0.441491,0.14314882,0.13028947,0.026325429,0.025171302,-0.112568915,0.95790666,0.29746088,-0.054646567,0.21237403,0.10132896,-0.16166824,-0.035211064,0.28199396,0.12998906,0.19259064,-0.08503533,-0.8644335,-0.4074277,0.17697279,0.23960339,0.09231856,0.20332158,0.1228153,0.41878182,0.023128323,0.2622526,-0.22246365,-0.5815175,-0.33535233,-0.5919507,-0.30336648,-0.545062,-0.45431727,-0.33972675,-0.41472584,0.08493809,-0.31150043,0.24205464,-0.030028759,-0.1318024,0.20200649,-0.08873691,0.094865605,0.18949404,0.04325901,-0.17440586,-0.016937263,0.038180467,0.045655213,0.2494021,-0.17984505,0.09072441,-0.30369762,0.55557764,0.41165662,-0.12446853,0.30079553,-0.27665892,0.19267036,-0.17345157,0.31040612,-0.02878223,-0.1874835,-0.16373758,-0.31268647,-0.1489441,0.37697884,0.120287545,-0.08027908,-0.46264964,-0.27610695,0.11222062,-0.38365188,-0.3867329,0.6555781,0.15999806,-0.014853679,0.12308049,-0.4213347,-0.3344518,0.2603155,-0.41949308,0.51782984,0.25323352,-0.3032962,-0.349693,-0.4002135,-0.2468687,-8.544263,-0.16927011,-0.24793746,-0.30670208,-0.08833045,-0.5842121,0.055906516,0.27767122,0.061449867,-0.39073116,0.07047492,-0.40557325,-0.43572506,-0.1268371,0.086986974,0.12877445,0.20059806,0.055358734,0.09577877,0.20386606,-0.30940977,-0.86037725,0.4375298,0.16722319,0.07888381,0.7932194,-0.16521084,0.07137577,-0.32172042,-0.23113883,-0.64332855,-0.40964127,-0.25075004,1.109707,0.055678457,-0.31032354,-0.26435292,-0.2311094,0.24587983,-0.37797487,0.21380785,0.3880975,-0.14335243,0.16122697,0.8533064,-0.5154737,-0.019576848,0.077792265,0.17861845,-0.06289372,-0.35659787,-0.133317,-0.30572513,-0.44839555,-0.07505632,-0.31258968,-0.06704567,0.2917965,0.041579217,0.4456292,0.30883697,0.016995369,0.1808802,0.16893679,-0.38634387,-0.22292423,-0.43472326,-0.09536552,0.071686134,-0.21899784,-0.008252991,0.31746072,0.10209612,-1.519566,-0.4835129,-0.35521397,0.32837692,0.6185359,-0.27791062,-0.31809503,-0.39012757,-0.5483199,-0.13790269,0.056614347,-0.5712108,-0.53419894,-0.16524933,-0.25204784,-0.13799714,-0.2727567,0.27912277,-0.14216122,0.10858288,0.110293,-0.23002864,-0.4247543,0.5839397,-0.7061691,-0.14151554,0.196792,0.2597422,0.15860686,0.13732605,-0.20192908,0.13621792,-0.1318801,-0.31509644,-0.28987744,-0.008342568,-0.16901189,-0.04451161,-0.3839271,-0.13842693,-0.012314701,-0.20821981,-0.0134725515,0.063586876,-0.3507021,-0.48676488,-0.29633635,-0.069666855,0.10211402,-0.22063604,-0.66147447,-0.51503205,-0.112932175,-0.1735093,-0.03225786,0.089101546,-0.20026717,-0.24611358,0.049833287,0.0064665363,-0.10052518,0.47660962,-0.104441024,0.41146755,-0.2627997,0.18308504,0.15147859,0.253323,0.8501856,0.54074913,0.1685723,-0.26296902,-0.029570084,0.46693826,-0.016628072,0.043947,0.1289231,-0.31320724,0.12763758,-0.056974515,0.13492198,-0.4244193,0.3065079,0.5075329,-0.1732012,-0.53523237,-0.62871444,0.065095365,0.31956506,-0.14782904,0.17475943,0.4758372,-0.10998858,0.027673507,0.037964128,0.3775602,0.007995916,-0.18625279,0.46820328,0.4499204,0.024550786,0.2002158,0.7152102,-0.009577757,-0.26426074,0.2613762,0.46383476,0.05486909,-0.13403022,-0.24224372,0.024116576,0.4733675,0.06984184,0.05229276,0.031778585,-0.055793148,0.19327636,-0.51065856,0.057215907,-0.09607975,-0.41733062,-0.11908939,-0.38098758,-0.012510592,-0.09034065,-0.03433205,0.47789374,-0.22263472,0.17109443,-0.57047486,-0.17010619,-0.1309596,0.38179776,0.25486347,0.22044823,0.34303582,-0.041113093,-0.03580618,-0.2915059,-0.24812998,-0.22443125,0.30223426,0.31189513,-0.44671464,-0.37868688,-0.53493464,0.5192046,0.021684851,0.21602952,-0.13643615,0.5218392,0.09243408,0.0870232,0.11289761,-0.16496304,-0.31558838,-0.24395584,-0.14774688,-1.0346191,0.23857443,-0.030410688,-0.29509318,-0.03047523,-0.9300457,0.2601621,-0.23283142,-0.28012493,-1.016645,-0.52291924,-0.15478817,-0.22186431,-0.4794758,0.15964639,-0.08288094,0.0714465,-0.1223608,-0.06638343,-0.06782494,-0.07135346,-0.5683573,-0.14876729,0.05322115,-0.46039578,-0.3555129,0.03300881,-0.14102915,0.30749094,-0.04392551,-0.052880187,0.3152784,0.49767312,0.16796455,0.16052292,0.22594917,0.11812494,0.3777118,-0.3148676,0.030358765,-0.15520439,0.06654337,0.27517414,0.31746706,-0.3705355,-0.31421563,-0.4086877,-0.41957387,-0.30429068,-0.18205911,-0.2893072,0.067855634,-0.1340522,0.14387299,-0.23313391,-0.33404607,0.30700994,-0.0717403,0.40861294,0.3541587,0.60285586,-0.3314056,-0.0551221,-0.48077962,-0.027913637,0.7194431,-0.5887499,0.05118889,0.67361635,0.35879773,0.04550515,0.4772179,0.14970942,-0.25558433,0.09307433,0.14158516,-0.07283513,-0.2516354,-0.07705402,-0.36315185,-0.4397148,0.68549705,0.6436034,-0.115448885,-0.11679394,-0.314397,0.09271626,-0.7033989,0.2893495,0.10458491,0.18156342,0.41007453,-0.47459698,0.09902541,0.06290377,0.03127424,-0.44431236,0.2955008,0.08770719,-0.17553473,0.45872438,-0.39306274,-0.11021974,-0.40013635,-0.29722235,0.19674177,0.10442938,0.1217147,0.0429795,0.08974443,0.100731984,0.58625644,0.34062696,0.054145847,-0.2610369,-0.19231324,-0.012576649,0.08621439,0.36811897,0.26954854,-0.23249342,-0.6325365,0.12874214,0.65189,0.12421162,0.05829705,0.30511227,0.28081,0.7191774,-0.05647988,0.34535682,0.17209582,-0.47380906,0.18038574,-0.030206632,0.18499321,0.0876218,0.34288892,0.16912694,-0.072984636,-0.15318644,0.60723007,-0.25015584,-0.07780255,0.46087226,-0.27090633,0.22647768,-0.31225374,0.2472979,-0.35695747,-0.20476568,-0.19728476,-0.29984042,0.5634145,-0.26252478,0.08137968,-0.07794625,0.13513514,-0.26991457,0.08162304,-0.30411875,-0.102540165,-0.14856955,0.5264363,-0.15427026,0.27909398,0.5330682,0.050447162,0.047171555,-0.021666879,-0.6735623,0.04603526,0.6133899,0.21460927,0.20005521,-0.17491797,0.33323917,-0.046293788,-0.4616818,0.018823734,0.6702116,0.011495735,-0.004130114,-0.32292125,0.03680289,-0.10607889,-0.18988152,-0.17645723,0.062317,-0.3999939,-0.30875003,-0.28587174,-0.07164348,0.029848576,-0.014437523,0.06227272,-0.069889925,-0.1938737,-0.29433003,-0.07655489,0.62355036,0.20863211,0.1886199,-0.48071468,0.025480261,0.22620073,-0.07610489,-0.062780365,-0.020425742,-0.23335885,0.36681244,-0.19141184,-0.33807027,0.1820458,0.24594033,0.15415677,-0.52353674,-0.47322625,-0.07006281,-0.6138926,-0.042204484,-0.20361492,-0.019210394,0.11742334,0.40955198,-0.17311165,-0.65027076,0.63133574,0.010089928,0.0,0,0,1,0,0,0,0,0,0,0,0,0,0,0,1,0,0,0,0,0,0,0,0,0.0,0.0,0.0,0.0
-0.10237524,-0.59373784,0.58162093,-0.02210618,0.20516503,-0.5372017,0.05650747,0.4845896,-0.48424706,-0.025639558,-0.31796467,-0.009360051,-0.13239393,0.25576255,0.033438336,0.18959258,-0.41075134,0.19988756,0.119053714,0.21949722,0.2726773,0.21235017,-0.2230268,-0.19781771,0.34655154,0.064569905,0.11923616,-0.7397809,-0.94476014,0.008827648,0.18273368,0.16878115,0.09584984,0.09117755,-0.53839636,-0.1372377,-0.18872981,-0.019029956,0.2160037,0.7260202,-0.17206803,-0.35880882,0.35067627,-0.15217339,-0.06540756,0.5078803,-0.11286565,-0.5384046,-0.11669347,-0.036217853,-0.9844738,-0.18755122,-0.2429677,-0.36176705,0.35509774,0.037577037,0.4284379,-0.9526617,-0.56202865,0.021685028,0.14161517,-0.12064263,-0.046022817,-0.08590047,-0.022011368,-0.5108788,0.3399662,0.309008,-0.7495086,0.5860658,0.4065217,0.3180492,-0.047636047,-0.09390697,0.48551932,0.22681373,-0.32365516,0.6295571,0.13264784,-0.08327485,-0.14341255,0.2555582,0.64948195,-0.025424454,0.31011283,0.27974465,0.20753504,0.028273664,-0.6760557,0.760589,-0.119108416,-0.2288542,-0.03222473,-0.13705297,0.68909407,-0.34376264,-0.44260436,-0.19445182,0.045129493,-0.3451676,0.32414052,-0.21927126,0.03998681,-0.29909316,-0.20952074,0.101341456,-0.7295317,-0.20539577,0.32395068,0.21441737,-0.13653238,0.24866717,0.25214118,-0.5247116,-0.2631034,0.12721148,-0.032240693,0.029996209,0.45107138,0.146812,0.0069806315,0.57013303,0.4581218,0.18788487,0.3921426,0.3203575,0.014755904,-0.19571666,0.42088014,0.060107123,0.18235444,0.56366694,0.3918176,-0.29043695,0.4601758,0.1710182,-0.06624752,-0.29731974,-0.019896789,-0.22218472,0.09192573,-0.19322053,0.27182603,-0.16341767,0.52007127,0.12359916,-0.19035414,-0.25142518,-0.13368127,0.40172225,-0.37167525,-0.4125174,-0.27435192,-0.05684095,0.010978703,-0.24094196,-0.24263339,-0.10000116,-0.13235858,0.044119846,0.539479,0.4895003,0.030207053,-0.057083916,0.22938828,0.08806959,-0.2704137,0.3555765,0.10042435,-0.08982369,-0.03424432,-0.5873893,0.24854177,-0.08485737,0.22012745,0.33420932,0.5070824,-0.1763017,0.1258666,0.4010587,-0.57446235,-0.026873078,-0.20200272,-0.64899725,0.08106949,0.13287157,0.637367,-0.6578853,0.63275534,0.3345845,-0.39056876,-0.32883087,-0.06005124,-0.03971876,0.38739982,-0.4976063,-0.08375514,-0.33956787,0.4116979,-0.28948316,0.5838286,0.14733358,0.0034486195,-0.26415846,-0.45162678,0.22473985,-0.21522656,-0.5028974,-0.28733742,0.0154200485,-0.46159363,0.46062458,-0.32812968,0.4113293,0.3152352,0.010211267,-0.043649208,-0.36968997,-0.060743507,0.008056658,0.004736793,-0.43043151,-0.008152519,0.3665646,-0.2993971,1.2305276,0.15341042,-0.4313443,0.9214524,0.25454876,-0.13165766,-0.003043342,0.08245125,-0.2920916,0.28614205,0.3952108,-0.7265934,-0.46503738,0.0054029347,-0.043184232,-0.13790357,0.43179393,0.42510194,-0.052163396,-0.16257972,0.4377573,0.16107349,-0.3716741,-0.112672664,-0.1743415,0.031414818,0.08026491,-0.46050522,-0.7042095,-0.053718816,-0.19407165,0.011882324,-0.44583076,-0.3915687,0.46787763,0.38976964,-0.08364766,-0.073888466,0.25271785,0.021127233,-0.29188678,0.3432547,0.21018043,0.51447487,0.04425543,-0.123833396,-0.553887,-0.00816125,0.557404,0.05637349,-0.36982754,0.035278846,-0.022894384,0.062281586,-0.034536697,0.17994323,0.31275147,0.26544672,0.120951846,-0.30230832,-0.30917045,0.3225337,-0.27652407,-0.3199464,-0.18849,-0.4035161,-0.22250482,-0.36304867,-0.023762288,0.93230104,0.3808714,0.02884809,0.54115325,-0.31367555,-0.23419175,0.12153075,-0.084932834,-0.08398559,-0.3050974,-0.17734896,0.3423715,-0.5074875,-0.4262885,-8.867273,-0.20408317,-0.12911953,-0.28388435,-0.20695475,-0.4510758,0.13857554,0.064930394,0.13092455,-0.2274693,0.0067575504,-0.39225712,0.23112942,-0.139077,-0.19024794,0.35813576,0.6576968,0.300683,0.014725437,0.28882557,-0.28708836,-0.47391534,0.356785,-0.108712465,0.2163223,0.27819598,-0.23604602,0.13858712,-0.21033888,-0.49694625,-0.06477845,0.015404722,0.12080262,0.7505221,-0.34704196,-0.035565507,0.029025974,-0.38715512,0.14714399,-0.40473512,0.6015968,-0.052251834,-0.14784947,-0.12681709,0.94241834,-0.69660985,-0.03425085,0.18024383,0.21703373,0.341809,-0.50682944,-0.61775553,0.030253341,-0.52364135,-0.18712132,-0.025597692,0.25297725,0.96834964,-0.6582769,-0.18884183,0.5815181,-0.52843904,-0.06205574,-0.12745014,-0.46194467,0.1064522,-0.5783985,-0.45676476,-0.22280924,-0.24924742,-0.5675732,0.81904864,0.1584187,-1.2177267,-0.17655109,-0.4319683,-0.031187627,0.17732039,-0.30115634,-0.46264216,-0.38764438,-0.5266031,-0.059871662,0.13593647,-0.22855978,-0.11486033,0.10432914,-0.7031691,-0.5833997,-0.03631225,-0.26912743,-0.16430324,0.070798226,0.1461475,0.14739582,-0.057455614,0.8424554,-0.57416594,0.15283082,0.23165818,0.3351867,0.3089661,0.47019866,-0.36958396,-0.34015664,0.09862,-0.36717704,-0.18745027,0.004819153,-0.4025525,-0.037325103,-0.20478092,-0.3115941,-0.0053463657,-0.34552953,0.26113796,-0.08536533,0.2841098,0.27665746,-0.76086646,-0.50595707,0.25671294,-0.26804602,-0.43001634,0.4702812,-0.10769317,-0.24896581,-0.21366839,-0.21023786,-0.013922389,0.13429494,-0.20129137,0.07980232,0.16270065,0.16640948,-0.35429436,0.079360776,-0.20195423,0.015830418,-0.044395022,-0.09381891,0.52397877,0.2100658,-0.07159449,0.30519572,0.15005356,0.17924744,0.3237931,0.09942308,0.16247103,-0.4430327,-1.1303285,0.09975407,-0.054663386,-0.10925646,0.28325853,0.35879856,-0.19504692,-0.25169048,-0.2608442,-0.059994478,-0.16406818,0.14367113,0.25735423,-0.25808844,0.008487181,0.23103899,0.12371822,0.34625515,-0.5482342,-0.23044837,0.35244367,-0.19590305,0.1847981,0.45197764,0.13227853,0.13510267,-0.63198996,0.20125946,0.7920343,-0.01614533,0.1466002,0.35039866,-0.13050577,0.2790252,0.3120502,0.19525413,0.32004285,0.37934986,0.64216524,-0.1069242,0.43757558,0.087210804,-0.6283552,0.33246174,-0.54307,0.6246047,-0.27106255,-0.101369925,0.27141088,-0.13056362,0.13097401,-0.6247063,0.32472405,-0.3583114,0.05140897,0.25939283,0.14240529,0.32625878,-0.07488367,0.34432846,-0.59153247,-0.5517086,-0.4729186,0.3830099,-0.15211761,-0.5279176,0.08133636,-0.58048373,0.041449584,-0.31803352,0.4342976,0.38554123,0.15183653,-0.15339845,0.13462168,0.21524897,-0.45749232,-0.2574293,-0.20869882,0.18690643,-1.2232121,0.26788783,-0.056354348,-0.23944134,-0.22167102,-0.7636585,-0.2558827,0.11735153,-0.367159,-0.57431966,-0.83982515,-0.55682296,-0.7920565,-0.8405464,-0.098217614,-0.41524306,0.37346816,-0.25183865,0.3168112,0.23636547,-0.34482932,-0.20187798,-0.3602937,0.4703591,-0.5142343,-0.015171422,-0.30781993,-0.24356475,0.26433936,0.22977059,0.61072755,0.15226752,0.30663794,0.173143,0.04116074,0.089580275,0.15506186,-0.08884586,-0.4237091,-0.45319995,0.16920002,0.0052090315,0.4570957,0.22140312,-0.34297505,-0.16667917,-0.6769581,-0.09755236,-0.18206911,-0.20028849,-0.09063406,0.130677,0.1954569,0.49270096,-0.3227592,-0.2505219,0.048063923,0.54767317,0.15346411,0.013538423,0.6017907,-0.6395078,-0.08062982,0.016477065,0.5803975,0.36309296,-0.3143568,0.20520896,0.15734085,-0.25708264,-0.059304163,0.5392172,0.2512619,-0.33160567,0.40972346,0.027263148,0.015921323,-0.3162957,-0.15374225,-0.14119984,-0.057875875,0.8179821,0.65968686,0.20351759,-0.38320863,-0.80809724,-0.09055236,-0.30427024,0.08306145,-0.06313701,0.17201811,0.5998809,0.117497236,-0.33137113,0.10607607,0.17237887,-0.34628826,0.08438605,0.051020056,-0.18834013,0.14140692,0.023528224,0.13154455,0.25353116,-0.31768882,0.19231358,0.014395299,-0.102179386,-0.0702913,0.1216321,0.791248,-0.078707054,0.26030645,-0.12078151,-0.04660833,-0.21756764,0.29111093,0.3675152,0.52762526,0.07133598,0.34423864,-0.29136267,0.1272851,0.2059353,-0.35089913,0.3935469,0.053987637,0.25343135,0.28620613,0.2940077,0.21685463,0.008390785,-0.41239765,0.00813596,0.008868215,0.09431485,0.027639203,0.102875374,-0.04128602,0.079632424,0.104588024,-0.17254257,-0.34810665,0.0209601,-0.18045215,0.27339917,-0.0857612,-0.49585736,0.017861998,-0.34697956,-0.08637712,-0.4318154,-0.046530813,0.40274787,-0.7172186,-0.22471374,0.04010141,0.07377394,-0.4037112,-0.51108605,0.03481133,0.18191616,-0.20108515,0.17599379,-0.36098552,0.259022,0.48214608,0.4261948,-0.029625354,0.27165163,-0.13309819,-0.06532537,-0.29689714,-0.15085265,-0.22435984,-0.0732712,0.019670468,-0.37162948,-0.19113821,0.064687386,0.6332482,-0.017452976,0.25280955,0.35086128,0.096049815,0.55525017,-0.0632215,-0.40052375,-0.23223332,-0.34074453,-0.40652618,0.30970442,-0.10223478,0.07419613,-0.4647568,-0.30597985,0.08063492,0.21059145,-0.24863674,-0.10625914,0.2650557,0.37313274,0.13767135,-0.6222128,-0.42507225,-0.19492717,0.1516503,0.24268463,0.22296017,-0.35952428,0.14851815,0.19050147,-0.110732414,-0.34941018,0.44885537,0.17193781,-0.22753443,-0.7615304,-0.36870575,0.102016985,0.20212217,-0.5315563,-0.62730074,0.15870313,0.25272667,-0.23397093,-0.14308645,-0.18559235,0.036106996,0.0,0,0,1,0,0,0,0,0,0,0,0,0,0,0,1,0,0,0,0,0,0,0,0,0.0,0.0,0.0,0.0
-0.0057355184,-0.1831915,0.6975687,0.15392101,0.34097472,-0.0016025847,0.21222168,0.27648613,-0.69988215,-0.11617419,0.055297457,-0.24381477,0.27012548,0.32357502,0.16164437,0.55085486,0.047974803,0.2871067,0.11767282,0.07265636,-0.072996385,0.025301207,0.38191676,-0.042792264,0.46393788,0.07507421,0.20602976,-0.20047325,-0.6533829,-0.1342066,0.31064397,0.26146278,0.24584857,0.023369633,-0.26771933,-0.4956087,-0.6638845,-0.44063935,-0.32079688,0.1658561,-0.3607878,-0.49199918,0.18039054,0.05726347,0.03644,0.03914996,-0.099080265,-0.43175113,0.09982863,-0.19887115,-0.6177724,0.16407774,-0.25816816,-0.5329563,-0.20429142,0.45041135,0.30276456,-0.40639248,-0.47067505,0.14914788,0.310008,-0.34676906,-0.1517487,-0.3923081,-0.0612589,-0.20253545,0.011614468,0.34870008,-0.7279676,0.27615786,-0.044851355,0.11138313,-0.27383506,0.0021350768,-0.21470524,-0.264099,-0.22510739,0.5797316,0.35146704,-0.4009127,-0.046352185,0.18086922,0.27542412,-0.23579726,0.47975567,0.505256,0.26795214,-0.10944492,-0.56926256,0.47881594,0.0723553,0.14951855,0.11124385,0.29647475,0.47407413,-0.25266302,-0.54998,-0.3495637,-0.20210122,-0.17768358,0.7043605,-0.19125244,-0.20724945,-0.04822134,-0.46095914,0.20675473,-0.43318683,-0.24730755,-0.005544932,-0.07928156,-0.31427675,-0.15143645,-0.06573405,-0.6910834,-0.17551416,-0.034081507,0.10104721,0.07663999,0.16132893,-0.24629049,0.07337911,0.6454089,0.07481568,0.29313126,0.34205982,0.0065852227,-0.028505683,0.18980917,0.3138642,0.10241908,0.4066886,0.0880553,-0.0301998,-0.13058586,0.2904393,0.20185268,0.2234985,-0.086409114,0.07717559,-0.27194792,-0.1118665,-0.55812734,0.5663442,0.08098324,0.45073172,-0.34102103,-0.0034045936,-0.08328727,-0.55165184,0.23160575,-0.69661117,-0.08549924,-0.48237967,0.00025629648,-0.0458507,0.06416144,-0.43842748,0.18619409,0.5991285,0.058533598,0.2579924,0.25888187,-0.038272947,-0.09032366,-0.4174306,0.12112713,-0.035954814,0.36682507,0.016194832,-0.21515729,-0.115711,-0.42701748,0.22262347,-0.07933454,0.3415153,0.2024865,-0.11394283,-0.34909925,-0.28669158,0.48781055,-0.5327431,0.022688832,0.34889412,-0.47721034,0.3384796,-0.17230083,0.2706868,-0.43162563,0.9411754,0.060134243,-0.3402358,0.02634726,0.41115773,-0.2026498,0.05696457,-0.4199992,0.06347265,-0.18806078,-0.010669986,-0.53854364,-0.18873115,0.33622226,-0.001347138,-0.17130959,-0.48581344,0.03461336,-0.2149138,-0.20482895,-0.37286922,-0.25708818,-0.08106722,0.38167867,0.26814708,-0.030513082,0.28219563,0.16533591,-0.3280552,-0.23683788,-0.052939754,0.49940005,0.39849213,-0.39279103,0.0888039,0.2678281,-0.06301633,1.0934836,0.007679946,-0.4944907,0.31092227,0.13257681,-0.09720516,-0.11206498,0.029069077,-0.20411864,0.37458253,0.4566754,-0.6616349,-0.066796936,-0.14302494,0.15499777,-0.15216851,0.26125386,0.38360947,-0.100929454,0.049600977,-0.063260585,0.1734741,-0.35216132,-0.406621,-0.33711445,0.082940474,0.06516223,-0.33630413,-0.26488763,-0.19762556,-0.5138393,0.07995294,-0.30751184,-0.43957293,-0.21554166,0.17701913,-0.10841141,-0.052765246,0.29169658,0.42542168,-0.28937405,0.37463015,0.004039895,0.50215197,0.12597913,0.009846964,-0.13932547,-0.09007186,1.0489231,0.5653292,-0.43826345,0.105123684,-0.04857336,-0.007064153,-0.452327,-0.11376615,0.10762167,0.20867795,0.027924307,-0.28430793,-0.047400326,0.07874129,-0.08590746,0.13219944,-0.46121,-0.7842457,-0.456017,-0.22622292,0.073876694,0.7138369,0.4142395,-0.23103203,0.27474427,-0.44275483,0.03824243,0.0464424,0.15105654,-0.07151043,-0.41985434,-0.27770767,0.09789517,-0.24411397,-0.29156524,-8.163781,-0.8026169,-0.49356744,-0.26161903,0.00033321456,-0.23430568,0.28236693,0.65062433,0.12158519,-0.10091495,-0.21522516,-0.17413473,0.40421653,-0.21850492,-0.25786698,0.2409053,0.56145304,0.45756587,-0.029663675,-0.10247186,-0.2667025,-0.6450734,-0.048371736,0.08880574,0.62133634,0.08308732,-0.41890067,0.06837301,-0.06206896,-0.039092403,-0.06065548,-0.20473479,0.022516623,0.9192039,-0.40293753,-0.29888102,-0.15600064,-0.24341731,0.049510274,-0.1643204,0.2920364,-0.3066457,-0.2794668,-0.06737556,0.97228026,-0.7191148,0.019066548,0.2448798,0.039062664,-0.09741149,0.1435285,-0.25625274,-0.09010377,-0.29651517,-0.039880186,0.04844155,0.17940001,1.1599426,-0.35082436,0.099216975,0.39740464,-0.14746471,0.03522903,-0.22304584,-0.51881486,-0.09628974,-0.9389584,-0.7915197,-0.24105057,-0.058393672,-0.1329522,0.4311485,0.31782678,-1.2389115,-0.06294694,-0.3426267,0.540961,0.46271968,-0.41368374,-0.49099672,-0.3868632,-0.5232322,0.14214331,-0.22966856,-0.2242289,-0.15213963,0.20061548,-0.41291836,-0.6198459,0.32673663,-0.042424418,0.04984031,0.84622365,0.13752131,-0.027590184,-0.25680602,0.33362243,-0.23896152,-0.20948724,0.041260894,0.2730913,0.19556122,0.09732787,-0.48997527,-0.5202492,-0.027461937,-0.22456823,0.19097088,0.28988597,-0.21623808,0.12521592,-0.0032678307,-0.17562294,-0.2326774,-0.0036572686,0.10363613,0.05709285,-0.03890787,0.06923917,-0.479493,-0.11187536,-0.22425216,-0.32513294,-0.26378426,0.22673868,-0.06343508,-0.30678743,0.15561643,-0.23350479,-0.13174218,-0.060494937,-0.20868751,-0.010527177,-0.094161175,-0.07911086,-0.28398454,0.21756247,-0.22241537,0.05760782,-0.07475528,0.37674373,0.46240395,0.2151107,-0.22694771,-0.06552271,0.16477692,0.33950087,0.18778694,0.24487954,0.11180667,-0.49516514,-0.87706953,0.06721558,-0.07274793,0.037872966,0.11927186,0.5290673,-0.22254318,-0.5241334,-0.23050027,0.22561531,-0.15020087,-0.028864743,-0.031320933,-0.34504154,0.1388626,0.08245179,0.23610884,0.0505229,-0.45017052,0.1704959,0.19722809,-0.15920645,-0.113420054,0.46641007,0.20597057,0.05813115,-0.42074302,0.14124693,0.7215382,0.025906071,-0.03719521,-0.13846618,0.17161226,0.3513102,0.4397129,0.020219516,-0.052037563,0.4590622,0.37409547,-0.6500563,0.57197016,-0.3072803,-0.3333867,0.47730783,-0.672397,0.5451946,0.41312152,-0.108254865,0.29300585,0.003387737,0.41457328,-0.5658676,0.03457516,0.09601828,-0.10258458,0.14292753,0.32626697,0.23176539,0.14950778,-0.0934096,-0.083404034,-0.6004432,-0.2629709,0.33782077,-0.0024303903,-0.2666139,-0.43255463,-0.8197179,0.50574,0.09290851,0.13460529,0.3532565,-0.20198435,-0.20206559,-0.13466626,0.29371896,-0.09954421,-0.4878374,-0.30289334,0.012830162,-1.3816667,0.16152205,0.055926766,0.1509982,0.0797569,-0.4724052,-0.3436555,0.19925211,-0.43743163,-0.8915705,-0.3338979,-0.26630834,-0.8844381,-0.7571014,0.2656825,-0.4559807,0.22404398,-0.043621436,-0.13973203,-0.05729943,-0.10076237,-0.15668476,-0.10303269,0.26351684,-0.7434932,-0.022512631,-0.5033485,-0.38528493,-0.3284393,-0.15940192,0.38985908,0.15219373,0.24568106,0.29045203,0.2570503,-0.28664377,-0.0070588463,0.016280338,-0.53685004,0.039997187,0.0028256103,-0.18600634,0.050374374,0.096323416,-0.23297079,-0.34257877,-0.5315197,-0.46228805,0.2937209,-0.3578636,-0.19285865,0.081502415,0.3758255,0.34643352,-0.041738912,-0.36344117,0.013429058,0.0069306414,-0.06265862,0.53767914,0.6136312,-0.27024743,0.18913479,-0.28874263,0.59876806,0.67988557,-0.13102686,0.24711174,0.62358063,-0.23672023,0.31503788,0.25486952,-0.10284881,-0.12272811,0.27921385,0.07833039,0.020954246,-0.41923416,-0.25798315,-0.03578457,-0.11586742,0.70574766,0.6561411,-0.07822428,-0.20793587,-0.96523386,0.2398749,-0.21996367,-0.16602361,-0.028272195,0.4064903,0.39007184,-0.31073567,0.045054484,0.37138364,0.108391866,-0.05777615,0.053311605,0.31785768,-0.28766575,-0.14583431,0.017955208,0.17951019,0.28091067,-0.34030885,0.038986556,0.04562264,-0.38158923,0.4480589,0.33028698,0.34554076,0.24550954,0.1612512,0.13854952,-0.27325532,-0.38959584,0.2716203,0.2375098,0.6053028,0.099900045,-0.17419201,0.47796014,0.0009591755,0.3024188,0.01033757,0.19980522,0.56254774,0.09854295,0.17028558,0.32905948,0.08042226,0.249823,-0.4154961,-0.039576825,-0.2324109,0.274672,0.11838808,0.050032906,-0.021791738,0.42146003,-0.03298627,0.43806824,0.071800984,0.0018238464,0.22338416,-0.3581713,-0.39319065,-0.22871841,0.30269864,-0.4908039,-0.04874837,-0.76714087,0.07462142,-0.05146383,-0.15166503,-0.34171218,0.110958725,0.35315096,-0.61964834,-0.07726504,0.3497507,0.1807995,0.18001834,-0.14827864,0.031185193,-0.07312134,-0.0040752804,0.47097734,0.3493557,0.41881108,-0.29081935,-0.11375503,0.38307437,0.34346718,-0.19175965,-0.19488326,-0.1080312,-0.23060098,-0.3975029,0.067313306,0.37062088,0.052400984,0.4270284,0.44858134,0.32853943,0.40408307,-0.22729132,-0.3705194,-0.3488739,-0.3667624,-0.31991234,-0.09237534,-0.2857876,-0.03811381,-0.7419915,-0.2664561,-0.05255255,0.24736507,-0.1814342,-0.36384115,0.1345711,0.7025499,0.39748305,-0.6221807,0.06672201,-0.022756448,0.2776239,0.045455456,0.3768148,-0.5470435,0.1333369,0.50366414,-0.29102957,-0.2311733,0.15320514,0.15670744,-0.30394006,-0.5090329,-0.5658056,-0.14704649,-0.11947762,0.33145213,-0.25449947,0.30514815,-0.060498163,-0.09941385,-0.6344646,-0.103048675,0.08741993,0.0,0,0,1,0,0,0,0,0,0,0,0,0,0,0,1,0,0,0,0,0,0,0,0,0.0,0.0,0.0,0.0
-0.21448584,-0.40391693,0.5157675,-0.08639016,0.19986673,0.13784274,0.01056872,0.5337406,-0.17043146,0.13558269,0.09531276,0.19494323,0.2960761,0.1642434,-0.12781908,0.22724003,-0.054221712,0.044726335,-0.022161245,0.07359344,0.017763233,0.038991254,0.08418537,-0.12663387,0.45557448,0.25817066,0.19207123,-0.509005,-0.94067246,-0.34449074,0.18990028,0.40526786,-0.13303387,-0.014595478,0.14212859,-0.35622022,-0.32076594,-0.25873345,-0.14928448,0.44512618,-0.30225667,-0.22374135,0.48785073,-0.42380583,-0.41587842,-0.24457742,0.051365387,-0.47805297,0.25056618,-0.18192303,-0.74780554,-0.050874814,-0.20169471,-0.31897593,-0.0051970244,0.2198185,0.40283385,-0.53051734,-0.5798578,0.023848295,0.27291152,-0.18404615,-0.04858858,-0.18701814,-0.17951523,0.07252379,0.52353424,0.57855546,-0.68205076,0.43492126,0.42694762,0.2467548,-0.36125278,0.09146172,-0.16718978,0.195862,-0.2615892,0.6542499,-0.19343916,-0.18681028,-0.27910924,-0.04061576,0.47035503,-0.09816397,0.28489766,0.055679575,0.2203467,-0.07080679,-0.41330722,1.0192848,-0.09180239,-0.048871774,-0.23040637,0.13469306,0.52836144,-0.5981585,-0.66821045,-0.18000862,0.07318672,-0.14228493,0.65765744,-0.57875377,0.059171245,-0.28358525,-0.012742558,0.07341959,-0.6980022,-0.40175426,0.042875886,0.39313728,-0.23710133,0.39885727,0.028660903,-0.6760192,-0.5070655,0.06653022,0.025373679,-0.01721192,0.26252982,0.064867064,-0.19016103,0.59886545,0.124342956,-0.05742887,0.38646424,0.282654,0.41520637,-0.076279074,0.28631836,0.05865122,0.06936961,0.3567839,0.38028267,0.07837896,0.09905467,-0.04374233,-0.189526,-0.07381143,-0.2683541,-0.20454276,-0.10082603,-0.34635982,0.4795483,0.16138664,0.5782516,0.22247732,-0.1991505,-0.25049254,-0.1976766,0.30592698,-0.53416187,-0.14986876,-0.4830547,0.05217651,-0.18999502,-0.09066406,-0.31264946,0.11448101,-0.2630599,0.4958979,0.56596035,0.6245467,-0.1339275,0.03153884,0.047212806,0.040543932,-0.0758992,0.4158183,-0.27310136,-0.36254328,0.002311863,-0.5828656,0.40959266,-0.044997398,0.30400863,0.46708953,0.24749376,-0.1197441,0.37189472,0.3681737,-0.46048728,0.06094564,0.6054536,-0.08508951,0.30930945,-0.10162407,0.529919,-0.36764508,0.9505699,0.3578519,-0.39070785,-0.23037228,0.5105173,-0.29236287,0.13478185,-0.66774595,-0.10439476,-0.67644155,0.26959863,-0.42830294,0.20834745,0.46942437,0.12157555,-0.45212463,-0.36931553,0.081447944,-0.3287179,-0.2600456,-0.3690038,-0.25793242,-0.44946143,0.55187476,-0.003015147,0.2277591,0.06805669,0.07407087,0.29534337,-0.18748806,0.2933888,0.35227704,-0.204285,-0.39474574,0.2352433,0.32741863,0.017213924,1.2449372,0.120072745,-0.22445521,0.7668394,0.436862,-0.5064383,-0.49169368,0.1707594,0.044537954,0.59962636,0.39740968,-0.47674665,-0.6217855,0.020313075,0.16766134,-0.09896863,0.59599435,0.327636,-0.098570354,-0.45025468,0.16974966,-0.26367712,-0.48331985,-0.18545786,-0.2797738,-0.25779217,-0.22040576,-0.4731117,-0.41468534,-0.18273877,-0.18305866,-0.10032756,-0.1498506,-0.35934585,0.006785077,0.3578185,0.45213532,0.23186697,0.017534494,0.17940466,-0.23471425,0.29452935,-0.09749044,0.48478165,0.15453997,-0.2604406,-0.2052005,-0.10090108,0.8030074,0.22663039,-0.25184116,0.048374463,-0.12680489,-0.39275795,0.22238062,0.41166744,0.1670501,-0.15359415,-0.000628176,-0.040380765,-0.223563,0.341165,0.052036505,-0.22905706,-0.3571735,-0.6446956,-0.19179957,-0.24157485,0.091980554,1.2045608,0.49015316,0.028673265,0.3259844,-0.3471195,-0.15673901,0.4907717,-0.5807589,-0.04563345,-0.07488408,-0.076866634,0.061098777,-0.34931988,-0.0294425,-8.543925,-0.48208317,-0.60642684,-0.0484059,-0.09462492,-0.49013877,0.3414876,-0.0021657525,0.39727515,-0.6733962,-0.095077716,-0.39523885,-0.00024798373,-0.011449636,0.25960892,0.04739547,0.8458965,0.12182011,-0.0068842764,0.13596384,-0.39211398,-0.6007956,0.08006611,0.2202485,0.41339672,0.20049675,0.15135923,0.004996808,-0.09497653,0.0031578166,0.063105166,-0.3512178,0.04819729,0.9206849,-0.11891327,-0.19338484,0.01770245,-0.3510836,0.24822691,-0.45280945,0.12013954,0.17540014,-0.20738386,0.06213328,1.0000138,-0.41009316,-0.16646832,-0.057612777,0.4466707,-0.014346544,-0.3068598,-0.049816936,0.007585598,-0.61377174,-0.37476104,-0.090808496,0.21476711,0.9210324,-0.4616165,0.046202164,0.7564605,-0.24141659,0.2559293,-0.11489103,-0.08023909,-0.073959514,-0.7080185,-0.40820894,-0.18291032,-0.22739793,-0.5378536,0.5433139,0.28963724,-1.1382943,-0.26875556,-0.30937943,0.07057048,0.82126015,-0.3838681,-0.31202298,-0.4607394,-1.0862136,-0.18738456,-0.23199864,-0.39788783,-0.25088716,0.09121585,-0.72161275,-0.5276641,-0.15601993,-0.30111882,0.09824602,0.3805021,0.34314048,0.102534935,-0.21212637,0.84382284,-0.61944157,-0.23270792,0.17324854,0.3958727,0.42565304,0.44997895,-0.4774417,-0.39031178,-0.047132395,-0.47820395,-0.117928065,0.058774896,-0.26459098,0.13593188,-0.0067236912,-0.008672733,0.020585157,-0.19480017,-0.11520873,0.17319782,-0.011533712,-0.14449161,-0.7417921,-0.19048956,-0.19962275,-0.59596133,-0.5371782,0.11100509,-0.012964747,-0.26549914,0.16240656,-0.081954196,-0.26567912,-0.17543529,-0.12399437,-0.09628486,0.2740412,0.28409806,-0.2466118,0.24333124,-0.30351976,-0.25985256,0.011205089,0.40359008,0.56135756,0.05480072,-0.0014834644,-0.12753639,-0.0031419836,0.044002816,0.09700487,0.059319172,-0.03695573,-0.46500984,-0.81128365,0.0980756,0.090650015,-0.11237273,0.19566385,0.53869474,-0.347303,-0.2558986,-0.43352318,0.14303546,0.22745296,-0.023909545,0.21348277,-0.26179194,-0.15031983,0.28430337,0.05689732,0.44683358,-0.41553125,-0.41379958,0.21536167,0.13385502,-0.0521066,0.4286668,0.5334788,0.24214287,-0.4515296,0.11383091,0.48922765,0.0102184145,0.10013332,-0.03717181,-0.044459805,0.42777324,0.07638573,-0.1343693,0.6141107,0.33357826,0.4464102,-0.5591993,0.5203286,-0.1355317,-0.30283114,0.3280552,-0.5300041,0.6071295,0.06225584,-0.25144592,0.85094565,-0.27450973,0.36602917,-0.65089244,-0.08062416,-0.49599507,0.38138443,-0.18257974,0.5038632,0.38276917,-0.0929106,0.05312678,-0.66709113,-0.79868186,-0.4772498,0.26516467,-0.021035047,-0.49350682,-0.23581627,-0.62858194,0.4318425,0.1136836,-0.0036712661,0.2738915,-0.050530225,-0.16893093,-0.08132922,-0.06985095,-0.211399,-0.75826913,-0.34690055,0.007102015,-1.231742,0.14649351,-0.21001709,0.108135894,-0.52379024,-0.6897548,0.19976182,-0.41625693,-0.47583672,-0.79083747,-0.41392282,-0.3753413,-0.7144867,-0.44193423,0.2951616,-0.17942232,-0.05338035,-0.086980335,0.038106713,0.30454352,-0.298466,-0.05067679,-0.29005247,0.5097011,-0.38274345,-0.009118,-0.7073865,-0.4897953,0.22837807,-0.29613185,0.08747101,0.23472494,0.31201944,0.1115971,0.21712059,0.11850875,0.28719762,0.09314044,-0.68753755,-0.043409955,0.110772476,-0.38160792,0.22985561,0.28238362,-0.244623,-0.35278633,-0.61666703,-0.13756369,-0.5407067,-0.3771707,-0.31114036,0.50284606,0.4668203,0.18336025,0.07168414,-0.15824725,0.20837931,0.09755787,0.4244556,0.28496408,0.5347048,-0.29309052,0.13027015,-0.2190905,0.53773904,0.80389273,-0.19845085,0.17141034,0.25466573,-0.40303975,-0.08153681,0.76148957,0.13810153,-0.57118624,0.27445796,0.24504866,-0.21564451,-0.4044906,-0.25719133,-0.041845392,-0.35483405,0.43800604,0.764272,0.3562038,-0.8399802,-0.80169755,0.18101616,-0.61457,0.32900172,-0.33050597,0.44056085,0.6397367,-0.2601882,-0.22664726,-0.0647521,0.013941027,-0.4803412,0.07174404,0.06722914,-0.044629563,0.10176191,-0.2206889,0.13004918,0.07542749,-0.18739648,-0.2173838,0.12877424,-0.10014269,0.2418401,0.10760414,0.64201087,0.3937266,0.3098137,0.04897768,-0.04729983,-0.3324457,-0.21418679,0.56227505,0.2670614,0.25301597,0.048300926,-0.083965264,0.09021037,0.27350733,0.15175833,0.12819861,0.31730208,0.114613384,0.61943936,0.35266688,0.2048055,0.15416552,-0.71605444,0.11605147,-0.32352504,0.10006165,-0.15589586,0.15454407,0.03454242,0.3482369,0.10466114,0.1699753,-0.21634299,0.25651905,0.080813274,0.024737531,-0.13638529,-0.34549105,0.24865302,-0.48016453,-0.0407385,-0.5767987,0.10875516,0.03203322,-0.3152608,0.01676163,0.11654192,0.15001541,-0.60330653,0.016802743,0.025317738,0.26246753,0.108936585,0.20552069,-0.17490047,0.19708359,-0.108870104,0.69389397,-0.06615629,0.42995626,-0.15697263,-0.033126615,0.25044814,0.22825289,-0.1314243,-0.11705031,0.38589576,-0.47720784,-0.44391143,0.3375884,0.27709857,0.058343753,0.21673532,0.18381548,0.2737246,0.27728772,-0.21062794,-0.079764284,-0.35815632,-0.63819396,-0.3393053,0.08114991,-0.07103407,0.08152737,-0.23305096,-0.23778808,-0.34607422,-0.12777202,-0.06834653,0.026063962,0.28162873,0.50824213,0.1499504,-0.45816627,-0.35747722,0.2810441,0.03770791,-0.047703568,0.17145778,-0.60663533,0.02198381,-0.063676685,-0.3857731,-0.30260864,0.15394033,0.26552168,-0.5631412,-1.1078924,-0.50061476,-0.14275734,0.12242231,-0.39806378,-0.3118257,0.42277893,0.22978991,-0.55262685,-0.7129426,0.15772934,0.18523367,0.0,0,0,1,0,0,0,0,0,0,0,0,0,0,0,1,0,0,0,0,0,0,0,0,0.0,0.0,0.0,0.0
0.43843088,0.24094225,0.20047067,-0.07085028,0.07722776,-0.09265204,-0.32008025,0.19329515,-0.39883897,-0.14888436,0.1172447,-0.36765847,0.102446705,0.28527066,-0.23473817,0.4671504,-0.08280054,-0.20958667,-0.22632083,0.08311291,0.9330047,-0.13165782,-0.09570006,0.6298987,0.040026244,0.3498959,0.019171977,-0.16695072,-0.3261257,0.07221015,0.30679733,0.18378934,-0.5353943,-0.51862586,0.09526164,0.020736795,-0.30896837,0.27893832,-0.212479,0.051997032,0.14382231,-0.51409924,0.35270008,-0.3626024,-0.041439787,0.15724243,0.040780753,0.01335118,-0.062561914,-0.16808033,-0.5725184,-0.45797786,0.025323965,-0.18991016,-0.18782072,0.53088105,0.15583694,-0.37755597,0.2170299,0.12473396,-0.10921222,-0.37583992,0.09202011,0.265231,0.04856064,-0.26401147,0.054560613,0.24179937,-0.0057764216,0.32180578,0.23982981,0.1617972,-0.064619794,-0.17220083,-0.23350412,-0.5027596,-0.36106536,0.18427448,-0.2460864,0.21986873,0.13900806,0.15901236,-0.08603201,-0.07746285,0.3681464,0.5151622,-0.26456788,-0.21329643,-0.12457548,0.35978168,0.12102174,-0.3724289,0.45150036,0.29134032,0.68961906,-0.4575013,-0.29857284,0.10607968,0.22091879,-0.2780982,-0.01924099,-0.30455896,0.090980664,-0.05405801,-0.26062524,-0.29728836,0.07437397,-0.06292242,-0.30673793,0.0890158,0.13669083,0.25865486,0.19565643,-0.06389835,-0.2622875,0.18224697,-0.51309633,0.034779415,0.48366395,-0.256921,-0.21764277,0.32764924,0.28994474,0.15124367,0.013049635,0.0009347309,0.36636198,-0.13085566,-0.19587068,0.33431992,0.43989685,0.36355397,0.12438455,-0.06876564,0.14260113,-0.10277449,0.32118222,-0.071633466,-0.47434357,-0.17410392,-0.60341096,-0.33156922,0.25929588,0.23339736,0.2059354,-0.07313946,-0.08186545,0.3144375,-0.1031493,0.34106314,-0.4262987,-0.082731,-0.17996651,0.13164844,-0.040774655,-0.19194835,-0.12815933,0.32899436,0.29848757,0.49624866,-0.10636663,-0.27323055,-0.0731764,0.28432426,0.63767964,0.042710267,-0.31683245,0.00028593422,0.14105797,-0.1843821,0.23469873,-0.35754848,0.21272494,-0.07586483,0.5808096,-0.2650542,-0.1433177,0.07572991,-0.058643013,0.40225995,-0.46265766,-0.124950536,0.049468324,-0.28892323,0.3401622,0.22006725,0.36344823,-0.39112866,0.7233094,0.3110532,0.055966258,0.051987525,0.4385426,-0.3066436,0.5019543,-0.3875587,0.1229156,-0.637617,0.47877398,0.088930264,-0.035577726,-0.23336096,-0.0430787,0.0184083,0.26671746,0.6118122,-0.116385825,-0.047192298,-0.16667718,0.19749582,-0.18281187,0.33388293,-0.5741544,-0.073424466,0.4281653,0.3630559,0.115397036,-0.19006479,0.24128295,-0.03598531,-0.2612971,-0.23108502,-0.39072594,0.14915887,-0.14344585,0.95495474,0.047527317,0.016373701,0.22282606,-0.22345348,-0.009292076,-0.29460156,0.2001735,0.005968321,0.044392154,0.050867353,-0.06969766,0.0643301,-0.13827156,0.22556762,-0.46547687,0.35722455,0.44007462,0.11198361,-0.22451244,0.2759922,0.10116461,-0.60116655,-0.3741838,-0.1481306,-0.38149735,-0.091732286,0.039678928,-0.094098225,0.11665068,-0.059734993,0.040153746,-0.48693168,-0.1771001,-0.19023329,0.38627383,-0.24715798,0.08906544,-0.06546575,0.23109016,-0.48351562,-0.065571114,0.14388378,0.3262543,-0.114136964,0.043785762,-0.34377038,0.48809952,0.16330677,-0.24724509,-0.159792,0.2966896,-0.1962266,0.13092802,-0.49250022,0.12029776,0.2759808,-0.44610116,0.21548453,-0.40589237,-0.011686828,0.36103004,-0.33957064,0.13765302,-0.8594334,0.33604157,0.06364271,-0.108002216,-0.32719952,0.48481923,0.14062649,-0.55921316,0.38731605,-0.42680082,-0.2758333,-0.8516003,0.3524434,-0.32991368,0.39478618,0.16829014,-0.636274,-0.35070553,0.12081817,-9.05912,-0.3822971,-0.09436984,0.16686574,0.1567891,-0.37533027,-0.34731644,0.12218537,-0.07464923,-0.0030276028,0.23647395,-0.6162308,-0.2712162,-0.511003,0.050697852,-0.27600706,0.29682025,-0.18595389,-0.021298442,0.2559196,-0.105110124,-0.5787857,0.37354317,-0.07844805,0.19715385,-0.16108982,-0.08878078,-0.18432479,-0.36122262,0.10476626,-0.43785802,-0.24418885,0.045013037,0.7968452,0.088651925,-0.021239541,-0.043748204,-0.15658455,0.41941556,-0.24560443,0.0022091602,-0.22877052,0.17497982,-0.14952849,0.25755215,-0.34165296,-0.060658075,-0.11334064,0.107433625,0.29233631,0.005765941,-0.47427562,-0.13603741,-0.5566073,0.08448584,-0.1473222,-0.059970226,0.6976013,-0.05847178,-0.17199257,0.26309678,0.015566881,-0.24100395,-0.049750373,0.21804135,0.2792362,-0.09380338,-0.182127,0.3419809,-0.24689822,0.0022649614,0.38737613,-0.17537743,-1.7318097,-0.25663692,0.095277846,0.035242416,-0.11431325,-0.039158467,0.08232055,-0.62668586,-0.9380822,0.07511549,-0.01930026,-0.4233076,-0.13076378,0.12915333,-0.31246018,-0.12064586,-0.087602526,0.19491287,-0.18189627,-0.037711676,0.36692372,0.21916133,-0.096983425,0.3746025,-0.44527805,0.29902756,0.5079191,0.2021352,0.15117899,0.48527986,0.18227153,-0.30765852,-0.09504618,-0.10469175,-0.22818087,0.32309446,-0.28892484,0.058781654,-0.016713494,0.1896553,-0.10058182,-0.13481733,-0.45330393,0.70668924,0.20091896,-0.0022347441,-0.20250851,-0.5490545,0.06953227,-0.5357653,-0.65902376,0.03582203,0.050324198,-0.16463202,0.3803174,-0.32117116,0.16127104,0.06428495,-0.043161713,0.02159391,0.09111866,0.20458607,-0.0069603575,-0.052164398,-0.42076385,-0.22926006,0.11718293,0.2480945,-0.2804128,0.36645633,0.54827714,-0.27643266,0.015548195,0.071059495,-0.13516653,-0.048260376,0.32106322,-0.0032067352,-0.19171068,0.21193066,-0.08448311,0.22730058,0.022157397,0.39523247,-0.13628057,-0.12280035,-0.18375377,0.30326313,-0.32892272,0.0022705204,-0.17044389,0.27963716,-0.0010105387,0.2780142,-0.10901585,0.2685022,-0.03529361,-0.16566704,0.21428692,-0.11157684,0.48685744,0.09652325,0.19862685,0.09828151,-0.32126704,0.1741185,0.04808074,-0.10224576,0.18009833,-0.19451255,0.22283065,0.20276555,-0.08391295,0.12413273,-0.062216867,0.479511,0.2651864,-0.1825088,0.26055053,-0.6241286,-0.32651478,-0.0152412,-0.1293178,-0.040332925,-0.07191493,-0.11723242,0.7976848,-0.02185037,0.37722814,0.05972223,-0.14348622,-0.389034,0.09483511,0.15777567,0.3630027,0.4486133,-0.28123093,0.040362507,-0.39409322,-0.30541858,-0.18272318,0.4666743,0.10621431,-0.27197382,-0.015548616,-0.8993378,0.18757042,0.07302768,0.10543249,-0.18056214,-0.003223219,-0.16095878,0.080882825,0.16560382,-0.07861642,-0.5685856,0.2682794,-0.041146778,-1.3737084,0.75317544,-0.2833479,0.18242939,-0.23873362,-0.053166725,-0.025001355,0.23191793,-0.45772308,0.106292814,-0.5823794,-0.40376797,0.0565182,0.4225864,-0.19336969,0.24606153,0.26016408,-0.2513161,-0.25121814,0.43091008,-0.06879634,-0.6440801,-0.18519941,0.3695227,-0.50993425,-0.6111151,0.0008366323,-0.255057,0.28409457,-0.6166744,0.090751104,-0.26337814,-0.26882714,-0.5631456,-0.03100602,-0.1435027,-0.056121588,-0.2678092,-0.07017499,0.32510975,-0.3852403,0.026741793,0.27582818,0.08808051,-0.20032926,-0.47526795,0.20946266,0.73688173,-0.2114023,-0.062190615,-0.03664422,0.0134017635,0.4265769,-0.20680779,-0.13159125,-0.11570331,0.012560153,-0.27347574,0.21501172,0.33273947,0.5100287,-0.49515203,-0.094436705,0.23982888,0.45417136,0.12813516,-0.18189016,-0.123630874,0.4970333,-0.15428875,-0.41018045,0.32401326,0.15455817,-0.06706075,0.081467606,-0.21786729,-0.14635949,-0.05510192,0.14605552,-0.02043287,-0.1669419,0.23189306,0.16970742,-0.12465854,-0.29536638,-0.2959473,0.03640998,-0.2403416,0.14524487,0.20919602,-0.1394179,0.385152,-0.25512463,0.14526393,0.38190272,-0.1020798,-0.07465014,-0.21317564,0.5143911,0.1472435,0.015907839,-0.28419787,-0.2696182,0.19955462,-0.10769949,0.25856948,0.04143347,-0.36260253,0.0670344,-0.16709237,-0.22718462,0.048157897,0.082517,0.110355675,-0.12086532,0.12375177,0.1438955,0.82553583,0.07683728,-0.13032003,-0.12212696,0.014435134,0.035289906,-0.015628135,-0.24585916,-0.20300968,-0.077927664,-0.10055317,0.2468763,0.4633793,-0.13167591,0.0045582084,-0.12754802,0.20597197,0.0097553255,0.04489977,-0.14177616,0.19942807,-0.23429441,0.3016063,-0.3556493,0.37372914,0.47739166,-0.39277783,-0.17657952,-0.17770134,0.4127323,-0.3450229,-0.1748337,-0.34384555,0.30766505,-0.4563896,-0.13549918,0.17261218,-0.26774865,-0.13737793,-0.18967052,0.08888681,0.14957781,0.1574137,0.1285954,0.028010473,0.18800649,0.022844877,-0.18706976,0.36883858,-0.010552683,-0.08358321,-0.1289826,0.16714074,-0.23156269,-0.016439281,0.0057717897,0.10103386,-0.08952629,-0.6106197,0.0068521868,-0.24287319,-0.37767413,0.11212277,0.32756427,-0.059970018,-0.044088308,0.25432456,0.1615904,-0.2022673,-0.646077,-0.35426724,-0.07348611,-0.48069692,-0.3686646,-0.10714329,-0.041134074,-0.031868104,-0.10354603,0.008682394,0.10090192,0.24767618,-0.24612257,0.47412705,0.10370465,0.08891118,-0.7458147,-0.026204415,-0.013573141,-0.09065445,-0.22118765,-0.5244644,0.1726529,0.08887257,-0.30894405,-0.075527936,-0.33336648,0.41907394,0.018278135,0.22065808,-0.014277855,-0.35362872,-0.4518161,-0.5407947,0.13493681,-0.009741137,-0.08605351,0.1580354,0.19314453,-0.41134703,-0.19072233,0.09133558,0.027427245,0.734375,0,0,0,0,0,0,0,2,0,3,0,3,0,0,4,2,0,0,0,0,0,0,0,1.6,0.0,0.0,0.0
0.050139192,-0.06772698,0.6644066,-0.3455929,0.71353453,-0.2828664,-0.33114982,0.6793414,-0.33744133,0.059859786,0.0071924604,-0.1288299,-0.013574407,0.42612442,0.06969184,0.48786354,0.056658193,0.10168294,-0.15923963,0.07134368,0.23740332,0.082133986,-0.16832665,-0.10708169,0.42180425,0.56420875,-0.057108834,-0.41595462,-0.33640566,0.08473654,0.24039362,0.19555493,0.1645834,0.18525459,0.09056585,-0.6774726,0.024825606,-0.022279382,0.42074394,0.050382942,-0.20804662,-0.089836255,0.119260035,-0.22792242,0.061085247,-0.1283039,0.2704998,-0.62502086,0.026998188,-0.78142375,-1.1232432,0.27008367,-0.37965164,-0.6556055,-0.046962187,0.21607941,-0.21845233,-0.21996047,-0.14768668,-0.17762943,0.19068195,0.0006127065,0.2413044,0.7762882,-0.6756297,-0.26484588,0.41375855,0.19492607,-0.9960739,0.1586856,0.18683216,0.18673395,0.3474353,0.024350785,0.020853806,-0.069333985,-0.17380257,0.34286454,0.11942958,-0.28299406,-0.42531228,0.1305316,0.9438956,-0.04738738,0.8225488,0.10114568,-0.14509863,-0.1418346,0.07577044,0.5162453,0.19714163,0.07000186,-0.16412273,-0.109496154,0.25952962,-0.53543425,-0.3724967,-0.096917585,-0.0103021385,0.046094857,0.4192234,-0.9545335,0.64992523,-0.30224922,0.1432637,-0.024004258,-0.17403948,-0.14631267,0.25158843,0.18761124,-0.26413533,-0.09099425,0.25773308,-0.0647944,0.18210264,-0.029439976,-0.49055326,0.3690823,0.16690513,-0.20076023,-0.11233034,0.272255,0.2840614,-0.015830182,0.42248508,-0.14143588,0.06298217,0.098711036,0.1871188,0.1764613,0.053379837,0.5607323,0.2762107,0.1117362,0.0779834,-0.14800483,-0.42207512,0.35148534,-0.024789197,-0.17277423,-0.5523422,-0.0073075425,0.0827336,0.38686913,0.2548534,-0.07824123,-0.12423593,0.23713125,0.10417735,0.6444143,0.030643338,0.3267066,-0.44554797,-0.1336602,0.08756153,-0.76323915,-0.33902532,-0.0041010096,-0.10183143,0.37095279,0.38427556,0.37558377,-0.086640365,0.15187222,0.04130277,0.099625416,-0.069361895,0.35403225,-0.46989194,0.3620758,-0.09892794,-0.80760545,0.38821915,-0.31227782,0.28446463,0.30107692,0.07673591,-0.13967563,0.6421776,0.5875975,-0.42715096,-0.34629643,0.1352407,-0.16872808,0.19878992,-0.10676344,0.15775175,-0.617055,0.5140938,0.1308569,-0.1774459,0.051106144,0.46801862,-0.16896649,-0.26526135,-0.39600363,0.30406696,-0.9066927,0.2583255,-0.4012538,0.11612415,0.7606163,-0.055968143,-0.5888243,-0.31168896,0.50597113,-0.14594318,0.09953029,-0.58460295,-0.05297192,-0.33091867,0.6532708,-0.13195366,-0.12773189,-0.09872844,-0.20084682,0.26766196,-0.06565923,0.32339236,0.04415652,-0.66304624,-0.7097031,0.09265723,0.41418883,-0.327436,1.256706,0.111453444,-0.30571526,0.49916917,0.011671922,-0.29585963,-0.25162935,0.33675155,-0.38055933,0.14539388,0.29211333,-0.40024707,-0.513244,-0.11148183,0.34370053,-0.29243162,0.6970738,0.07856071,-0.0786389,0.026225075,0.6937996,-0.16336565,-0.5992251,-0.5456889,-0.15572412,-0.24993116,0.13382846,-0.12442033,-0.59309196,-0.10252058,-0.26924637,0.18849142,-0.40712163,-0.078202665,-0.31760216,0.024670234,0.013337415,0.46276122,-0.3031248,0.048394136,-0.34578374,-0.28593293,0.3643088,0.40494555,0.10890157,-0.53705657,0.13297701,-0.30070361,0.46227798,-0.39280003,-0.7094404,0.56909966,-0.14019576,0.15364076,-0.57188296,-0.2562066,0.18002814,-0.046434328,0.32006404,0.14133678,-0.028112661,0.5870679,-0.45448792,0.071728915,-0.27149156,-0.10609896,0.5403735,-0.43945608,-0.26925322,1.0782994,0.2662712,-0.19275208,0.25890216,-0.018590227,-0.5331702,0.06838034,-0.30196905,0.04230195,-0.18011492,-0.21048476,-0.16873965,-0.5295073,-0.46995077,-11.098402,-0.44319946,-0.47627094,0.2059858,0.20066899,-0.2906665,0.063646734,0.513289,-0.3191626,-0.0893506,-0.26021007,-0.6466565,0.1136871,-0.24029762,0.06453716,-0.008710531,0.37439233,0.2806219,-0.28858003,0.40217227,-0.15715113,-0.41371363,0.5663251,0.3152979,0.5599099,0.0017265752,0.25538164,-0.5700969,-0.13307498,-0.11315618,-0.5451506,-0.055768553,0.048825108,1.084662,-0.32237738,-0.1819939,0.21944731,-0.439916,0.07308677,0.34072715,-0.20050514,-0.3235715,0.06591378,-0.18604124,0.91267157,-0.22417401,0.08202924,-0.117223985,-0.0011697689,0.027384855,-0.5616255,-0.06146533,-0.19500901,-0.6920864,-0.30292195,0.24878679,0.23747818,0.50471723,-0.3547795,-0.071103245,0.75500625,-0.41298148,-0.29198825,0.35622892,-0.589608,-0.3504676,-1.2347307,0.3525111,-0.10431545,-0.060735736,-0.2844888,0.2407925,0.42921367,-1.1133125,-0.018403629,-0.093301974,0.5189245,0.77765155,-0.2955542,-0.38741466,-0.3232054,-0.7325375,-0.39424735,0.35447696,-0.36815035,-0.3838895,-0.5962116,-0.52860415,-0.114352636,0.3712796,0.13227774,0.27401805,0.33263233,0.07193766,0.02873002,-0.28600937,0.592293,-0.69922984,-0.12367905,0.17157125,0.150504,0.23990938,0.49918473,-0.4197288,-0.9566389,0.20317267,-0.30278546,0.42540827,-0.18305558,0.12690574,0.018867193,0.13171804,-0.4516595,-0.26557013,-0.10417025,0.3893501,-0.075563714,0.49158514,-0.22272302,-0.39747402,-0.5480982,0.05096669,-0.4938266,-1.1073766,-0.5016768,0.27301905,0.16025981,-0.11151239,-0.26973346,-0.2837213,-0.5485888,-0.19978529,-0.3405781,-0.37996155,0.14763239,0.38512963,0.20043734,-0.09373202,-0.3289185,0.10787658,0.7565541,-0.1218712,0.3602347,-0.0054660523,0.16132918,0.0709863,0.5154533,0.2674246,-0.015666394,0.5964676,-0.43106252,-0.33495483,0.06505848,-0.26763818,-0.092384785,0.47522986,0.68989176,-0.4787396,-0.6210968,-0.13278355,0.29959047,0.06495957,-0.28102612,0.044053964,-0.34701595,-0.044774197,0.022682039,0.2235586,0.30244204,-0.28584987,-0.22929408,0.18374844,0.16986206,0.42636472,0.023345549,0.2561497,0.36872846,-0.7844816,-0.08978822,0.054968596,0.30665046,0.1110579,-0.13406222,-0.23706578,0.47821614,-0.3191881,0.40173393,0.56982875,0.2380264,0.18216795,-0.4257859,0.9322551,0.24782711,-0.55142444,0.074278586,-0.25300747,0.17852654,0.22671404,-0.021696152,0.42928937,-0.4215841,-0.024093227,-0.05510909,-0.13030528,-0.20154735,0.13290383,0.1706453,0.38903743,0.22052705,0.3564584,0.38731074,-0.5096544,-0.706243,-0.23591001,0.4302476,-0.0916024,-0.47590438,-0.08066719,-0.758354,-0.03039141,0.029332679,0.27255157,-0.5837633,-0.15847613,-0.30712232,-0.036414813,0.11646209,-0.4594969,0.06304302,-0.16626029,0.35055333,-1.502781,-0.071358696,-0.4802846,0.008020032,0.029619027,-0.7309505,0.07075416,-0.0069815284,-0.10856038,-0.8188117,-0.42043182,-0.1283992,-0.35323128,-0.15855806,0.15894786,-0.017799025,-0.17374106,-0.28223228,-0.06501383,0.22452104,-0.35147586,-0.1960967,0.11322045,0.3521818,-0.34570956,-0.043720104,-0.081557795,0.08551323,0.22668725,-0.23594134,0.28748235,0.324935,-0.055096433,-0.10782805,0.3004798,0.44320327,0.59778684,0.20954825,-0.4670038,0.19193752,-0.36122224,-0.30371225,-0.28061703,0.26735052,-0.4055894,-0.49124137,-0.3733888,0.3158462,-0.59875804,-0.0691925,0.020078251,0.5397338,0.28191572,-0.20376986,-0.026521336,-0.097569086,0.103391975,-0.328507,0.31742188,0.16963613,0.4197392,-0.24541588,0.24391769,-0.42424622,0.68467784,0.72352266,-0.12912121,-0.042896904,0.18529291,-0.3658564,-0.39421642,0.13245839,-0.0681616,-0.3215951,0.17329338,0.09756629,-0.07725364,-0.23964462,-0.24564146,-0.44840693,-0.46062833,0.6339875,0.44303077,0.5267674,-0.7529866,-0.36103436,0.1778639,-0.3950568,0.21007164,-0.064459674,0.43588817,0.947623,0.2584261,0.14973676,0.06807046,0.4735137,-0.39710057,-0.085131235,-0.3033573,0.0023178654,0.2365163,0.063463986,-0.011278949,-0.3296705,-0.3657837,-0.26617375,-0.10281937,-0.07095653,0.46752012,-0.009059664,0.33978322,0.13484615,0.09495957,-0.067492664,0.27643374,-0.16376671,-0.40008104,0.58725244,0.5343393,0.16999358,-0.25583506,0.14108881,-0.41914287,0.01824713,0.12870078,-0.03389232,0.15907621,0.417319,0.5505287,0.28248647,0.5317904,0.102514714,-0.3900668,0.038073946,0.32909608,-0.20056985,0.034126185,-0.116214916,0.427752,0.5684977,-0.34371048,0.15005451,-0.06606065,0.18151903,0.03808557,-0.1399329,-0.13697362,-0.24964014,-0.023775252,0.005012946,-0.1602944,-0.38207394,-0.45450202,0.14665964,-0.4284316,0.19281322,-0.13480423,0.15424119,-0.3705296,-0.25509086,-0.04772639,-0.41618824,0.27766815,-0.1114082,-0.4676312,0.092760086,0.20346846,0.654085,0.011761971,0.37052926,-0.56667006,-0.40259516,-0.20382833,-0.11385835,0.022512497,-0.030143313,0.58464795,-0.80082613,-0.4077902,0.01811464,0.60698164,0.14990096,0.23853675,0.13307378,-0.012476142,0.41590306,-0.3621179,-0.48811942,-0.16515072,-0.3430585,-0.5379,-0.20477514,0.06978337,-0.0425637,-0.16392118,-0.01870225,-0.1630883,0.08751977,-0.4742218,-0.31490728,0.21746838,0.41892612,-0.039507877,-0.4046037,0.009705479,0.1431044,-0.563111,-0.22022282,0.48770574,0.06288536,0.54044324,-0.26022884,0.36863923,-0.22012296,0.11845872,0.09455969,-0.09596233,-0.7187219,0.07559721,-0.41048145,0.34673068,-0.37380037,0.16349182,-0.08738289,0.30299723,-0.6920905,-0.5103917,0.31080303,0.24769285,0.0,0,0,0,0,0,0,0,0,0,0,0,2,2,1,2,0,0,0,0,0,0,0,0,0.0,0.0,0.0,0.0
0.2998688,-0.16652727,0.5179979,0.004786898,0.51378137,-0.6122508,0.013627895,0.4838294,-0.1535164,0.08314421,-0.4235607,-0.032016374,0.09494582,0.12388729,0.1944737,0.48809433,-0.27797028,0.17008291,-0.013075091,0.2502736,0.43141982,-0.017111124,-0.22107948,-0.048758026,0.2722431,0.10768543,0.33534586,-0.4235529,-0.9062191,-0.16585454,0.43690637,0.33743465,0.29311967,-0.32640538,-0.17498757,-0.51546854,-0.09963768,-0.41292378,0.12768328,0.46831444,0.077975124,-0.023132963,0.451001,0.02592126,-0.101256415,0.030927675,-0.17300428,-0.43330848,0.02333791,-0.3033182,-0.87658805,-0.03935726,0.24989487,0.06392364,0.35861436,0.27790993,0.3301923,-0.44737136,-0.32733688,0.030179763,-0.0317694,0.34332642,-0.12563382,-0.18165097,-0.15481082,0.103217795,0.1258532,0.5775056,-0.9987661,0.27658817,0.17968333,0.13935766,-0.05147687,0.30360067,0.26392975,0.37672642,0.07180738,0.5779411,0.20775,-0.0776423,0.13388537,0.5185542,0.30803382,0.2729859,0.4465896,0.42423493,0.037674863,-0.027528534,-0.55134875,0.62588656,-0.30285883,-0.0866974,0.09491186,-0.26766372,0.8053904,-0.45427695,-0.24778132,-0.5573948,-0.15085329,-0.14515218,0.42220002,-0.28018108,-0.22229677,0.01722189,-0.22544321,-0.06358622,-0.76276624,-0.40168735,-0.08587957,0.5188204,-0.27256343,0.32772377,0.01632925,-0.5252277,-0.18818071,0.069895774,0.023000896,0.27953392,0.09891785,0.34082022,-0.007117895,0.5395308,0.057900358,0.1823717,0.32623732,0.015371498,-0.18330753,-0.063925475,0.10784207,0.23676069,0.9788357,0.48252574,0.39475277,-0.31484577,0.012993558,0.119575135,-0.15660247,-0.4076973,-0.16859592,-0.1884705,0.008268521,-0.2880698,0.13053897,0.06680493,0.29819074,0.23617159,-0.112037726,-0.27467412,-0.5311298,0.33661622,-0.4641867,-0.08372088,-0.19158085,0.090435095,0.055286065,0.005657956,-0.08906219,0.068139255,0.20337366,0.01910136,0.14900406,0.33953416,-0.23432969,-0.025108693,0.06771026,-0.052926436,-0.22644095,0.45233527,-0.10563293,-0.15949571,-0.01773467,-0.42562142,0.16964884,-0.039286897,0.23913229,0.32948956,0.146904,-0.14335896,0.56164634,0.6779235,-0.61981845,-0.21188727,0.4050698,-0.49645978,-0.032010917,-0.011393156,0.7118007,-0.42068395,0.27505755,0.17565477,-0.37759197,0.17588164,0.26590994,-0.40229398,0.15618142,-0.26912653,-0.31926078,-0.4836462,0.09041242,-0.18163455,0.34327134,-0.005650669,-0.3103649,-0.09077568,-0.6336388,0.2665572,0.15016851,-0.6149964,-0.21363474,-0.34555137,-0.45781487,0.2113509,-0.29217413,0.51630557,0.053214822,0.18357374,0.0943673,-0.050655022,-0.05478011,0.14032805,0.18536341,-0.45867217,-0.064568385,0.15470739,-0.009584244,1.1714243,0.11417042,-0.13921286,0.97780335,0.40399015,-0.41381752,-0.022765063,0.47094437,-0.09209174,0.29761007,0.060116734,-0.50552607,-0.65831774,0.21953616,-0.06331317,-0.23443298,0.42840177,0.28191298,0.31072068,0.09889923,0.40633968,-0.07683315,-0.28812155,-0.18429726,-0.15973015,0.18942426,-0.08659519,-0.606835,-0.43278962,-0.32154238,-0.28986013,-0.50624883,-0.30958363,-0.1225455,0.15375589,0.10036521,-0.023979027,0.056106582,0.041572586,0.040833555,-0.6040826,0.4548785,-0.032141685,0.38196483,0.16899006,-0.15690021,-0.24085449,-0.085931405,0.386017,0.1546343,-0.06540244,0.0053057764,-0.06264914,0.035557676,-0.06061873,0.20318994,0.061927605,0.079787925,-0.19677348,-0.43270996,-0.23759775,0.30112156,-0.13172626,-0.5347626,0.01151838,-0.56814027,0.37455952,-0.56356764,-0.178272,0.83995986,0.39185676,-0.26365045,0.35527134,-0.18109593,-0.21011116,0.67128146,-0.2779526,-0.096929386,-0.13575403,-0.3495579,0.3568532,-0.70533705,-0.6757905,-8.272627,-0.4467497,-0.44613296,-0.29689515,-0.12338733,-0.3205073,0.22584559,-0.3376079,0.108675316,0.09671567,-0.2252711,-0.022853283,0.104071714,-0.2787816,-0.32614708,0.47370505,0.6654229,-0.042527545,0.16872172,0.2506627,-0.2596846,-0.16124663,0.16951099,0.13490653,0.21619,0.11977215,-0.27162394,0.0011906639,0.008019796,-0.47308856,-0.12442255,0.0055448725,-0.31424543,0.96251374,0.24814531,-0.30061924,-0.08311551,-0.29253262,-0.2190896,-0.2715712,0.0747309,0.02641993,0.015285902,-0.027334623,1.2325863,-0.5156303,0.15225446,0.22537643,-0.3522352,0.09731167,-0.20235907,-0.5266626,-0.16540627,-0.2868904,-0.07951797,-0.30236197,0.007462187,1.073048,-0.099798076,-0.0064794244,0.39565235,-0.41446874,-0.0052981637,-0.22585465,-0.63855976,-0.33916992,-0.6441932,-0.6876678,-0.102677844,-0.12088051,-0.56371534,0.6010805,0.08781044,-1.1046338,0.1444629,-0.39888683,0.093894206,0.33013314,-0.35343698,-0.054704104,-0.33734262,-0.30193496,0.010147519,-0.16481984,-0.44803134,-0.39574447,0.08392253,-0.22662726,-0.5279216,0.064283274,-0.4061974,0.32570228,0.24388924,0.12123504,0.07078166,-0.07582626,0.6500414,-0.64464915,-0.03749267,0.2803736,0.52711785,-0.23724213,0.40412468,-0.37248734,-0.26736084,0.21659891,-0.2606308,-0.011993271,0.23540628,-0.3204682,-0.26765138,-0.03239583,-0.30849344,0.29772666,-0.34700882,-0.14117584,0.36059064,0.23661812,0.23089752,-0.5527341,-0.43516865,0.25945395,-0.26663396,-0.2354914,0.1819447,0.08117165,-0.20545918,0.016915016,-0.55732983,0.17077303,-0.068855986,-0.18423511,-0.109892584,-0.04229826,0.13450204,0.014548173,-0.065061696,-0.050949067,0.44134465,0.24593168,0.14744908,0.3310221,0.4047688,0.055320974,0.07779601,-0.17232376,0.39660478,0.56864214,-0.023271568,0.13448197,-0.18270467,-0.7160767,0.17132896,-0.101912335,0.5310948,0.01267942,0.46836525,-0.061882496,-0.13367939,-0.5008562,0.4041327,-0.5348358,0.15171944,0.5048634,0.11052683,-0.005117339,0.10737148,0.5136069,-0.028417692,-0.6747543,0.05828944,0.22658116,-0.20638245,0.2106039,0.3483418,0.11630858,0.21178073,-0.55898714,-0.26609296,0.23907082,-0.0706083,-0.20533448,0.012588356,-0.26184863,0.18334779,-0.36222354,0.1496766,0.25297126,0.47897542,0.68108994,-0.24336833,0.7153313,0.0062570274,-0.27845326,0.3855783,-0.7170889,0.43823242,-0.44372544,-0.14300098,0.3528705,-0.28492653,-0.0014985215,-0.76977676,0.070690654,-0.57440114,-0.047821265,-0.045732543,0.11066311,0.17963083,-0.35596493,-0.46782997,-0.55311525,-0.39987513,0.074058846,-0.25450486,-0.0646565,-0.4977568,-0.19397427,-0.4052884,0.3322657,0.0880749,0.103775784,0.22286583,0.2755177,-0.22496352,0.3664766,0.25428402,-0.29647353,-0.11172455,0.15701994,0.17430477,-1.0280335,-0.18851319,-0.21871682,-0.18556812,0.016773835,-0.9360029,0.14255281,-0.022597475,-0.33904743,-0.52032644,-0.20631127,-0.3624571,-0.35611427,-0.33980644,0.19974595,-0.4813814,0.04251142,-0.28859293,-0.05046643,0.24490638,-0.5313694,0.13537471,-0.40212482,0.3787849,-0.34306213,0.1385667,-0.05158188,-0.33448002,0.022672575,0.32624832,0.124962956,0.23795576,0.38457435,0.10088707,-0.06130544,-0.30711803,-0.010181832,-0.2109014,-0.5097686,-0.58026636,-0.112617515,0.2709194,0.45455185,0.24182184,-0.18440922,-0.12318243,-0.33239213,-0.31490806,-0.2679672,-0.25799367,0.027117517,0.43678382,0.122220546,0.44482282,-0.29256788,-0.41201505,0.23487766,0.09906783,0.023987968,0.19196354,0.5184299,-0.44689,0.18256854,-0.13890348,0.36556193,0.60978925,-0.3594581,0.29164913,0.2986687,-0.10425098,0.19488966,0.57746243,0.1030327,0.13704452,0.26533502,0.0459272,-0.1495555,-0.004317275,-0.17492068,-0.1213155,-0.33288577,0.18064569,0.87696767,0.15157913,-0.42371726,-0.7159027,-0.20195322,-0.58979726,-0.06107752,-0.035189454,0.32909545,0.4347324,0.003165946,-0.24176528,-0.12322545,0.18793209,-0.13649672,0.39284307,-0.2083775,-0.22137506,0.0542396,-0.2512373,0.32862175,0.2217654,-0.21340685,-0.2989725,-0.16911641,-0.36738732,0.11552204,-0.17368501,0.0659214,-0.3175345,0.33001152,-0.16565348,-0.03966994,-0.22802733,-0.09961473,0.089560315,0.122193776,0.27637562,0.24824215,-0.17724144,0.33199158,0.109793894,-0.09418517,0.12865894,-0.1529076,-0.07804738,0.56155866,0.44252527,0.19622815,-0.109702826,-0.6786017,-0.16536751,0.055379912,0.23515311,-0.35238466,0.10170529,0.18961298,0.54749686,0.24130765,0.03923402,0.03273704,-0.13126934,-0.10931785,0.17912737,-0.15519491,-0.15775886,0.07813676,-0.43862012,-0.07769934,-0.7218293,0.16431978,0.47673127,-0.40257064,0.08972809,-0.12656234,-0.3364256,-0.42310637,-0.48436734,0.4866044,-0.025389144,-0.10757974,0.011841867,-0.20528297,-0.12126052,0.21198606,0.16589272,-0.23545797,-0.060739927,-0.056892343,-0.0009842926,0.08358597,-0.12396483,0.033434246,-0.15796883,0.45834163,-0.52542853,0.014269108,0.39300883,0.40331745,0.062024184,0.19591454,0.13704747,0.26198643,0.7192511,0.025088482,-0.4655154,0.16272372,-0.42141637,-0.38618195,0.34456462,-0.028949037,0.07511503,-0.53573346,-0.3048797,-0.06798425,-0.12201401,0.37205994,-0.30400714,-0.2500529,0.14444093,0.360686,-0.60220695,-0.38948083,-0.011068365,0.34353256,0.1045883,0.20928426,-0.43204242,-0.07610303,0.4030298,-0.21547516,-0.049787298,0.15586224,-0.096276686,-0.048367955,-0.68648195,-0.2524088,-0.3380859,-0.07890779,-0.8241733,-0.3842678,0.20420893,0.18306352,-0.31008652,-0.31747484,-0.15479031,0.2793237,0.13333333333333336,0,0,1,0,0,0,0,1,1,1,1,0,0,1,2,0,0,0,0,0,0,0,1,0.0,0.0,0.0,-0.13333333333333333
0.3658591,0.43810478,0.5453459,-0.34927058,0.27662224,0.004113584,0.14337862,0.8191909,-0.37661758,-0.01041216,0.0007661539,0.0010139714,-0.055263363,0.38854772,-0.05081286,0.86146307,-0.2149192,0.06164275,-0.076264784,0.024934545,0.13703768,0.3195897,-0.36116302,-0.5384711,0.33524433,0.17476949,-0.09770913,-0.3461894,-0.32594505,-0.17164528,0.39411724,0.041617338,-0.40339428,-0.054113895,-0.68981683,-0.05672988,0.21149318,-0.06902486,0.33883202,0.111864924,0.19309962,-0.4590692,0.5177831,-0.3579252,-0.37003663,-0.38573286,-0.099539965,-0.49237767,0.46645898,-0.6254711,-0.7640114,0.14306898,-0.1762002,-0.6586623,0.11325711,0.3963222,0.6666757,-0.5611904,-0.20534441,0.020859813,-0.3428311,-0.18927744,-0.061200887,0.04627032,-0.42691892,-0.0841431,-0.2869806,0.22715132,-0.83884007,0.18029913,0.5156948,0.112537295,0.6747564,-0.11999039,-0.25889602,0.08469626,-0.30595845,0.26765466,-0.21967423,0.02265247,-0.0365035,0.16994908,0.7906704,0.29062513,0.6308789,0.15689152,0.32423782,-0.13210957,-0.6624105,0.6474725,-0.22407918,-0.2698189,-0.36256197,-0.14611119,0.5822185,-0.59848064,-0.29239696,-0.14692186,-0.0068803313,-0.3500971,0.43290976,-0.7255815,0.1558803,-0.30953497,-0.30614147,0.050108764,-0.10157465,-0.29219198,0.18628466,0.19038473,0.40393057,-0.069778524,0.384267,-0.29822764,0.31489298,0.022720762,-0.6268745,0.6231966,0.013907322,-0.18556274,-0.3786999,-0.10008989,0.30484536,-0.09816468,0.43680385,-0.115095064,-0.2766623,-0.17557646,-0.100284606,0.03724948,0.42252466,0.028086113,0.29354525,-0.29655597,-0.10983239,-0.3975466,0.04530634,-0.1135562,-0.115130074,-0.43105644,-0.29273054,-0.0240217,0.21098022,0.06819968,0.33756348,-0.028139798,-0.4917806,0.37794703,0.009981282,-0.0088088885,-0.03268836,0.19753969,-0.66647774,-0.14469329,0.007752862,-0.40104368,-0.65193474,0.15440784,-0.06153735,0.4712789,0.23127492,-0.15567169,0.12831025,0.08339978,0.3220775,-0.02850873,0.43283364,0.15425383,-0.4455402,-0.2420213,-0.012252267,-0.6073481,0.36286187,0.21586479,0.73899764,0.03329436,0.4380483,-0.15620464,0.11952605,0.5236196,-0.51267,-0.23427331,0.3730965,-0.09417647,0.19705288,-0.29374722,0.6245188,-1.0314529,0.82159615,0.306343,0.119012974,-0.089653485,-0.04304061,-0.07637869,0.3164796,-0.024669664,-0.25132576,-0.87098676,0.1470548,-0.13566157,0.14494334,0.20505624,0.05642685,-0.4180558,-0.51083326,0.9056546,-0.36209294,-0.114480235,-0.7133927,0.04156024,-0.41348922,0.606071,-0.3720712,-0.0542114,0.1760033,-0.030365769,0.2188742,-0.20703837,0.11461711,-0.027935052,-0.4225269,-0.9317268,0.12207883,0.08818174,-0.17005832,1.1225699,0.26143363,-0.5240391,0.8622966,-0.022052603,0.06908264,-0.39809957,0.31243667,-0.16195077,0.122305185,0.4186805,-0.09405021,-0.49304307,0.06703945,0.3475101,-0.6327977,0.5243196,0.11919149,0.019805169,-0.040889565,0.4422453,-0.12179429,-0.68705565,-0.474864,0.15896842,-0.26791734,-0.14920557,-0.08805245,-0.31336805,0.21843462,-0.35908675,-0.10485852,-0.08935744,-0.31187743,-0.21167526,0.12074618,0.18433827,-0.24543959,-0.20382679,-0.05628637,-0.3056109,-0.19540298,0.26027855,0.51467025,0.3581824,-0.38056445,0.17060237,0.25029516,0.44809005,-0.07192607,-0.59819925,0.5123299,-0.16623898,0.24807616,-0.3751476,0.106354654,0.36721483,-0.53759044,-0.098982394,-0.19847696,-0.0909384,0.8641989,0.025690915,-0.24340239,0.0881288,-0.40012592,-0.1773597,-0.29178417,-0.26727632,1.1565981,-0.10353452,0.07220698,0.33832705,-0.6653037,-0.15242597,-0.2754758,0.20346439,-0.01279562,-0.43525505,0.08602334,0.124836,-0.815167,0.16192868,-9.8396225,-0.30562478,-0.07674233,0.010959103,0.48465466,-0.55828863,-0.08011121,0.15672669,-0.63622063,0.029008282,0.1866844,-0.4398817,-0.17024563,-0.404522,-0.00359467,-0.24956474,0.57675767,-0.038464084,0.028006596,0.6486983,-0.29178554,-0.21727465,0.39084572,0.061453797,0.464355,0.2626817,0.079377964,-0.15190355,-0.0669095,-0.0066671134,-0.4397399,-0.1865609,-0.33588588,1.1540835,-0.11998955,-0.2660375,0.32037687,-0.4694667,0.16180266,0.13430846,0.020274987,-0.38910818,-0.23357141,0.07257211,0.5320905,-0.5292865,-0.56045204,-0.20358239,-0.10119979,0.15288024,-0.14014617,-0.29582894,-0.023066618,-0.8547648,0.22401756,0.25992084,0.23850834,0.7523501,-0.12967612,-0.30319688,0.7548912,-0.18658769,-0.2519253,0.049338482,-0.025627587,0.032451585,-0.74522436,0.08754869,-0.36103353,-0.23664433,0.15453805,0.5462394,0.113100804,-1.5339931,-0.3821911,0.16490488,0.21308455,0.09015763,-0.09902631,-0.123821564,-0.7669026,-0.8116502,-0.10756076,0.36249447,-0.6891366,-0.13180034,-0.50801057,-0.2548595,-0.3685183,0.19456899,0.33043465,0.10906238,0.3288386,0.266208,0.4492379,-0.20725721,0.74183506,-0.2658851,-0.2734503,0.5040454,0.05285264,0.1396996,0.5956265,0.33414418,-0.45219025,0.11661002,-0.39031982,0.09308634,0.26707244,0.07263002,0.01380081,-0.15722759,-0.39923665,0.36100495,-0.25002742,-0.32390195,0.09659033,0.33569625,-0.427184,-0.13269486,-0.27868563,0.5766196,-0.4503359,-0.43712625,-0.26561713,0.27671358,0.18819457,-0.1304061,-0.21722421,-0.19515814,0.1042007,-0.10286779,-0.06851561,-0.22366269,-0.19127335,0.32343477,-0.15211086,-0.46444824,-0.5204634,0.30098328,0.33206218,0.34778884,0.45243365,0.40902615,0.05071105,-0.15113777,0.24749142,-0.10684578,-0.085422456,0.4613744,-0.3637461,-0.4319768,0.2872546,-0.5570355,0.32268655,0.12312595,0.2825865,-0.47672614,-0.10122628,-0.4906915,0.5236802,0.12441241,0.002043247,0.3088073,0.5108548,-0.07353927,-0.18741015,0.16671346,-0.03419145,-0.23618765,0.048112027,0.7677516,0.3182715,0.13412596,0.24746256,0.22229603,0.17653501,-0.40598795,0.25369164,0.42459542,-0.14799534,0.0040337434,0.16734798,-0.36325434,0.005814055,-0.38706693,-0.055402193,0.4358574,0.12800287,0.22168468,-0.9059459,0.31323394,0.022086607,-0.29323632,-0.29903007,-0.3659655,0.35265118,0.051432278,-0.06742716,0.22039093,-0.34650868,-0.11890173,0.090013504,-0.14519498,-0.20838073,-0.081724346,0.28555083,-0.05243269,0.42846343,0.251372,0.3672817,-0.61195517,-0.5542655,-0.1525081,0.30531988,-0.61842054,-0.09079936,-0.2062248,-0.7863314,0.17613922,-0.3897221,-0.51055014,-0.344876,0.05029473,-0.5455277,-0.22204314,-0.38648158,-0.2813752,0.042495996,-0.1811358,-0.13687588,-1.4463824,0.3657841,-0.16243078,-0.34661603,-0.28891382,-0.057467896,0.658578,-0.30168778,-0.41814348,-0.032864448,-0.63673335,0.03409933,0.015606745,0.23101887,-0.01391088,0.057342596,0.14884415,-0.10898149,0.23118272,0.721718,-0.38717797,-0.21957882,-0.3102396,0.1556953,-0.14106041,-0.123310834,0.0104375705,0.13385211,0.6018424,-0.095978014,0.06381344,0.5174572,0.084886566,-0.357722,0.2158081,0.13564666,0.18266734,-0.22251216,-0.20112228,-0.32211816,-0.056148734,0.34619653,0.049424678,0.2865376,-0.1946221,-0.2921386,-0.28813064,0.47613883,-0.23893455,-0.32248655,0.021817323,0.08655697,-0.0018147118,0.15007927,-0.47801253,-0.3931681,0.20738465,0.33831528,0.2784746,0.005961723,0.47280088,-0.42562303,0.45985168,0.14226162,-0.07471899,0.56199145,-0.22646308,-0.35260478,0.24150164,-0.2745217,-0.15469827,0.3748171,0.21501875,0.24421705,0.5849044,0.018761948,-0.020944936,-0.20951164,0.4293212,-0.4943507,-0.42626825,0.6252871,0.30218774,-0.029144175,-0.18120436,-0.07285335,-0.59841245,-0.31792533,0.0048958194,-0.2495647,0.07358255,0.790033,0.07763423,0.025613194,-0.0024826159,0.023309495,-0.28891167,0.065418,0.31617427,-0.22499791,0.47857404,0.20095927,0.1645369,-0.070935026,-0.43769366,-0.035494708,-0.04521871,0.22509557,0.46560606,-0.04287237,0.50447744,0.20846212,0.09713065,0.27193254,-0.4913693,-0.5831548,0.30375534,0.25519595,0.22298741,0.03900365,-0.30160886,0.1496028,0.19780545,0.6203911,-0.09289033,-0.024035469,0.02685612,-0.16365787,0.71901405,0.35291523,0.21675856,0.2318329,-0.5845189,0.06785251,0.0031310723,0.2199597,0.17080753,-0.19433983,0.17212145,-0.25247264,-0.12748444,0.405344,0.434988,-0.3037529,0.1307608,-0.11072336,0.41744497,-0.19724382,0.11522809,-0.07099754,-0.008832727,-0.24299297,0.11345985,0.40514848,-0.6497459,-0.10875791,-0.46896833,-0.10455924,0.16735162,-0.08293523,-0.11495065,-0.5490315,0.12108914,0.5239929,-0.35320902,-0.11753678,0.64341086,0.31809124,0.07301534,0.077948324,0.29974517,-0.02642602,0.26133758,0.0064858207,0.09475894,-0.33752248,0.30739307,-0.2600909,-0.33818296,0.03865255,0.38094464,-0.09341074,0.43476588,-0.2558447,-0.3007093,0.47089,-0.3294246,-0.22424343,-0.053585883,-0.253683,-0.13783047,-0.45735282,0.17249629,0.31484708,-0.04728327,-0.4570999,-0.19643359,-0.51897764,-0.24801835,0.1866376,0.25557876,0.22231758,-0.37751085,-0.30161148,-0.4295448,-0.08384754,-0.66834354,-0.14112619,0.067185774,0.3119079,0.1303252,0.063281514,0.10081301,-0.37345326,0.016953755,0.3385877,0.37930518,-0.68019676,-0.14546528,-0.42941886,0.21960764,-0.73277074,-0.09048882,-0.21506575,0.4122213,-0.51807606,-0.14650518,0.50063145,0.40376055,0.39285714285714285,0,0,0,0,0,0,0,1,0,2,0,0,0,0,2,0,0,0,0,0,0,0,0,0.0,0.0,0.0,0.0
0.2525466,-0.11746505,0.4784878,-0.23770249,0.42377654,-0.24159385,0.29485688,0.50194776,-0.31608933,-0.27582717,-0.4743185,-0.03653716,-0.027369626,0.33566883,0.06942579,0.90763915,-0.3807167,0.36168,0.057001628,0.34159222,0.4657544,0.19241755,-0.548802,0.06930133,0.62191176,0.027357278,0.12766322,-0.37107465,-0.9341038,-0.27489087,0.09843296,-0.014638773,-0.011497903,-0.518895,-0.5538297,-0.4163224,-0.3233926,-0.10524335,0.6665393,0.6673396,0.018248904,-0.44869024,0.10949001,-0.068779215,-0.20476402,0.2712381,-0.3731204,-0.06161088,0.07960988,0.05193481,-1.044333,0.032033168,0.080588095,-0.40770602,0.23214081,0.4434917,0.4936436,-0.59827316,-0.31330526,0.24064155,-0.17396212,0.26156572,0.036899477,0.13760692,0.06309129,-0.029799785,-0.004554348,0.47754833,-1.2971559,0.34244826,0.2461464,0.2793874,-0.055702925,0.37518647,0.17526479,0.67499727,-0.20019056,0.66035813,0.19290163,0.03189741,-0.081155255,0.25974333,0.47001037,0.169977,0.38658237,0.21631531,0.0008248975,0.03705296,-0.71536005,0.43439507,-0.25116798,0.0067871236,-0.21403101,-0.15399525,1.1633818,-0.49527308,-0.92490107,-0.42615888,-0.1358159,-0.08729481,0.10887864,-0.10885551,-0.04585905,-0.11594215,-0.6737167,-0.14450853,-0.7583384,-0.050902642,0.12894574,0.25940618,-0.1526091,0.4796974,0.14956087,-0.9383524,0.033973288,-0.13399602,0.07118072,0.16853787,0.37195995,0.19260567,-0.27527037,0.7229368,0.36506516,0.3279588,0.30842394,0.4319972,-0.013607353,-0.15905714,0.36424315,0.15439996,1.1076913,0.86067635,0.4630481,-0.30322933,0.20135592,0.11792039,-0.1677428,0.03228806,-0.14954555,-0.36773768,-0.25314316,-0.22101782,0.21045113,-0.109053895,0.31968448,0.26327458,-0.36358723,-0.032668307,-0.29746005,0.5661963,-0.09278489,0.013169753,-0.29966253,0.014371374,0.24507318,0.057000626,-0.17695391,0.005218136,0.18466616,0.08678972,0.15520927,0.34031987,-0.22849017,-0.01499678,0.18036462,-0.3302329,0.07932805,0.13258046,0.0864787,-0.44436008,-0.028169522,-0.95707166,0.02062567,0.3112528,0.11402849,0.4146211,0.38559896,-0.49001366,0.21002656,0.6717788,-0.5857634,-0.07485956,0.04686757,-0.7333296,0.12295147,0.117029965,1.0612396,-0.37928855,0.38402545,0.16526939,-0.548973,-0.084670365,0.13501585,-0.2682074,0.7250559,-0.1361286,-0.5778569,-0.31891686,0.31736502,0.064807646,0.5060205,0.17082201,-0.013122134,-0.3538678,-0.81435233,0.10376474,-0.0881274,-0.6097563,-0.8148306,-0.05682479,-0.33010226,0.21477762,-0.091414645,0.2983447,0.0632147,-0.030185407,0.08245587,-0.46850166,0.25333792,0.26493907,-0.19350572,-0.5488541,0.10979824,0.0017043713,-0.30122954,1.5697467,0.24203756,-0.3476028,1.1390289,0.20551924,-0.23772587,-0.10162006,0.012819772,-0.17289358,0.18047631,0.41732624,-0.46908635,-0.19631992,0.030814968,-0.059890162,-0.29502857,0.5181112,0.40824342,-0.24332768,-0.025763914,0.23238467,-0.05616026,-0.38064587,-0.037240393,-0.088553295,-0.1149499,0.39095983,-0.6281441,-0.6321502,-0.049130443,-0.14507592,-0.01996128,-0.50061643,-0.6117578,0.6764667,0.3491327,0.052910164,-0.04897254,-0.09150407,0.13994035,-0.56014043,0.2039806,-0.10618073,1.0202309,0.568475,-0.46799833,-0.39792466,0.07040156,0.31598628,-0.17379881,-0.56910825,0.0273501,-0.12107235,-0.009229889,-0.05488026,-0.0040006894,0.20969659,0.12283087,-0.026977956,-0.32831115,-0.10323648,0.48649135,-0.044923965,-0.6113811,-0.09621589,-0.74510264,0.22437355,-0.36054933,-0.1458781,1.0705327,0.5286998,0.13334058,0.1711481,-0.39853913,-0.08526576,-0.2788316,-0.22300401,-0.27447835,-0.3362442,-0.14661278,0.2407672,-0.8126791,-0.26616773,-7.888936,-0.045108337,-0.4774952,-0.3888675,-0.2004484,-0.20688021,-0.045420676,-0.062673524,0.20719407,-0.24658793,-0.30012378,-0.2384309,-0.08022588,-0.46036446,-0.11108906,0.30094376,0.6024004,0.34006402,-0.24825709,0.39572966,-0.47991028,-0.29614952,0.36924312,-0.117010765,0.6353868,-0.07954488,-0.061598763,-0.09328021,0.043896895,-0.43254802,-0.03811414,-0.10806055,-0.18490033,0.94553125,-0.33590782,-0.4842757,0.25908944,-0.39569637,-0.0002201241,-0.406697,-0.051727787,-0.16593042,-0.042660646,-0.09906075,0.7910835,-0.5463125,-0.11057244,0.25630885,-0.12016097,0.31266245,-0.5063959,-0.69874793,0.08083078,-0.3878141,-0.118003055,-0.11022394,0.30157086,0.7811401,-0.38719597,-0.2770635,0.7772085,-0.48123628,-0.2513801,-0.3390459,-0.41273776,-0.020315861,-0.81315833,-0.91829497,-0.45616066,-0.19784558,-0.45822227,0.48542005,-0.2844482,-0.9870835,0.01695993,-0.5874433,0.07183405,0.01451626,-0.44083157,-0.04055854,-0.79703987,-0.5364425,-0.19018474,0.08395436,-0.9363493,-0.07423472,-0.19407852,-0.80997854,-0.36491418,0.21348828,-0.21627338,0.13548784,0.24307358,0.1885104,0.08164256,-0.20007896,0.9613591,-0.4891942,0.23043713,0.1876137,0.5934228,-0.02664135,0.5254095,-0.2106002,-0.35775933,0.010656799,-0.69115156,0.07461575,0.33047253,-0.27535617,-0.21562819,0.17531805,-0.36865726,-0.12469067,-0.5168819,-0.0967925,0.08806725,0.26506338,0.3935202,-0.8642976,-0.64387965,0.20145403,-0.6475993,-0.36024886,0.37473395,0.25413013,-0.067710936,-0.080889694,-0.11822841,-0.18464175,-0.14745091,-0.39973214,0.3714226,-0.13449357,0.24289967,-0.34991372,-0.024205934,-0.2101754,-0.00058473967,0.17931719,0.44007888,0.337503,0.30755237,-0.3483272,0.0898731,0.052619122,0.20588373,0.033306178,0.103907436,-0.08111082,-0.2733617,-0.59832716,0.1458646,-0.12753415,0.3376764,-0.074641936,0.25316504,-0.2922592,-0.38148624,-0.5883457,0.30098516,-0.30974743,-0.12077229,0.23842995,0.26289994,-0.026344156,0.53379226,0.3562578,0.07073158,-0.6791763,-0.27997443,0.55407315,0.03490686,0.17823803,0.3272454,0.30821756,0.5017341,-0.23561111,0.18312897,0.82949305,0.035680883,0.37308252,0.26175782,-0.023693826,0.15607777,-0.12308867,0.1284136,0.47929466,0.41412652,0.6143046,-0.5558277,0.39490882,0.122999944,-0.6110359,0.07994912,-0.7828032,0.58782303,-0.0037668794,-0.14222783,0.31602478,-0.15811023,0.08793616,-0.8328111,-0.0337697,-0.32241097,-0.050882116,-0.0015522859,0.12948519,0.53577787,0.26637864,0.15096636,-0.38810498,-0.4453415,-0.5417507,0.0997718,-0.017488014,-0.22378893,-0.2596645,-0.3837902,0.022454789,-0.14083451,0.31449878,0.54653853,0.35692868,-0.21311058,0.1035113,0.12774315,-0.44400224,-0.07609893,0.09862836,0.33362734,-1.5419699,-0.04458039,0.047642816,-0.10683052,-0.7606816,-0.60622,0.14056356,-0.25275016,-0.3990519,-0.14313787,-0.29988173,-0.13796079,-0.6163476,-0.20542912,-0.031206785,-0.46048218,0.12323387,-0.50966907,0.11644761,0.35458604,-0.34481058,-0.09079898,-0.5472187,0.82306665,-0.30174512,-0.128756,-0.35742128,-0.20246506,0.3171093,0.15642105,0.35575077,0.053096257,0.5519323,0.06455212,0.37048566,0.12476993,0.046095427,0.22200188,-0.7116198,-0.70705193,0.16096966,-0.039264668,0.817757,0.33700752,-0.4852274,-0.36136505,-0.3196182,0.079667695,-0.7615864,-0.32866156,0.021590026,0.35246068,0.42393333,0.3685757,-0.13657516,-0.09122987,0.24942182,0.3529684,0.18297346,-0.06136004,0.67353094,-0.46705273,0.24030112,-0.07539493,0.43347198,0.56959486,0.23469627,0.05266602,0.15565605,-0.36379328,0.13419576,0.49073222,0.23793294,-0.051208332,0.16421877,0.28301817,0.08519173,-0.30274978,-0.45219684,-0.30989185,-0.014823129,0.7053755,0.9473195,0.0062574684,-0.415552,-0.73258805,-0.13061011,-0.36440018,-0.24737488,-0.37431142,0.28404117,0.6356691,-0.04519578,-0.38100424,0.09092808,-0.04591315,-0.15987612,0.16831727,-0.038841803,-0.21912637,-0.13048682,0.12463264,0.29751593,0.2650551,-0.49101806,-0.3471235,-0.11318626,-0.116821334,-0.044434857,0.00093939324,0.63680494,-0.3923721,0.35492274,-0.057668265,0.016154936,-0.16203132,-0.020644145,0.1721272,0.014932733,0.09026658,0.22985011,0.11056819,0.42891085,0.22928362,-0.014790684,0.41163638,-0.22267736,0.15702148,0.7423697,0.212837,0.5220373,0.16089754,-0.44458863,-0.17251614,0.082754284,0.45467827,-0.08296102,0.18228617,0.2566275,0.32790706,0.07827457,-0.047355145,-0.23484701,-0.26847866,-0.29621643,0.35961732,-0.10868679,-0.47605282,-0.21303591,-0.50475,-0.17466515,-0.57822055,-0.14281802,0.42574376,-0.39319485,0.16122402,-0.15080574,-0.1491273,-0.18707462,-0.0810441,0.33778474,0.34713852,-0.21265985,0.062226333,-0.1921629,-0.11555502,0.3163582,0.53823274,-0.16496316,0.049443547,-0.09572998,-0.1498242,-0.3178239,-0.058754075,-0.06469428,0.14923246,0.1579631,-0.5863833,-0.19069548,0.22971158,0.20215969,0.01449111,0.22296157,0.097503625,0.3370544,0.47043654,-0.11315169,-0.54304075,0.08766179,-0.34265873,-0.40421444,0.21332096,0.14454725,0.14107743,-0.52769244,-0.41690135,0.21451855,-0.032826267,-0.15118648,0.037013177,0.5034076,0.4331067,0.39637986,-0.53518546,-0.46492922,-0.22203338,0.3122625,0.102904595,0.29289824,-0.5438085,-0.2147242,0.014014483,0.12889078,-0.3388601,0.17701624,0.1858055,-0.21195723,-0.8044482,-0.6850744,0.0915514,0.04789116,-0.7542349,-0.49780074,0.24074131,0.23482798,-0.38874194,-0.67876595,-0.031360455,0.62888974,0.0,1,0,1,0,0,0,0,0,0,0,0,0,0,0,2,0,0,0,0,0,0,0,0,0.0,0.0,0.0,0.0
0.030902293,-0.0837587,0.8095374,-0.09246478,0.7419757,-0.02141977,-0.24322055,0.12381231,-0.31924707,0.20693406,0.15961322,-0.21804328,0.15508646,0.5712568,0.33671993,0.4276487,0.031627823,0.17240086,-0.066222005,0.11045667,0.22843628,0.015993124,0.24823987,0.004381653,0.35139644,0.21579553,0.1926895,-0.16636391,-0.27030456,-0.08176351,0.2510675,0.07036358,-0.15403876,-0.043200236,-0.030382438,-0.27084354,-0.29221863,-0.026501479,0.048865903,0.09669434,-0.2951411,-0.24825627,0.28780574,0.109113544,-0.26146156,-0.037712835,0.121301286,-0.60679525,0.23408006,-0.64821416,-0.44360784,0.1558602,-0.2847537,-0.8379508,0.019198688,0.5715142,0.34775627,-0.32129443,-0.31274268,-0.08269447,-0.033827234,-0.49710342,-0.03367598,0.055444825,-0.29402444,-0.4228313,0.14144321,0.3892103,-1.1448653,0.17188996,0.34580886,-0.11435964,0.35980323,0.09233232,-0.21539894,0.029024368,-0.35481873,0.6702559,-0.010517993,-0.43145055,-0.063960336,-0.25071958,0.4282575,0.061237987,0.33846062,0.157818,0.1281536,-0.4141577,-0.5151026,1.2172971,-0.077387646,0.39126742,-0.0792515,-0.017903257,0.038978588,-0.67513514,-0.37186646,0.14711034,-0.16213737,-0.22816043,0.8416476,-0.5060443,0.30896527,-0.2803129,-0.07988237,-0.0018824951,-0.37099376,-0.030341431,0.31504664,0.1308409,0.2650622,0.038308777,0.26867086,-0.44162372,0.1500059,-0.072499186,-0.31430605,0.5680721,0.45361394,-0.31517568,0.0031967375,0.25028574,0.033503182,0.0944626,0.4440391,0.08471444,0.08537282,0.09737593,0.16328144,0.20818733,0.3617671,0.18075277,-0.1943689,-0.3299968,0.103283025,-0.09585351,-0.23204574,0.13545202,0.3091025,-0.319224,0.14411578,-0.39466828,0.2313608,0.2623207,0.71120405,-0.24418142,0.11900586,0.019323327,-0.30221882,0.34307134,-0.46800652,-0.012231117,-0.14507423,0.008676264,-0.027169524,-0.44998375,-0.5374123,-0.017480185,0.2892726,0.11903804,0.19955647,0.014022081,0.19086479,-0.2591218,0.051508155,0.13738123,0.13539036,0.25605404,-0.54445493,-0.116850406,-0.02640786,-0.6508072,0.8192637,-0.37197807,0.4038538,0.29927132,-0.18456773,-0.36544052,0.08766836,0.8082744,-0.41893014,0.051029883,0.50349355,-0.06195266,0.42226073,-0.38944486,0.5564344,-0.6191786,0.8841651,0.05871208,-0.054815836,-0.07018889,-0.17142248,-0.24843198,0.037560165,-0.5350839,0.37462634,-0.39713848,0.08216734,-0.53997326,-0.33040828,0.21958789,0.04260731,-0.47866914,0.043008856,0.64007914,-0.10353547,-0.16952074,-0.6578778,-0.229888,-0.13323003,0.4519433,-0.44337654,0.03523077,0.18733145,-0.16433926,0.24652807,-0.13259889,0.17871805,0.5745052,-0.17039783,-0.47028244,-0.010347661,-0.08734925,-0.24574938,1.344418,0.47942498,-0.9187464,0.49635792,0.27135566,0.1480047,-0.49992344,0.31941643,-0.4694432,0.46859473,0.20118883,-0.08274957,-0.3818641,-0.026075227,0.38996074,-0.34694642,0.12665892,0.12427511,0.11495896,-0.02824158,0.25821775,0.16045162,-0.53088206,-0.5572596,0.1787215,-0.09477449,-0.048800576,0.10320255,-0.16241843,-0.059577603,-0.66426986,0.090920165,-0.10226331,-0.1934404,-0.114506215,0.077128984,-0.07292146,0.38758975,-0.21126999,0.28834346,-0.39764327,-0.0025767623,-0.05442114,0.556167,0.21915625,-0.25617242,0.32597992,0.056979742,0.6768406,-0.05003708,-0.5955184,0.52099794,-0.022689207,0.048382267,-0.20043953,0.09613178,0.4477084,-0.14165549,-0.12964563,0.116988175,-0.3732414,0.55606925,0.35353264,0.0040957783,0.042072795,-0.040798098,-0.33255497,-0.5260012,-0.2479116,0.74535733,0.36281958,-0.20640524,0.4262999,-0.53053606,-0.19878584,-0.2181831,0.12602387,0.061362524,-0.33636978,-0.12463831,0.0077711362,-0.7061879,-0.18809575,-10.701554,-0.39254457,-0.39637393,0.0010379407,0.10977292,-0.25399002,-0.10738863,0.31004763,-0.35074165,0.21013476,-0.051920425,-0.28340617,-0.13046238,-0.53716743,-0.13297051,-0.020766811,0.79528886,0.24310727,-0.27198243,0.3144043,-0.080033995,-0.66705924,0.23804864,0.3998732,0.76519644,0.044274043,0.23229885,-0.11543503,-0.23299415,-0.4531269,-0.35129339,0.0642787,0.013619965,1.1953892,-0.15086788,-0.34743133,0.04042219,-0.41405842,-0.17459561,0.10994378,0.010549806,0.030855503,-0.6595448,0.25979197,0.7003143,-0.2617946,-0.098810256,0.26398,-0.29521054,-0.1192644,0.19623281,0.09004381,-0.24717581,-0.62094945,-0.1525858,0.5395372,-0.11943439,0.72090346,-0.21898304,0.12659921,0.74344534,-0.03838038,-0.07718985,0.25652063,-0.34391204,-0.20901471,-0.8414397,-0.22043556,-0.23829703,0.035191912,0.0881459,0.28569633,0.3931269,-1.2482985,-0.107579745,-0.18929735,0.29155397,0.026505012,-0.15839536,-0.109903544,-0.5766726,-0.6507366,0.26554188,-0.22442107,-0.34409392,-0.6144807,-0.29681244,-0.12152188,-0.4358681,0.29032344,-0.16786905,-0.277666,0.68258876,-0.18261437,-0.084619544,-0.3116717,0.47478414,-0.23153323,-0.06277209,0.32344365,-0.073283345,-0.0139509365,0.5068573,-0.37172028,-0.54476815,0.33078593,-0.34724885,0.1805892,-0.020061368,-0.2039299,0.15414843,0.114677384,-0.2884512,-0.18083479,-0.07890122,-0.09899808,-0.41908348,0.5054957,-0.16874817,-0.17160141,-0.39379504,0.20096935,-0.5116888,-0.8299629,-0.21166939,-0.05420709,0.09678247,0.011252232,-0.26998377,-0.260741,0.045880884,0.014182926,-0.16164526,-0.6497926,-0.0039861198,-0.1306539,0.23294768,-0.27536398,-0.654117,0.14560625,0.42089474,0.14707537,0.074415304,0.09867988,-0.27204272,-0.13297254,0.007218853,0.29683506,0.46887666,0.14020686,-0.2769303,-0.49962008,0.18110436,-0.49892354,0.007874633,0.38781017,0.7089517,-0.32000116,-0.2730037,-0.8421553,0.90335155,0.31424245,0.10691854,-0.15967725,-0.22972259,0.0060459734,-0.22020346,0.22701338,0.22516948,-0.16624628,-0.12731439,0.06302193,0.2214318,-0.07631858,0.16509783,0.17374599,0.80350226,-0.46739113,-0.0441173,0.5259324,0.48808742,0.20076948,0.042626876,-0.075990885,0.1861513,-0.21400678,-0.12379549,0.66994596,0.28424206,0.040946394,-0.91243714,0.46153274,0.1542,-0.07060208,0.15154876,-0.22830305,0.29809934,0.5152695,-0.10020314,0.41317567,-0.30961585,-0.009671538,-0.49911347,0.10250238,0.32853708,-0.033461485,0.16371395,0.38906062,0.29829788,0.24049181,0.14895588,-0.35841385,-0.9113036,-0.07578478,0.39254624,-0.16521363,-0.1799926,-0.66285753,-0.68064874,0.31419197,0.027453218,-0.12376941,-0.2516156,-0.34118503,-0.031819455,0.072989084,-0.14774334,-0.021629293,-0.14490667,-0.14476767,-0.11223524,-2.2235787,0.24157259,-0.40434211,0.2753198,0.1482734,-0.15868284,-0.011811393,0.08694989,-0.09578382,-0.4627853,-0.58865446,0.26156914,-0.8480592,-0.29961926,0.3612422,-0.003841148,-0.099999495,0.04841901,0.1567654,0.37632024,-0.6959093,-0.4009448,-0.2719588,0.14281398,0.01631336,-0.053709853,-0.26731747,-0.15445523,0.5921412,-0.20519121,-0.010380222,0.03544621,0.0881766,0.2977144,0.51589835,0.014393744,0.19298595,0.00021291099,-0.37787727,-0.24154854,-0.5676739,0.014713227,-0.17474188,-0.35875022,-0.17663689,-0.73299575,-0.6823628,0.052510437,-0.40107417,-0.4818967,-0.018688684,0.5038934,0.26895452,0.1254235,0.011476755,-0.7278971,-0.3087168,-0.26940185,0.10740608,0.6310664,0.5379807,-0.8657045,0.16182886,-0.44788134,0.6017708,0.9264899,-0.19081748,-0.43736,0.36288574,0.04676528,0.023080297,0.43179378,0.24648052,0.15113294,0.37628043,-0.0967684,0.30098498,-0.2867891,-0.46503586,-0.31311816,-0.48124832,0.39914095,0.5600102,0.19570786,-0.6108696,-0.5201032,-0.035654455,-0.37712455,0.09934507,0.058388557,0.68843913,0.60969436,-0.14934729,0.2373264,-0.0017121274,0.15408534,-0.25137222,0.07690601,0.2653198,-0.27612677,0.39051616,0.055819716,0.03582039,-0.008967582,-0.23642892,-0.20070827,-0.19669546,-0.32562244,0.5035104,0.3050043,0.19719552,-0.051117163,0.025526356,0.075236164,-0.01739977,-0.3574468,0.1341167,0.3563925,0.43260166,-0.10358755,-0.36100838,0.18579726,-0.11590771,0.33835426,0.2508088,-0.048196368,-0.032657772,0.26081344,0.33650184,0.12634388,0.14390537,0.63559365,-0.83097154,-0.27280948,0.1865632,-0.18920887,0.51150465,-0.28175303,0.39010987,-0.022503436,-0.28784096,0.39159057,0.2572255,-0.13349809,0.17843936,-0.67748713,-0.15511979,0.050363116,0.70277196,-0.31638584,0.042109545,-0.28440726,-0.23100092,-0.03002319,-0.30360463,-0.17933196,-0.21489847,-0.37262988,-0.18745989,-0.15138827,0.22903213,-0.08103112,0.08901981,-0.0054155733,-0.68484336,0.15588161,-0.014510727,0.3324555,0.25023395,0.12961584,-0.054858375,-0.3522034,0.022619236,0.32603395,-0.27614734,-0.46876296,0.63591653,-0.27488557,0.08209242,0.60325557,0.07512307,0.030410867,0.6000513,0.114106655,-0.038084604,0.42540187,-0.12780796,-0.4705449,-0.057981912,-0.20064747,-0.73583305,0.034977756,-0.16709109,0.07439699,-0.20826559,-0.15447417,-0.08541246,0.20753968,-0.37732258,-0.2786008,0.21395165,0.4322619,-0.010248799,-0.72798705,-0.14613223,0.20058435,-0.31010136,-0.41354954,0.4520573,-0.0009191158,0.13057846,0.31870756,-0.32544217,-0.008994719,0.3206291,0.04240572,-0.28773963,-0.68715066,-0.124554574,-0.43673077,-0.15826502,-0.07488841,-0.16019373,0.07630339,-0.24534109,-0.46424985,-0.6117105,0.071101345,-0.10023453,0.55,0,0,1,0,0,0,0,2,0,2,0,2,0,1,0,1,0,1,0,0,0,0,0,0.5,0.0,0.6,0.0
0.31839526,-0.3950827,0.3093395,0.055619463,0.50657225,-0.053931117,-0.09578351,0.45018184,-0.38697335,0.31188893,-0.00013330013,-0.5998439,-0.2636837,0.44981804,-0.10830888,0.41992664,-0.32092354,0.6812697,0.20984045,0.21050201,0.05243586,-0.057076152,-0.06079548,0.11479755,0.1698936,0.18250616,-0.0865378,-0.17554708,-0.939024,-0.0826114,0.5040318,0.34390378,0.2939492,0.0065900683,-0.05291787,-0.47354016,-0.53308547,-0.27581424,-0.031661566,0.29981855,-0.11026488,-0.012636052,0.41351235,0.17083544,-0.109202,0.57276475,0.08160826,-0.10189623,0.3292953,-0.5073153,-0.73919696,0.18532242,-0.24702787,-0.5761256,0.22464801,0.56036687,0.7384502,-1.1054345,0.3409079,-0.065585434,0.003936749,-0.22410883,0.19635437,-0.29514158,-0.41386813,-0.32716367,0.2128703,0.7508784,-0.8764521,-0.12737457,0.1903029,-0.14285105,-0.38706076,-0.046123005,-0.101851694,0.39736405,0.004083461,0.5455285,0.18508096,-0.13693562,-0.25644198,0.40930817,0.29169053,0.5402166,0.23810129,0.29296446,-0.11346506,0.1483924,-0.16170168,0.6865213,-0.1774406,0.21343674,0.3423869,0.08109591,0.174758,-0.30457866,-0.8741776,-0.016438112,0.109725036,0.26794043,0.4603825,-0.461207,-0.10267002,0.20009302,-0.16675563,-0.07233222,-0.30969304,0.013702094,0.23021962,0.052413877,0.28242514,0.2435872,-0.18068151,-0.60525995,-0.08936054,0.505218,-0.084828824,0.06963487,0.29390115,-0.17051311,-0.09459557,0.63105184,0.09485758,0.4272438,0.37120402,0.3226432,0.22982012,-0.16905159,0.4370537,0.45016655,0.15156344,0.7134023,0.4099714,-0.2331627,0.08349892,0.3609991,0.06944844,-0.29841852,0.29953006,-0.37141606,-0.3933969,-0.47895622,0.021498457,0.30132824,0.5331577,-0.061894525,-0.34215346,0.08621857,0.059028808,0.5749973,-0.5061268,-0.16112822,-0.3062638,-0.21331531,0.397707,-0.10590291,-0.14672053,-0.7361319,0.285347,0.33827195,0.2141507,-0.04337629,-0.19254439,-0.20709543,-0.10676044,-0.30192405,0.18605489,0.6597925,-0.21696514,-0.12199118,-0.2770069,-0.61173826,0.18330497,0.23877715,0.5270551,0.41648698,0.1325715,-0.3925186,0.5399518,1.0193663,-0.3922261,0.06266208,0.40109122,-0.2135777,0.1429759,-0.09739707,0.8381955,-0.3947094,0.60489243,0.002520771,-0.4518272,-0.28120765,0.16020522,-0.098433666,0.24841255,-0.538925,-0.017201597,-0.11048241,0.6913935,-0.25762787,-0.056922097,0.5253793,-0.039705027,-0.5260689,-0.6128126,0.41507244,-0.08491016,-0.5838535,-0.67425406,-0.16760592,-0.084004804,0.44185954,-0.27429414,0.0426703,-0.15101849,0.21234533,-0.2725374,-0.3074728,-0.21068616,0.1257497,-0.54494894,-0.5495714,0.086081274,0.08557247,-0.24186473,1.2660203,0.020409083,-0.28609535,0.33909744,0.109816134,-0.013169816,-0.041957963,-0.16711196,-0.6396251,0.18041168,0.37944975,-0.027471049,-0.5678583,0.15897706,0.018074106,-0.48077115,0.6342283,0.22119547,-0.11132327,-0.1230185,0.291412,-0.26628786,-0.23177387,-0.36226323,0.2708921,-0.36638522,0.023135327,-0.43251407,-0.4678631,-0.07089018,-0.3778964,0.22068782,0.09618023,-0.41919553,0.19488283,0.16762155,0.21278904,0.08993121,0.066296965,0.25072965,-0.61275965,0.042518474,-0.06578876,0.6379501,0.013914859,-0.21389817,-0.36878052,0.1952763,0.6075132,0.2947183,-0.35996115,0.12448159,-0.14547831,0.14679609,-0.47422993,-0.1930539,0.6072594,-0.445459,-0.069750816,-0.51190275,-0.13331988,0.49512932,0.0175124,-0.08125948,-0.037775174,-0.061847348,-0.038519386,0.04871607,0.1454849,0.6744327,0.27822852,0.21523508,0.31302142,-0.37759212,0.06524957,-0.476857,0.15495524,0.050102238,-0.16843718,-0.21266522,0.04322992,-0.1463235,-0.58939964,-9.441309,-0.07124573,0.21991228,-0.3748482,-0.007219637,-0.2921527,-0.0245639,-0.16093545,-0.29783967,-0.056024842,-0.1541577,-0.29779306,0.025537124,-0.35157993,-0.29882276,-0.43508992,0.4935138,-0.003938541,-0.31126052,0.18529004,-0.4375358,-0.42068732,0.09399594,0.13539176,0.37514043,-0.12299445,0.10657649,0.067303844,0.44473308,-0.4002631,-0.38545,0.2527847,-0.112542465,0.9936253,-0.27591458,-0.07794638,-0.023760967,-0.4272652,-0.0679786,-0.17749207,0.22328405,-0.13427079,-0.10363491,0.14591426,1.0921787,-0.41266254,-0.15069173,0.098650895,0.013102675,-0.38343132,-0.029707603,-0.3421292,-0.1295185,-0.18709095,0.042884186,-0.1628943,-0.2480327,0.67254335,-0.10047476,-0.38445863,0.6745066,-0.30098772,-0.23214073,0.1201462,-0.1578118,0.04101907,-1.0007108,-0.7238522,-0.27040583,-0.18184926,-0.30986354,0.40161777,-0.112211294,-1.6062627,0.09579055,-0.015874606,0.13204922,0.14477225,-0.32690853,-0.3914621,-0.9142586,-0.015352596,0.1797853,-0.24975577,-0.16656381,-0.76222384,-0.16397776,-0.38095415,-0.20824441,0.44736558,0.025619773,0.07824318,0.15832518,0.3582843,-0.013503207,-0.0915554,0.5239668,0.19451116,-0.1341493,0.61423445,0.17873678,-0.27393612,0.63816255,-0.3649766,-0.3105123,0.12318465,-0.3608926,0.46276656,-0.2935065,0.06564305,-0.3531407,0.14704172,-0.5217936,-0.20765547,-0.25034642,-0.22018023,0.22265469,0.4843568,0.17244953,-0.331366,-0.3602494,0.41024274,-0.17946507,-0.75871205,0.30817103,0.17871484,0.04020652,-0.10471815,0.1428389,-0.38988656,0.035929427,-0.29410735,0.025020534,-0.13551562,0.48067474,-0.36961988,0.05704873,-0.05647273,-0.46465448,0.24872726,0.14483076,0.19557525,0.33279964,0.094313204,0.33909228,-0.09804827,0.30067265,0.068677105,0.2702597,0.49657363,-0.70640916,-1.290261,0.19036578,0.054967392,0.39839423,0.44059122,0.19417638,-0.49840823,-0.08594749,-0.5214312,0.26504245,-0.032880582,-0.0043899417,0.11242619,-0.40788487,0.04736144,0.32648194,0.14592975,-0.0818256,-0.17812824,-0.20389687,0.55264395,-0.16316366,0.053984746,-0.062073626,0.27589503,0.16213562,-0.09044304,-0.2918138,0.85867846,-0.06255781,0.48770633,0.09586565,-0.3520812,0.31351617,-0.15293388,0.3090671,0.4731331,0.16241337,0.45816296,-0.7071007,0.68041414,0.05766667,-0.4570344,0.42723653,-0.49553257,0.6007045,-0.13708039,-0.22486863,0.42921716,-0.19045696,0.10634507,-0.4806672,0.22203699,-0.2878724,0.107927226,-0.059145194,0.48928848,0.060215645,0.13952497,0.17683908,-0.4593082,-0.98259735,-0.45765227,0.31885934,-0.343001,-0.33924836,-0.3849066,-0.5732459,0.116605066,-0.272521,-0.092763446,0.09314565,0.0981234,-0.25001085,-0.049226303,-0.08388925,-0.43353093,0.088461116,-0.22610015,-0.040536895,-1.5225366,0.25027823,0.20566621,-0.104993895,-0.320669,0.13708988,0.11250454,-0.123216964,-0.32645166,-0.256606,-0.7149473,-0.18192378,-0.595738,-0.2148642,0.041241217,-0.4382599,0.17789602,-0.33303455,0.12966564,0.15615568,-0.12880191,-0.24843769,-0.34354192,-0.011559895,-0.8408587,0.20406803,-0.47775927,-0.0024580108,0.20982309,-0.28503314,0.06663701,0.03686689,0.26854062,-0.061817035,0.11804322,0.3467849,0.32555583,-0.23025885,-0.31897992,-0.10474143,-0.46495795,0.14887522,0.38993317,-0.34665024,0.033890534,-0.35135216,-0.70568955,-0.053606182,-0.111887515,-0.45957115,0.003251491,0.37283477,-0.34805134,0.47218105,-0.24460506,0.19757824,0.32174918,0.2701975,-0.20479046,-0.061090942,0.40502006,-0.1657486,0.25876108,-0.42721066,0.5294716,0.32258153,-0.098092444,0.13780671,-0.15605693,-0.16832854,-0.4410188,0.82022375,0.45267987,-0.073318474,0.09279435,-0.019023824,-0.20304374,-0.34388256,-0.6886741,-0.49560884,0.034918636,0.53608096,0.31383795,0.06935678,-0.28243345,-0.34085494,-0.29117635,-0.4415533,0.39020002,-0.2862782,-0.045517396,0.8697043,-0.2846512,0.08032355,0.03952716,0.6920324,-0.25520027,0.24650508,0.14891453,-0.3206745,-0.112432346,0.065014906,0.45734105,0.079477005,-0.48877025,-0.07560697,-0.06951112,-0.6589762,0.23856978,0.41833088,0.13201493,-0.4227227,0.16218954,0.025930712,0.20746866,-0.11595035,0.29666436,0.034903575,0.3879027,-0.35257453,-0.17451102,0.059260216,0.34881455,0.36592674,-0.2834759,0.120406196,0.2762625,-0.20624207,0.33216584,0.42131856,0.119406134,0.16561836,-0.6723363,0.19476093,0.47095683,0.038162764,-0.09034783,0.34318757,-0.27423608,0.2849894,0.23909432,-0.023890307,-0.011414974,-0.109292075,-0.26375937,0.067747444,0.111579925,-0.24549335,0.08187894,-0.35771343,-0.15601887,-0.1292265,-0.10516225,-0.050306283,-0.37371072,-0.25091767,0.1926051,0.016288219,-0.3057241,-0.3820647,0.75067186,0.30741063,0.24357076,-0.42067719,-0.07480412,0.3428043,0.12625925,0.19607809,0.44246617,0.1290547,-0.257037,-0.023670794,-0.22842865,-0.26830018,-0.22830765,-0.34533632,0.19305971,-0.7125734,-0.29666656,0.34538183,0.21716085,-0.027620774,0.43789247,-0.05129498,0.15327647,0.46754402,-0.3406918,-0.35764214,-0.18603918,-0.2752794,-0.6150919,0.14823076,0.47050792,0.047896396,0.17007236,0.023153571,-0.17254645,-0.117255785,-0.16702119,-0.6837046,0.5380729,0.36960694,-0.06986936,-0.41393515,0.04130138,-0.057788502,0.31240472,-0.071890675,0.058827415,-0.39005092,-0.13734287,0.15210375,-0.6927705,0.08840278,0.2861251,-0.079259,0.12777767,-0.6639451,-0.6112204,-0.17030607,-0.07614608,-0.3154632,-0.15055248,0.5801977,-0.27459678,0.03455277,-0.3016542,-0.053547114,0.217085,0.0,0,0,1,0,0,0,0,0,0,0,0,0,0,0,1,0,0,0,0,0,0,0,0,0.0,0.0,0.0,0.0
0.5530768,-0.18611024,0.76550573,-0.16625811,0.33406934,-0.04641999,0.28858626,0.54651797,-0.20470335,-0.024073193,-0.27593297,0.1523728,0.17942375,0.16767387,0.39083377,0.36797142,-0.4336657,0.36304784,0.10137432,0.1690507,0.47919095,0.265607,0.10712856,0.31069648,0.59069484,0.11217362,-0.0186335,-0.16433224,-0.8140572,-0.6221545,0.46414784,0.10515488,0.6470817,-0.015135684,-0.13306057,-0.5531627,-0.41166744,-0.16067559,-0.13480653,0.3679838,-0.12705971,-0.012311147,0.8488811,0.076185964,-0.26699147,-0.02864969,0.017757181,-0.46337873,0.103016585,-0.095608145,-0.19734365,0.16012627,0.028439052,-0.6875141,0.5352441,0.59106576,-0.06458539,-0.54480845,-0.37512052,-0.15291995,-0.16378385,0.0289985,-0.2982654,-0.10391292,-0.112945184,-0.041224737,0.18071721,0.33435062,-0.81267923,-0.07021917,0.3858042,0.041068077,0.26596588,0.11610751,-0.2591985,-0.0973481,0.04397,0.4720849,0.114685394,-0.33293378,0.018492976,0.41448203,0.48985538,0.029192917,0.63617903,0.457228,-0.18173137,0.02776852,-0.18508694,0.6045128,-0.47658902,0.12988633,-0.27891243,-0.058229413,0.608043,-0.5946945,-0.39534432,-0.24427563,-0.11122324,-0.2338632,0.16675715,-0.1109353,-0.085861474,-0.28083915,0.070362434,0.16744159,-0.4418943,-0.1303749,0.05999826,0.33550996,0.11650733,-0.036939815,0.047285184,-0.54917496,-0.40015996,-0.0059815035,0.25027916,0.6014135,-0.052575048,0.044290103,-0.20616493,0.2205717,-0.15148768,0.2632842,0.55369246,-0.044787865,0.10125143,-0.27750924,0.14428677,-0.28855303,0.34859702,0.1852791,0.186694,-0.3187238,0.31154758,0.029420102,-0.19659969,-0.19434077,-0.39747584,-0.15772086,-0.035557047,-0.028992552,0.33772498,0.25544208,0.23620032,-0.024330258,-0.5598027,0.13818444,-0.28903586,0.16336685,-0.25793514,-0.15535568,-0.61005855,0.17566907,-0.26543874,0.023920432,-0.06281504,0.18911032,-0.277316,0.026835619,0.22551788,0.24915332,-0.19271934,-0.021973953,-0.019571893,-0.13048357,0.17993023,0.14100295,0.09391389,-0.09128187,-0.08720933,-0.13279617,0.1540458,-0.10615825,0.14874758,0.27648517,0.052204937,0.089088365,0.00019692093,0.46723053,-0.5310168,-0.2873848,0.13802205,-0.15382574,0.0072401077,0.030979466,0.09504699,-0.26744115,0.47862324,0.30776924,-0.68903375,0.23370942,0.059146468,-0.31592917,0.091236524,-0.33532742,-0.31286708,-0.29084548,0.48162407,-0.12406006,0.2423557,0.044019617,-0.2751011,0.16783598,-0.5165214,0.30338,-0.11776188,-0.36373246,-0.43944013,-0.17161275,-0.29874754,0.3846941,0.05803313,0.37602726,0.16112265,0.121512815,0.15792835,-0.16484343,0.0371081,0.18917716,-0.19668567,0.041309,-0.24347967,-0.123229854,-0.25631896,0.9178109,0.16076621,-0.9106399,0.95848846,0.10738209,-0.101393804,-0.31195262,0.3038237,0.20982634,0.34977353,0.15369491,-0.7005482,-0.5649383,0.17975856,0.15571351,-0.28516832,-0.046375133,0.07581935,0.45243913,-0.17530134,0.5868979,-0.1083266,-0.051997203,0.2535788,0.0019820326,-0.043924075,0.024703367,-0.10880477,-0.32695568,-0.12112087,-0.303968,-0.36716545,-0.29466635,-0.09662989,0.41297445,0.29307547,0.2965585,0.21674651,-0.27971515,0.045768123,-0.3876524,0.039620485,-0.11094679,0.26646593,0.19705106,-0.09451965,-0.097392865,-0.19148931,0.46986377,-0.04032966,-0.2910164,-0.015553539,-0.23203161,0.1306157,0.12005909,-0.15033472,0.34818947,-0.102339,-0.05182998,-0.42074385,-0.11807264,0.21335717,-0.100446165,-0.3200581,-0.4266096,-0.30049303,0.3866166,-0.6181712,-0.14750391,0.9462286,0.22896782,0.031213945,0.1076939,-0.149115,-0.32572418,0.5629452,0.05552897,-0.08752901,-0.09688392,0.12809493,0.45412162,-0.3673248,-0.56945986,-7.880983,-0.22991462,-0.15648773,0.044377603,0.24479486,-0.21023421,0.36276966,-0.18478476,-0.108041264,-0.20835331,-0.07165615,0.31611732,0.14534007,-0.28713787,-0.1149458,0.36518547,0.68892753,-0.2685231,-0.01696924,0.3412873,-0.19660097,-0.12548763,0.0954459,0.24686113,0.10792648,0.09651542,-0.456504,0.056522682,-0.287746,0.0091580935,-0.4165062,-0.013478854,-0.13893995,0.6303441,-0.17241935,-0.29644737,0.013287712,-0.44120407,0.029055987,0.13369003,0.046976462,-0.22325276,-0.09273714,-0.100682825,0.6106662,-0.6525288,-0.123590946,-0.052026413,0.105153725,0.0886626,-0.28257856,-0.11583688,0.30237147,-0.42780197,-0.3999235,0.11281641,0.102195464,1.1589847,-0.17645238,-0.25665355,0.23654297,-0.10491634,-0.10518529,-0.060821377,-0.3719861,0.07353982,-0.87162644,-0.7039967,-0.32390264,-0.14769924,-0.5119142,0.08778205,-0.09414428,-1.4128429,-0.08911035,-0.102680944,0.17685431,0.21005802,-0.29854208,0.009909546,0.048111103,-0.48124406,0.016595233,0.0043674093,-0.368373,-0.50541,0.03600238,-0.43284547,-0.4880521,-0.12271003,-0.037453793,0.40838215,0.09652495,0.31171468,0.09671201,0.23239543,0.49982572,-0.3879347,-0.17308885,0.314096,0.1277804,-0.06791853,0.26354071,-0.15664583,-0.27609658,-0.16745134,0.09727849,0.0017267496,-0.11460259,-0.40727073,0.24771959,-0.16492838,-0.6340549,0.34589988,-0.5063976,-0.39607203,0.057338472,0.08710476,-0.018316917,-0.54685664,-0.34420833,-0.14584547,-0.36309636,-0.34308133,0.26167035,-0.15357749,-0.14096889,-0.31544292,-0.14466015,-0.042940535,0.004673392,-0.21280134,-0.077022664,0.19501631,-0.07601781,0.029307332,0.0055454755,-0.39482385,0.108791,0.34906682,0.14966871,0.23283638,0.2243519,-0.07266623,0.17031607,-0.0013670162,-0.13516815,0.5644468,-0.24432392,0.37488124,-0.22699092,-0.43361136,0.19527286,0.13785364,-0.0064012404,-0.016835954,0.2401072,0.056431416,-0.062034287,-0.3202779,0.3527795,-0.15936999,-0.1812513,0.4945044,0.048654642,0.38027763,-0.4207193,-0.14287446,0.2803994,-0.30430844,-0.13647221,0.41154158,-0.04614627,0.17153664,0.56348294,0.15058371,-0.17274675,-0.42958486,-0.0135334255,-0.074961975,-0.0060858964,-0.030763097,-0.10254157,-0.29545712,0.13842021,0.06190475,-0.008802771,0.13491043,0.6475748,0.35625362,-0.5512751,0.59081674,0.25498378,-0.43153736,-0.025604267,-0.77794456,0.3370188,-0.22237557,-0.018525116,0.3294753,-0.18718313,-0.38061506,-0.64316666,0.06155629,-0.28625274,0.16080488,0.1376637,-0.06793784,0.27352068,-0.022211116,-0.1734646,-0.82402414,-0.047617465,-0.03626932,-0.16763039,-0.22789408,-0.6406026,-0.07410559,-0.69962204,0.33279955,0.109491885,0.11394161,0.4717281,0.18364963,-0.31088468,0.37474972,0.19080277,-0.22124237,0.15298913,0.33163965,-0.21453919,-1.4182152,0.25203416,-0.054199826,0.21263322,0.28432617,-0.61118853,-0.22676297,-0.13030727,-0.4112023,-0.21438093,-0.5402281,-0.09438138,-0.53979087,-0.31402835,0.074636914,-0.16085196,0.3888523,-0.3512692,-0.010689513,0.28476804,-0.060592175,0.22914833,-0.49304485,0.2318699,-0.46759742,0.12528637,-0.23333254,-0.372845,0.40351164,-0.14870271,-0.032322053,0.039015826,0.22966553,0.21762426,0.0707481,-0.10255827,0.11384822,-0.2679316,-0.21841131,-0.057857126,0.02555666,0.2151423,0.35192502,0.34040856,-0.067334905,-0.25224456,-0.6073391,-0.11029828,0.04633289,-0.35528672,0.106719926,0.22812739,-0.15909524,0.2741983,-0.22347197,-0.36669818,0.09400501,-0.1141787,0.36394843,0.1694575,0.5212391,-0.6540015,0.0061500585,0.13274336,0.65446615,0.42752975,-0.04553719,0.15937722,0.14883514,-0.205942,0.09631838,0.50625455,0.26210925,-0.13329372,0.42789477,-0.103733845,-0.13450998,0.17040282,-0.1951229,-0.38208184,-0.24822918,0.41782,0.72607404,0.46675864,-0.2815421,-0.49987292,-0.7019699,-0.4248751,0.14042392,-0.117353655,0.2895991,0.42210564,0.08036349,-0.33117223,0.04854601,0.050038148,-0.11188815,0.23097445,-0.031208005,-0.45966485,0.22930378,-0.0017848811,0.075053684,0.40262127,-0.28142506,-0.27066854,-0.5777628,0.09349563,0.27729064,-0.07610997,0.4357239,0.03260427,0.40902692,-0.28532448,-0.18349096,-0.16793743,-0.13380896,0.5373071,0.114819594,0.27873665,0.46610773,-0.05902154,-0.093243815,0.30776533,0.047130547,0.18979667,-0.102665864,0.15009372,0.41197208,0.15042461,0.035901114,0.050068945,-0.6056959,0.06593096,0.08608582,0.3230509,-0.10962445,0.033790518,0.075515434,0.121372536,-0.14210004,0.057506103,-0.09569635,-0.24593584,-0.1733036,-0.08588853,-0.013934803,0.31260207,-0.10572855,-0.4611893,-0.16065527,-0.6326281,-0.19358288,0.24873656,-0.3559058,0.042474344,-0.28291562,-0.4296198,-0.31926954,-0.4295394,0.1406491,0.11351496,0.10911976,0.058935814,-0.23241888,0.20342888,0.17245874,0.2863473,-0.22100317,0.21020302,-0.10179117,-0.09808182,0.3143852,0.0918433,-0.29261795,-0.22051136,0.25467235,-0.29233,-0.13426848,0.35153753,0.5312975,-0.03044653,0.051182885,0.1485893,0.19007933,0.111951694,0.057518113,-0.2537159,-0.15717076,-0.24648449,-0.1327831,0.37843868,-0.4147622,0.093010575,-0.40046975,-0.60975504,0.14316507,-0.27599987,0.27592587,-0.48916098,-0.08288931,0.05286057,0.39493945,-0.083932966,-0.2424881,0.09708551,0.40093857,0.49578574,0.07179874,0.08309454,0.36673203,0.26224428,-0.6599949,-0.028521344,0.3765676,0.16495417,0.016631367,-0.6715268,-0.31204614,-0.28326482,-0.36582983,-0.49212795,-0.054499626,0.09462629,-0.017701471,-0.55891234,-0.24826717,-0.23394355,-0.12396032,0.0,0,0,1,0,0,0,0,0,0,0,0,0,0,0,1,0,0,0,0,0,0,0,0,0.0,0.0,0.0,0.0
0.2987971,-0.3483488,0.5613838,-0.42281905,0.30775285,-0.2786812,0.37375557,0.1438221,-0.5389646,-0.21060349,-0.04828845,-0.11613925,0.2453465,0.098457225,0.018613681,0.28117636,0.19051552,0.246168,-0.24905291,0.2683164,0.37515718,0.26051933,0.10907602,-0.22651094,0.19451354,0.026245765,-0.19086465,-0.12629743,-0.6093884,-0.08146926,0.3712576,0.07583762,0.08204606,0.31737444,-0.32369033,-0.79144496,0.18479699,0.030081956,0.20913255,0.27109057,0.0521872,-0.25618637,0.53475463,-0.15446198,-0.1976949,-0.76759523,-0.14710915,-0.6424736,0.34646937,-0.006628722,-0.25806895,0.20362048,-0.2793273,-0.16068846,0.08059042,0.8120544,0.2412261,-0.5633306,-0.381116,0.022971783,0.36529028,-0.3213872,-0.07100427,-0.24216202,-0.14411366,-0.2569663,0.747341,0.10851678,-0.043440457,0.6376442,0.19848333,0.27128434,0.11192081,0.37737313,-0.09011299,0.010301897,-0.63644993,0.35777527,0.14484759,-0.33296964,-0.47693598,0.35485488,-0.138512,0.04972887,0.2939498,0.09322118,0.5083001,0.10676094,-0.16123956,0.74543184,0.0042181397,-0.07091135,0.0004906219,-0.13915683,0.13410826,-0.4160982,-0.5998184,0.11569412,0.2245821,0.02180302,0.41316977,-0.7107768,-0.10053728,-0.32611537,-0.3325036,0.23543772,-0.677965,0.43764195,0.19273,0.27031213,-0.37975395,0.0634118,0.17427893,-0.33828285,-0.3433259,-0.45366916,-0.19636908,-0.098770715,0.18216433,-0.04325846,-0.63711506,0.1502606,0.2021348,0.4905829,0.43499646,0.2591209,0.091591895,-0.24077281,0.484184,0.2783403,0.031405102,0.39881364,0.12627746,0.013071019,0.22714812,-0.5049107,-0.23569831,-0.17663297,-0.41490746,-0.6571124,0.14365888,0.14975971,0.76776093,0.36185855,0.49180672,-0.24444507,-0.5673191,-0.0025744205,-0.044430137,0.3209136,-0.41989425,0.08601267,-0.50434184,-0.28271392,-0.3231386,0.028114283,-0.41665626,-0.1747126,-0.06890372,0.23764053,0.35352057,-0.06923928,-0.5907719,0.45437232,-0.0671554,0.0025389288,-0.017235195,0.46578392,-0.063108265,-0.11531136,-0.17205667,0.0040585417,0.15101403,-0.11184523,0.009514482,0.14816004,0.11135959,-0.15723656,-0.30474693,0.49379295,-0.49280205,0.4277385,-0.12107172,-0.31785342,0.4289011,0.016791213,0.7121843,0.03600975,0.64665216,-0.13510276,-0.37305892,0.13338967,0.1573667,0.1703966,0.13159202,-0.5667669,0.23131467,-0.50881886,0.41844916,-0.15124904,0.29579175,0.24674211,0.309176,-0.15167424,-0.5807276,0.27103394,-0.26672313,0.017713498,-0.3246332,0.49132213,-0.54680276,0.43953982,0.16892576,-0.2508497,0.53829056,0.10902487,-0.074694134,-0.1666226,-0.2879301,0.21405712,-0.10633639,-0.18331145,0.058484606,0.41292134,-0.47957367,1.2875055,0.104904845,-0.4957728,0.45801738,-0.13980441,-0.028841581,-0.35262746,0.42251492,0.06309969,-0.011049458,0.57374597,-0.026968155,-0.19219072,-0.21432048,-0.48314,-0.45101124,-0.11021428,0.5653301,-0.21926494,-0.07124186,0.40060893,-0.60220915,-0.6199171,-0.21164331,-0.4142395,-0.13101614,0.10497948,-0.1144182,-0.6655932,0.28080523,-0.16235584,0.32738483,-0.5696848,-0.36634427,-0.57021534,0.012945398,-0.046954274,0.05562838,0.21261922,-0.23827286,0.15010144,0.07672424,0.47371143,0.57263696,0.013924063,-0.10737755,-0.33085623,-0.5792693,0.91279715,-0.16482551,0.032334924,0.16501288,0.43811896,0.38072228,-0.57753,-0.059043,0.12009972,0.47459564,0.13581465,0.18560648,-0.05701878,-0.04364068,-0.4053818,-0.08255543,-0.4393803,-0.43520936,0.054978576,0.11050775,-0.27871794,0.71757346,-0.06344067,-0.25247014,0.5067788,0.17519139,-0.512598,-0.009698573,-0.28035626,-0.4058488,-0.044967785,-0.017119713,-0.28125918,-0.7269082,-0.27361715,-11.76501,-0.28466585,-0.19309977,0.10501167,0.07313,-0.2797988,0.36898193,-0.1254226,0.05892811,0.025546847,-0.44537544,-0.5025112,0.57026464,-0.5318314,-0.29067636,0.59091926,0.7767062,0.4146451,-0.18737702,0.3011044,-0.59051657,-0.5972654,0.9322924,0.6059409,0.1904412,0.37608284,0.20969656,0.18905154,-0.30298126,-0.30546752,-0.14157397,0.3049519,0.087188676,0.851334,-0.39608365,0.07469725,0.45672336,-0.66736776,0.5234356,0.019866278,-0.090331316,-0.59005034,-0.3175432,0.20356275,0.670764,-0.52301526,-0.27654284,0.18535918,-0.060412664,-0.061094,-0.37941825,-0.26537526,0.0691879,-0.18771374,-0.4126062,0.29373676,0.13494435,1.1899364,-0.48293385,-0.6607875,0.50523233,-0.07687564,-0.46223998,0.1133885,-0.014699152,0.41600677,-0.36799487,-0.5813787,-0.23932798,-0.074298546,-0.31648925,0.40069908,0.63111055,-1.445288,-0.44180936,0.5360853,-0.117354006,0.7280623,-0.520337,0.08713085,-0.33608747,-0.37673783,0.21620566,0.22644824,-0.18631656,-0.39014274,0.26810336,0.039074842,-0.4282041,0.27123776,0.3278995,-0.009802825,0.29467303,0.49956104,0.31287947,-0.14185579,0.5016769,-0.96818525,0.24040434,-0.25122535,0.45053264,0.298257,-0.08591151,-0.45753422,-0.506589,-0.2822383,-0.027890578,-0.10892833,-0.20130941,-0.56989676,0.110036954,-0.42579722,-0.21019007,0.46438453,-0.07605283,-0.4228738,0.089431256,0.24409854,-0.28910282,-0.365145,-0.2947622,0.05376996,-0.680764,-0.6845845,-0.1871106,0.19529873,-0.39969495,0.07204075,-0.45914435,0.033313524,-0.061344337,-0.61127394,0.34329963,0.03702016,-0.06384901,-0.48353153,0.13623245,-0.46090603,-0.10987955,-0.006542176,0.031646445,0.4872315,0.20039767,0.47193107,0.6135286,0.074783795,-0.7067686,-0.44144848,-0.11012277,0.3778299,-0.6720805,-1.5127453,0.41901648,0.24109688,0.024150982,-0.046828546,-0.03629228,-0.5730532,0.06870435,-0.1889002,0.11759982,-0.04080251,0.19668835,0.45014694,-0.52260804,0.3552355,-0.20864019,-0.105777904,0.3509482,0.33120424,-0.24249704,0.38317692,0.13198616,0.34772736,0.24704471,0.23049581,-0.0067197476,0.0925971,-0.16772494,0.38634005,0.19377977,0.17228721,-0.09903245,-0.12514667,0.61025405,0.74845177,0.008116884,-0.258346,0.46810505,0.71663177,-0.34956235,0.5094425,-0.23067279,-0.3112963,0.45620528,-0.88497984,0.37107986,0.27760363,0.015572497,0.6920216,-0.13031912,0.20587656,0.09034412,0.061473627,0.090868816,0.042676717,0.41779578,0.75825655,0.48709705,0.20139426,0.2288921,-0.2643789,-0.4341264,-0.41539794,0.053674456,-0.08883379,-0.118571244,-0.4901599,-0.597265,-0.10500534,0.23398115,-0.16577701,-0.44300914,-0.13769303,-0.2682881,-0.39098346,0.5496185,-0.33674327,-0.33955818,-0.102765456,-0.3652974,-0.8784336,0.37067613,-0.044568244,0.08853422,0.11426622,-0.1619211,-0.112910196,0.4235918,-0.4512066,-0.9930948,-0.77195036,-0.41495025,-0.7927792,-0.52973634,0.5143309,-0.3106315,0.055939216,-0.03590912,0.11551983,0.39673612,-0.31456614,0.09598946,-0.44713634,-0.28098676,-0.673806,0.056868125,0.1627066,-0.26430494,0.84973264,-0.7669517,0.21662284,0.29608923,-0.21543597,0.21060067,0.385266,0.37275895,0.7021134,-0.20857422,-0.15275721,-0.06997423,-0.23914863,-0.016398147,-0.109694004,-0.54163194,-0.100547716,-0.4212543,-0.49320075,0.28241405,-0.20235853,-0.28549123,-0.61002517,0.2772685,0.17301378,0.58047605,0.25228766,-0.6475644,0.19687143,-0.059429422,0.24458387,0.47215,0.20570183,-0.883321,0.432135,0.23580667,0.65308017,0.59690833,-0.44044888,0.2639657,0.15660504,-0.13291985,0.07916643,0.392057,-0.020444851,-0.31263396,0.4371044,0.15022816,-0.58056223,-0.037586745,-0.13051213,-0.09386641,-0.08166225,0.5263811,0.54211426,0.4212163,-0.66495645,-0.37029564,0.014623296,-0.48024523,0.2028921,0.02535596,0.1620161,0.79416573,-0.17907749,-0.56495076,-0.015801787,-0.20355168,-0.044690944,-0.1696724,0.21448094,0.0937785,-0.005790103,0.07050222,0.15556411,0.46994522,-0.33159882,0.16979204,-0.21247932,-0.07275066,-0.15157075,0.19941512,0.3975218,0.25695765,-0.10335803,0.16271353,-0.08098024,-0.40761814,-0.0825062,0.42896247,0.5568292,0.09497076,0.21931534,-0.026815943,0.27425,0.31579074,0.11004694,0.017116055,0.39602053,-0.14936404,0.5694893,0.6883908,0.16048917,0.09092369,-0.4234106,-0.096489266,0.105434746,-0.35295078,-0.08430982,0.054904405,-0.4233754,0.04524445,-0.055588804,0.09918728,-0.20532008,-0.16845486,-0.15320002,-0.25541696,-0.21337351,-0.9242621,0.12649505,0.14954786,0.37427437,-0.09426334,-0.57807505,-0.19587593,-0.21548961,-0.74269515,-0.16111435,0.15616125,-0.028681148,-0.29456958,0.36112222,-0.1908021,0.20790075,0.29594442,-0.082963094,-0.053306174,0.012824366,0.64583814,0.16700321,0.10282387,-0.40497413,0.13727051,-0.4586514,0.1703177,-0.022075491,-0.5044586,0.063127525,-0.63790107,-0.32672128,0.06037138,0.718561,-0.061639365,0.62746966,0.3145609,0.33564368,0.12334725,-0.22074316,-0.11130094,0.037264302,-0.4574486,-0.87558293,0.17091724,-0.22043198,0.14579548,-1.158499,-0.52874106,-0.18727416,0.21354587,-0.30979386,-0.43429896,0.6221973,0.49457473,-0.50975055,-0.6613445,0.026845308,-0.43166593,0.27677846,0.118453905,0.18038446,-0.04678151,0.12331047,-0.14514858,0.3829404,0.11076471,0.26501364,0.028970303,-0.20414358,-0.612877,-0.50568503,-0.027077274,-0.22815153,0.2406135,-0.07372583,-0.09142904,0.6430459,-0.3054904,-0.5331719,0.04792182,-0.15778483,0.0,0,0,1,0,0,0,0,0,0,0,0,0,0,0,1,0,0,0,0,0,0,0,0,0.0,0.0,0.0,0.0
0.50273687,0.001646905,0.68562585,-0.23247139,0.37253475,-0.25145683,0.07776021,0.87768006,-0.38436043,-0.25358456,-0.17298037,0.02818411,-0.10096524,0.38439605,0.0071853413,0.7287402,-0.2877669,0.6438756,0.28562248,0.06135339,0.7034137,0.037645254,-0.109442905,0.019722266,0.43663433,0.0058249813,0.05391045,-0.3884107,-0.9624157,-0.3374263,0.045490302,0.0018153753,0.30537847,-0.022721376,-0.23603682,-0.6684319,-0.26579192,-0.24583799,0.54108065,0.548471,0.10418145,-0.31238648,0.2966344,-0.2465036,-0.07176265,0.31093875,-0.07340425,-0.37203214,0.43954223,-0.42534715,-0.7885078,0.25709522,0.20690551,-0.2693511,0.26521426,0.3656965,0.4364458,-0.7782907,-0.16142811,-0.012107761,-0.107749425,-0.10658868,0.04814715,0.27274692,-0.2564973,-0.23375928,0.12524143,0.7265236,-1.0755287,0.41363987,0.4139981,0.15652493,0.2512682,0.089768864,0.31455642,0.29526877,-0.19072776,0.6152856,0.20234032,-0.32361975,-0.06628829,0.03896996,0.66048723,0.31427214,0.43084803,0.09497987,0.08001638,-0.34828252,-0.52276385,0.613797,-0.0638068,-0.049887907,-0.11654364,0.10136273,0.7535799,-0.6241776,-0.76423204,-0.38653696,-0.20915991,-0.112456486,0.34836566,-0.25379637,0.27001575,-0.16418189,-0.41936728,0.14755176,-0.6560012,-0.2189291,0.35212317,0.22657883,-0.01741447,0.23331021,0.12104745,-0.55028844,0.23474386,0.08627765,-0.018209565,0.32525045,0.41166738,-0.1319649,-0.1905871,0.68253547,0.38158944,0.38945466,0.542089,0.36375642,0.05856997,-0.5410852,0.14880401,0.32077712,0.87634116,0.755986,0.18692234,-0.2849641,0.3722536,-0.08434225,-0.09450108,-0.10915925,0.0019477764,-0.19167994,-0.20511864,0.011781492,0.22809723,0.1302599,0.6333368,-0.004800174,-0.34847626,-0.11592988,-0.2631119,0.48465383,-0.5161252,-0.300411,-0.33583188,0.01734318,0.19176632,-0.24760942,-0.15299417,-0.14563696,0.2739499,0.2794854,0.23291767,0.18873435,-0.25769335,-0.007993412,0.109125786,-0.13065143,-0.19652024,0.20753923,-0.07893457,-0.12299559,-0.15440194,-0.8107417,0.10317684,0.17934786,0.5287473,0.49181762,0.3748093,-0.731716,0.22870979,0.85158074,-0.57855386,-0.24999024,0.18066223,-0.7856209,-0.11076252,-0.09635804,0.7635417,-0.46568173,0.23207836,0.24518028,-0.49835315,-0.2854287,0.1558942,-0.12620412,0.5048067,-0.22910123,-0.19232178,-0.33695742,0.50706255,-0.11923738,0.17136204,0.34874618,0.07358468,-0.51863295,-0.8527687,0.5878051,-0.13702756,-0.37817338,-0.7761648,0.04899469,-0.47133687,0.43165714,0.0791247,0.37423778,-0.18981907,0.0022927073,0.21730952,-0.49643016,0.15668243,0.3332244,-0.40497553,-0.49982917,0.09771348,0.10358702,-0.22224937,1.3108706,0.04248512,-0.20247194,0.6112122,0.027294721,-0.27039933,-0.19309656,-0.076198064,-0.10459988,0.39793018,0.5775528,-0.1185211,-0.741423,-0.017529625,0.019051408,-0.30875555,0.27791482,0.3973232,-0.23478991,-0.35670754,0.49423614,-0.03533825,-0.4139111,-0.053392135,-0.11920333,0.07133247,0.19978999,-0.47219834,-0.6542794,0.17948149,-0.35547772,0.084126376,-0.46338513,-0.5268683,0.21641363,0.26957178,0.042051457,0.30211928,-0.102688484,0.10108245,-0.41914785,0.10194561,0.2691445,0.97427595,0.30654064,-0.40664512,-0.28550342,-0.19623573,0.6384841,0.28701535,-0.41011658,0.055717334,-0.29658458,0.21650183,-0.19187833,-0.12629682,0.51541895,0.08224698,-0.04931377,0.024244584,-0.31696978,0.5667369,0.09784334,-0.50904065,-0.24051598,-0.35355937,0.088219315,0.038163256,0.114439346,1.1084546,0.5722885,0.12229595,0.2334487,-0.39793545,-0.12200412,0.08114324,-0.042891294,0.06604963,-0.2604249,0.019301122,0.22028932,-0.8723561,-0.31304443,-9.108666,-0.20093906,-0.4512629,-0.4304262,-0.26360118,-0.41062078,0.15415382,0.2151051,0.24736345,-0.07735907,-0.27260655,-0.146285,0.17949256,-0.29326665,-0.10720012,0.13342464,0.64653516,0.25996616,-0.42462406,0.15526678,-0.48896807,-0.18541992,0.47822216,0.14202367,0.75087595,0.050772704,0.027358208,-0.24233907,0.045916215,-0.060745046,-0.12956877,0.29669228,-0.028732035,1.0457909,-0.27895933,-0.3674297,0.31807518,-0.67350787,0.047497544,-0.3348619,0.27924192,-0.10917959,-0.4701342,-0.114142306,0.9154229,-0.5553388,-0.21511315,0.24154066,-0.18068737,0.2138313,-0.3254437,-0.5880207,0.13378538,-0.6168193,-0.047833104,-0.17808537,0.13139576,1.2109119,-0.3001735,-0.24185106,0.65438807,-0.46690127,-0.110481665,0.06389787,-0.38664895,-0.34232822,-0.88513976,-0.6275827,-0.2701421,-0.26048198,-0.4362504,0.47852883,0.031064296,-1.0656688,-0.029753394,-0.25687346,0.06464858,0.40567917,-0.28149298,-0.16082741,-0.6632826,-0.31672522,-0.38703874,-0.09813183,-0.57963955,-0.41881162,-0.00058351294,-0.63040817,-0.5307024,0.35614806,-0.29550752,0.04209513,0.39550138,0.132171,-0.2781738,-0.020363932,0.6357474,-0.42459792,0.23065852,-0.09119106,0.51561254,0.22907564,0.7370036,-0.36569622,-0.5708563,0.23883446,-0.43116665,0.06484381,-0.25018722,-0.35686857,-0.1597783,-0.07079215,-0.51644945,-0.10189948,-0.57469654,0.08032124,0.10331904,-0.091289446,0.048654154,-0.5604449,-0.6578984,0.3204621,-0.46950203,-0.65733534,0.1948413,0.21682513,0.025910247,-0.09174367,-0.3270058,-0.4338814,-0.04816376,-0.5035043,0.29516882,-0.08140168,0.26428148,-0.34988707,0.13923997,-0.4031204,0.1988801,0.026191713,0.3467214,0.3402955,0.30275542,0.016874295,0.32478186,0.15724969,0.22388238,-0.014555454,0.04920922,0.23856188,-0.24658185,-0.8034021,-0.07524353,-0.1656924,0.16682154,0.10901642,0.42776218,-0.36431628,-0.36053464,-0.3240476,0.40427753,-0.33279637,-0.071054585,0.36282706,0.1093066,-0.1715137,0.45536858,0.12978536,0.0045550196,-0.85307986,-0.33285138,0.5354585,-0.0069271247,0.16918711,0.2972696,0.3716386,0.40701878,-0.4968207,0.065483,0.67948365,-0.03475276,0.37020847,0.21062672,-0.094700076,0.21029273,0.105045326,0.26550156,0.4254956,0.5329354,0.53291285,-0.8929557,0.75454825,-0.10755591,-0.52638876,0.35623294,-0.59036916,0.590358,-0.11321738,-0.21384943,0.61630476,-0.21087407,0.2875991,-0.85564643,0.17274433,-0.2533126,0.33115074,0.29773653,0.26332796,0.5939838,0.14367364,0.35463437,-0.35754734,-0.55412054,-0.539006,0.33414814,0.15849449,-0.4235634,-0.27220866,-0.43731257,-0.11905425,-0.15867382,0.41687554,0.14057268,0.11705512,-0.3856246,0.22089653,0.16502117,-0.36687773,0.106783,-0.3044182,0.04282497,-1.6482022,0.1818795,-0.037699744,-0.07410209,-0.6388493,-0.7818154,0.17026868,-0.08253772,-0.14567994,-0.37307903,-0.42078957,-0.15083805,-0.88362753,-0.20827425,0.08156859,-0.5496568,-0.012105287,-0.21189061,-0.10823738,0.42054254,-0.26904327,0.008510344,-0.4253277,0.36284077,-0.58760655,-0.45772326,-0.15727426,-0.19933167,0.07252136,-0.030416593,0.2551336,0.05275963,0.48830575,-0.015508616,0.28759462,0.17628382,0.010950228,-0.026859248,-0.69976515,-0.15086277,0.1627514,-0.1994092,0.5480188,-0.0710029,-0.33945495,-0.63850737,-0.51569813,0.11752002,-0.39624223,-0.37304863,-0.064336166,0.15502597,0.55430454,0.2090507,-0.37252465,-0.05317828,0.21830526,0.20198566,0.19735847,0.24890313,0.71558183,-0.41353822,0.30514166,-0.2546492,0.5015469,0.62451804,0.06246189,0.33409595,0.12780148,-0.06698573,-0.2807022,0.57377714,0.31596118,-0.2567275,0.10680762,0.108378544,-0.13188899,-0.30912364,-0.33997738,-0.6954253,-0.3334461,0.69472677,0.8615828,0.0681353,-0.24628891,-0.8271756,-0.1743628,-0.558398,-0.021392936,-0.43699265,0.14248568,0.6324864,0.0038567283,-0.18058683,-0.15891303,-0.16503452,-0.23790379,0.14143516,-0.1038593,-0.50055146,0.0571066,0.0026631034,0.49010193,0.23483172,-0.40593728,-0.29335856,-0.067027815,-0.45487735,-0.03121474,0.12675199,0.42958707,-0.1808441,0.23911212,0.045981906,0.34380385,-0.10912892,0.053016473,0.2975985,0.18037291,0.08924255,0.3768354,0.22473505,-0.0730081,0.014635134,-0.060104236,0.17375845,-0.18707956,-0.054785214,0.6540897,0.22864363,0.35905915,0.09440138,-0.53195673,0.004687577,-0.032092642,0.107013814,-0.114874,0.33829919,0.19486892,0.31405503,0.034512002,0.13717565,-0.04793569,-0.4997087,-0.058254242,0.24969535,-0.0911264,-0.5162648,-0.08858026,-0.4709831,-0.11754067,-0.52522475,-0.09117066,0.2938587,-0.5472628,-0.26050553,0.03327935,-0.37717175,-0.5429558,0.042710327,0.12841888,0.05852686,0.034459386,0.26367655,-0.11256201,0.04414929,0.21330625,0.49781513,0.09035237,0.19013207,-0.41550887,-0.3485798,-0.24985737,0.03284162,-0.23425025,-0.05442178,-0.15051433,-0.6181222,-0.06812675,0.21505728,0.21533762,0.014343574,0.3211509,0.119233996,0.36366597,0.6128289,-0.6819288,-0.7074985,0.0065972926,-0.3142715,-0.36497453,-0.14830135,0.102188006,0.42549977,-0.42017204,-0.17633927,0.104500465,0.076901115,-0.24330328,-0.29269466,0.52136564,0.5346122,0.12733556,-0.6108225,-0.3641667,-0.12380251,0.30724385,0.08508062,0.49644837,-0.31349954,-0.22423261,-0.062280282,0.05885681,-0.31480196,0.028268574,0.36630455,-0.042693637,-1.0165992,-0.52599764,-0.2120905,-0.03652728,-0.82122153,-0.43538558,0.41086948,0.30639285,-0.630889,-0.61178815,-0.10832717,0.2525014,0.0,0,0,1,0,0,0,0,0,0,0,0,0,0,0,1,0,0,0,0,0,0,0,0,0.0,0.0,0.0,0.0
0.09312515,-0.007073185,0.28268832,0.030277774,-0.086667866,0.0580424,0.22868864,0.655985,-0.5307363,-0.24342556,0.37978283,-0.08834248,-0.10054298,0.47127193,-0.45742607,0.5566435,-0.17735109,-0.0015378492,0.05453481,-0.41436538,0.23560145,0.22831173,-0.5935612,-0.34494096,0.13331278,0.117731586,0.1545336,-0.28211093,-0.16611305,0.26040366,0.26987833,0.16034454,-0.37482268,-0.37055618,-0.13622952,0.09388981,-0.17665115,-0.12725246,-0.043196764,-0.26569337,-0.3032387,-0.20562291,0.3933329,0.1716688,-0.24625437,-0.2297188,-0.20981257,-0.48644647,-0.13695173,-0.6221461,-0.25487667,-0.082233034,-0.38635808,-0.097537085,0.07547723,0.15001169,0.46507102,-0.61527675,0.34504813,0.0045526596,-0.19880609,0.16985291,0.12630339,-0.0126938615,-0.091449514,0.17129587,-0.5327768,0.03974902,-0.48923907,0.5997192,-0.22546932,0.21471791,0.07163016,0.2876162,-0.26093003,-0.52734506,0.27323496,0.2281547,-0.38263822,0.15193555,-0.102285184,0.062647276,-0.06201256,-0.019444704,0.24470457,0.34517235,-0.25375006,-0.32274354,-0.23556724,0.34529167,0.24908753,-0.2724709,-0.22492404,0.27956432,0.81992227,-0.33837056,-0.15828785,0.1402534,-0.28602132,0.080512404,0.14340009,-0.443334,0.31901795,-0.44182545,-0.0593521,-0.15931101,-0.19890805,-0.63345647,0.2895153,-0.3033508,0.04809384,0.26233965,0.040643968,0.2624815,0.46464068,0.25777453,-0.14989838,0.25237137,0.21536107,-0.28468415,-0.23775895,0.34414452,0.24395642,0.098396614,0.4804163,-0.0224588,0.22179456,-0.07171056,0.09941982,0.13706188,0.26084402,0.0947652,0.34096494,-0.43831483,0.090533964,-0.12176335,0.4047779,-0.09780494,-0.051524144,0.050689228,-0.38190424,0.14653999,0.32838196,-0.5508452,0.4658175,-0.34642336,-0.18668081,0.30453748,0.26436597,-0.12117739,0.07747063,0.23080735,-0.47831059,-0.21346755,-0.19375804,-0.1881055,-0.03359837,0.055116408,0.13175318,0.47876722,0.028736953,-0.18703204,0.06681311,0.15755673,0.48585805,-0.36208394,0.0482271,-0.24775985,-0.23258488,0.58065265,0.09219046,-0.24615364,0.48905998,0.09831756,0.68556106,0.20575956,0.19769391,-0.031140065,0.3510463,0.39894634,-0.5252055,-0.025974821,-0.03126014,0.020901302,0.027154893,-0.28544873,0.22963066,-0.5491351,-0.053867828,0.4383768,-0.03413384,-0.15713175,0.27302963,-0.36907288,0.08446245,-0.5038185,-0.050651234,-0.38797116,0.0585257,-0.12483195,0.28653985,0.002409966,-0.12078808,0.029304748,-0.2665593,1.0073848,-0.1581594,0.0643758,-0.49669528,0.32427463,0.025882546,0.56762147,-0.38431937,-0.097816415,-0.09296288,-0.04014538,0.1672099,0.12443602,-0.025391921,-0.028785314,-0.120319866,-0.7682008,0.008720553,0.12960133,0.0032041539,0.61558855,0.5130218,0.15559454,0.3407603,-0.38517997,0.10298349,0.40812007,0.18167594,-0.011113757,0.038497593,-0.06444864,-0.12129287,0.057434045,0.07624985,0.1630386,-0.63832885,0.15319523,0.16488525,0.3746459,-0.14390625,0.45175958,-0.23606408,-0.7786418,-0.36048323,-0.04819385,-0.60307693,-0.391752,-0.40705094,-0.15037628,-0.20533645,-0.30806196,-0.51530117,0.032297604,0.2019083,-0.2883547,-0.13824262,-0.033260547,-0.0146505665,-0.037095472,-0.28675953,0.0614023,-0.26305598,-0.06786582,0.18917899,0.15708679,0.11403314,0.07740684,-0.13609368,0.3344563,-0.33480698,-0.37145117,0.31507683,0.33489493,-0.06766492,-0.3061386,-0.12449503,0.46348935,-0.42046747,0.13007018,0.047752082,-0.045164667,0.47794318,0.26338965,-0.17509367,-0.29032516,-0.019224208,0.01384828,0.08854947,-0.23579168,0.59974635,-0.52326554,-0.1442205,0.19677958,-0.6668734,-0.27011865,-0.09173456,0.010334671,0.465316,0.017045984,-0.39895704,-0.20481563,-0.552837,0.21396664,-9.581289,-0.21966508,0.1842658,-0.039862555,0.11101663,-0.53680146,-0.4249789,-0.17859875,-0.6838207,0.032955095,-0.30269653,-0.278198,-0.21743175,0.176937,0.2947571,-0.38017464,-0.0039577507,-0.14114162,-0.22455211,0.47887993,-0.11731718,0.13106994,0.27244478,0.016941518,-0.0764835,0.48528394,0.17355016,-0.06772974,-0.24896741,-0.14671221,-0.47499037,-0.078489125,-0.05659048,1.1164974,-0.30270416,-0.072711766,-0.08249221,-0.37532514,0.47708154,0.08518581,0.36733598,0.24164577,-0.019245796,0.20327222,0.46723175,-0.3774219,-0.16388431,-0.6148121,-0.00038995128,-0.3298809,-0.32006964,-0.27721336,-0.22221604,-0.48209906,0.2960394,-0.14450024,0.09075698,0.6648737,0.23729701,-0.4401343,0.36324948,-0.059237074,-0.46560192,-0.073599875,0.0672289,0.53816694,-0.95399743,0.07827482,0.24339315,0.15121932,-0.07898185,0.30035296,0.2942255,-1.8775237,-0.03903036,0.49914375,-0.14526464,0.05258227,0.10551654,-0.034817286,-0.4388353,-0.42232323,-0.14871335,0.15685788,-0.3727105,-0.30785075,-0.45072952,-0.38437653,-0.2862669,0.30714345,-0.20948832,0.2954273,0.32827884,0.21408978,0.12964192,0.067272216,0.42893648,-0.32481384,-0.13772324,-0.18051967,0.022248354,-0.41204658,0.02880722,0.7481726,-0.08600388,-0.059317976,-0.09137784,0.39463758,0.19974414,0.07332976,0.2369502,-0.08198346,-0.008518502,0.14817226,-0.06914233,-0.27907753,0.30765358,-0.06743823,-0.17933533,-0.3575349,0.0051400946,0.12772316,-0.19630699,-0.4698174,-0.53029937,0.1794027,-0.35199147,-0.22741012,-0.21838836,0.11458161,0.013813576,0.07275523,-0.12687448,-0.12642047,-0.035033416,-0.07675802,-0.5075603,-0.12861875,-0.04167923,-0.06171172,0.6226807,-0.104897335,0.66983277,0.12793106,-0.3269053,0.008006027,-0.022303909,0.047469787,0.12319841,0.46273574,0.2542948,-0.6715407,-0.017854096,-0.09623338,0.20731053,0.29202816,0.26688597,-0.39465636,0.11907989,0.0071070865,0.18294682,-0.37530416,-0.20138147,0.34468547,0.4461372,-0.045330383,-0.31900817,0.087499276,-0.054870926,-0.17447329,-0.03935761,0.43098593,-0.13506599,0.21622388,0.252369,0.21839182,0.21499534,-0.21918467,0.0967507,0.112317964,-0.13500634,-0.18866679,-0.1966571,-0.09807169,0.48233134,-0.7841543,0.117512,0.011367385,0.22983608,0.53348094,-0.77119356,0.759621,0.11051108,-0.43262902,-0.3770415,-0.41520008,-0.08249406,0.06556966,-0.13738804,0.11773665,-0.017157625,-0.18497871,0.26243478,-0.012777643,-0.22257379,0.0015677601,0.008868573,0.16771719,0.120640576,0.08751185,-0.031040996,-0.38522235,-0.08537483,-0.24603227,-0.1257039,-0.30051142,0.096597314,-0.03208705,-0.71367836,0.3140306,-0.1266851,-0.526681,-0.29569763,-0.17754124,-0.5072427,-0.41312146,0.1416516,-0.28248823,0.26245123,0.38104534,0.01448969,-0.9754256,0.0011664018,0.36135215,-0.032611758,-0.5322219,0.30321175,0.8065942,0.051029466,-0.462502,0.38225627,0.031338904,-0.15732446,-0.3059126,0.10677682,0.00427842,0.21149364,-0.026533997,-0.5566933,-0.22974105,0.8230775,-0.21327874,-0.15714048,-0.39306977,0.3539355,-0.27314717,-0.12799646,0.019920241,-0.17746557,-0.019440856,-0.42058372,0.07618203,0.043582745,0.31487995,-0.26673397,-0.5426245,0.28556976,0.39625973,0.09612505,-0.058547862,-0.15433714,0.057320166,0.45362505,0.09745591,0.06374826,-0.41378665,-0.23034449,-0.39216968,0.16444923,-0.27469474,-0.074580625,0.15120193,0.060888417,0.18192798,-0.08718982,0.016089216,0.334774,-0.35356838,-0.18168996,0.43930727,0.21320601,0.39406905,-0.17474017,-0.12619416,0.29063752,0.24982747,0.41241783,0.026817095,0.32228255,0.10437472,-0.2130825,-0.44337425,0.23394668,0.17039356,0.036223784,0.12936027,-0.12407788,0.015551341,0.2965022,-0.06491121,-0.42886743,0.21225306,0.37868646,0.23241857,0.25836208,-0.26611358,0.056250174,-0.54616696,-0.3304167,0.28226772,-0.18783207,0.15828936,0.79708636,0.090541914,0.47665572,-0.0649607,-0.379307,-0.36905327,0.28481004,0.4872605,-0.32301357,0.473238,-0.10327885,0.18257035,0.16794938,-0.35874525,0.5555867,-0.28246877,-0.19867685,0.27469394,-0.009353533,0.46145177,0.09655401,0.028780928,-0.5098899,0.078844115,-0.25216454,-0.12302609,0.21971507,0.45368117,-0.08299438,-0.10625781,0.05146556,-0.23728052,0.47846627,-0.30998737,-0.49071866,0.27791154,-0.4074641,0.22865066,0.4263919,0.3861358,-0.061489422,-0.26675883,0.3169177,0.0991969,-0.099230096,0.63004965,0.24487667,-0.06536704,0.21625683,-0.077246346,0.020100629,0.41922635,-0.6497582,0.21744767,0.04354888,0.40191928,-0.11691159,-0.11602869,0.09828441,0.104090236,-0.5667175,0.19935185,0.46455392,-0.23780672,-0.2056401,0.06775129,-0.07136981,-0.02283287,-0.023286445,0.027481575,-0.035250306,-0.39653406,0.21694572,-0.4019447,0.24177739,-0.13164684,0.48390803,-0.07798739,0.2268813,0.0048552672,0.21943614,0.12012323,-0.08860834,0.08029546,-0.27807787,-0.0058293855,-0.15883127,-0.09996438,0.020970155,-0.27095723,-0.21890602,0.21200219,0.13608636,0.04270544,-0.053580947,-0.41967258,0.19744352,-0.24009493,-0.1615992,0.032334577,-0.31433183,0.016551144,0.06071306,-0.28241038,0.22809568,0.323183,-0.11307554,-0.021203492,-0.14531817,0.30015087,-0.14022824,-0.4608082,0.111089684,-0.42584905,-0.47204438,-0.12592752,-0.0023416388,-0.122301385,0.10926046,-0.14708863,0.29914525,-0.36940306,0.20815368,-0.006855654,0.19503692,-0.19817248,-0.41449848,-0.12480912,-0.51816905,-0.34197164,-0.08228233,-0.42274386,-0.121404365,0.48293573,0.04270121,-0.2870137,0.12945294,0.046400037,0.0,0,0,0,0,0,0,0,0,0,0,0,0,0,0,1,0,0,0,0,0,0,0,0,0.0,0.0,0.0,0.0
0.2676032,-0.07944324,0.68214965,-0.23390356,0.33232534,-0.15028621,0.23870902,0.66050386,-0.28024057,-0.20354326,-0.23227753,-0.13937408,-0.120057754,0.6181762,-0.1348973,0.6905751,-0.28342915,0.49210912,-0.13930157,0.25280702,0.8686283,0.15083611,0.0494452,0.13989024,0.3120035,0.044148803,0.4554765,-0.23197733,-0.7670734,-0.276038,-0.09311479,-0.19634895,0.3397337,-0.26355833,-0.5376434,-0.45676902,-0.16660652,0.11320403,0.65596443,0.5680444,-0.060272098,-0.6706853,0.2133261,-0.10892673,-0.031422935,0.2163069,-0.24158639,-0.22378163,0.4642664,-0.40426078,-0.66322595,-0.04534728,-0.14077929,-0.3477251,0.36046052,0.5803634,0.46222934,-0.88507813,-0.19835518,0.29183942,-0.27759373,-0.2638033,0.16130583,0.12270059,-0.31416067,-0.35617816,0.06568574,0.8377006,-1.1067909,0.31898224,-0.012562521,0.33428505,0.3558858,0.28962412,0.37087205,0.3859917,-0.39476717,0.60513234,-0.05464223,-0.39747584,-0.08869529,0.094160214,0.25152457,0.5403078,0.35399032,0.23588254,-0.03867957,-0.14744198,-0.817881,0.97942525,-0.09642181,-0.04522894,-0.030013103,-0.07182269,0.7773578,-0.40446442,-0.8846886,-0.3311855,-0.11701842,0.025707414,0.10335888,0.13046995,0.15745619,-0.045278717,-0.4664636,-0.004624296,-0.6779839,-0.15060624,0.27467024,0.21595725,0.017978083,0.3951169,0.26951104,-0.739572,0.36973396,0.34647015,-0.114918225,0.32783717,0.34887055,-0.019404275,-0.21022618,0.48859024,0.1467375,0.3113676,0.3553361,0.4127473,-0.31253797,-0.4128276,0.2161526,0.3929095,0.671263,0.63409257,0.1809208,-0.47968677,0.42074063,0.09881935,-0.081295945,-0.23964591,0.025141966,-0.27965802,-0.3391681,-0.0589026,0.32178766,0.1280767,0.59086055,0.18792446,-0.3221923,-0.018359996,-0.3891534,0.58604383,-0.5240886,-0.22451365,-0.16014548,-0.058237195,0.096232116,-0.34983408,-0.21102722,-0.08548286,0.22402295,0.24431735,0.1589965,0.35882625,0.072472446,0.009371445,0.3995883,0.24018805,0.060588185,0.13196824,-0.17405331,-0.5407493,-0.12706602,-0.84511596,-0.020965625,0.3885952,0.3644541,0.29232123,0.44176888,-0.6877046,0.071072266,0.74675363,-0.43592805,0.08583042,0.028774364,-0.60485905,0.10985338,0.07897583,0.77228075,-0.39041835,0.44904,0.18223675,-0.39639542,-0.1244441,0.030333221,-0.19457039,0.6050231,-0.16272241,-0.17228465,-0.30730006,0.41514793,0.21011074,0.15419301,0.11064479,0.05432257,-0.80498457,-0.8449391,0.41673383,-0.05174897,-0.33245572,-0.6947877,-0.16862448,-0.5342916,0.36040106,-0.26825392,0.4846701,-0.0033642661,-0.092373736,0.26304916,-0.56985015,0.24239345,0.4128536,-0.16180307,-0.41050035,0.1503687,0.20353244,-0.15496197,1.3918523,0.102750815,-0.48393798,0.52227587,0.041303698,-0.2370461,-0.10890198,-0.029611196,-0.23318647,0.27913588,0.65053076,-0.0077276714,-0.664733,-0.24245618,-0.03169945,-0.15509665,0.48720685,0.3878108,-0.2903655,-0.21526228,0.032820117,0.18161795,-0.27304104,-0.07453201,-0.09897539,-0.13330469,0.05695588,-0.22462672,-0.29441625,0.02849092,-0.33142006,0.14598882,-0.328728,-0.73737735,0.34602126,0.02194735,-0.070305355,0.029215612,0.18134633,0.009713294,-0.3001686,0.19094951,0.22769108,0.9509154,0.3951879,-0.29969484,-0.11024758,-0.16412562,0.5853103,0.25925353,-0.34084725,0.05213914,-0.46438882,0.28556105,-0.24372852,0.11538382,0.53026736,-0.0062828194,-0.042507157,-0.16800998,-0.2618425,0.30263305,0.13366467,-0.52855206,-0.059016265,-0.28644785,0.03973432,-0.15672447,-0.08572036,1.1973331,0.45133364,0.049652252,0.05222602,-0.4495013,-0.14513639,-0.30771768,0.04081388,0.10759511,-0.274345,-0.0029173633,0.3193219,-0.8070374,-0.09695175,-9.360331,-0.17932852,-0.484682,-0.3245122,0.008642633,-0.34245148,-0.2709314,0.28816888,0.2539904,0.061443973,-0.07123164,-0.1703889,0.10727433,-0.4241385,-0.2028919,0.100085326,0.43112084,0.23057033,-0.2553716,0.27116168,-0.3589268,-0.1152591,0.41128168,-0.14627159,0.6623676,-0.24945961,-0.28281087,-0.006750567,-0.06474256,-0.1912963,0.1015168,0.059806183,-0.14477767,0.90216285,-0.40544632,-0.36794865,0.41801286,-0.480416,0.031013971,-0.07658003,0.31513858,-0.5400948,-0.42245924,-0.018214189,0.8255337,-0.43596965,-0.2652792,0.53505266,-0.20600495,0.18092632,-0.17798313,-0.6520151,-0.016635394,-0.6426561,0.049125597,-0.019810185,0.1813368,1.1874756,-0.37439907,-0.29777429,0.7443445,-0.3452181,-0.3049446,-0.03874966,-0.5195217,-0.16577886,-0.68934286,-0.38831916,-0.45804387,-0.069901496,-0.44376278,0.6477384,-0.0661674,-0.9969436,0.14198802,-0.39070252,0.025399668,0.2502922,-0.26139015,-0.07190625,-0.8545983,-0.10810488,-0.093076095,0.0052160607,-0.6329184,-0.13064368,-0.06951753,-0.71969086,-0.49789932,0.43487465,-0.43443525,-0.14543596,0.27183148,0.27579147,-0.008849842,-0.44382328,0.7847505,-0.27069438,0.29148427,-0.034287523,0.6290101,0.2236969,0.7804522,-0.54492563,-0.559024,0.25825113,-0.5038479,-0.14117843,-0.007780744,-0.37900856,0.069166385,-0.12421701,-0.41880444,-0.10825567,-0.38569173,-0.09154099,0.032997698,0.2904635,-0.0627094,-0.48841718,-0.8785938,0.4581626,-0.61780435,-0.67303014,0.31648502,0.15275045,-0.06254844,0.22114378,-0.45756614,-0.52410066,-0.061066132,-0.30835545,0.32216644,-0.16195436,0.35014355,-0.6694064,-0.005854366,-0.4795886,-0.065665625,0.06691088,0.42293715,0.27586898,0.24714853,-0.16242427,0.15996222,-0.037338763,-0.005123983,0.24399528,0.084300384,0.21561255,-0.10585571,-0.90416634,0.19357681,-0.29693687,0.1730049,0.19516453,0.104406685,-0.27554289,-0.39812106,-0.68210924,0.3903851,-0.1947942,-0.14398481,0.3697677,-0.073729604,0.010291002,0.4738171,0.26887098,0.06903722,-0.7136128,-0.38253716,0.51412916,-0.15280926,0.040372554,0.17652087,0.67808914,0.45077133,-0.7224982,-0.05338364,0.66582596,0.0026863373,0.5147331,0.38654134,0.0739621,0.276188,-0.16554052,0.266016,0.395197,0.42375293,0.47065026,-0.7554476,0.61008245,-0.0971785,-0.32860366,0.24348918,-0.45293826,0.56553304,0.01803492,-0.04434546,0.5989479,-0.36554787,0.11564729,-0.43200713,0.42454728,0.09204726,0.104598634,0.24108575,0.14886536,0.4280383,0.18455404,0.3586528,-0.34756106,-0.4960536,-0.5197181,0.35142004,-0.0030563562,-0.29531687,-0.26371637,-0.33197224,-0.07762429,-0.2676586,0.25386238,0.13881862,-0.004127965,-0.6265489,0.28658488,0.22541398,-0.2537564,0.20225134,-0.1276059,0.06862724,-1.9923608,0.17477712,-0.025167814,0.1398496,-0.6757293,-0.54391855,0.13794498,-0.17754458,-0.28178895,-0.39326528,-0.5339434,-0.070595175,-1.1801753,-0.38620377,0.18958819,-0.5070335,0.15721206,-0.1311329,0.21503662,0.2585216,-0.5197811,-0.059352472,-0.48547065,0.30562925,-0.6052574,-0.44173837,-0.051280346,-0.33204225,0.09812239,-0.085240394,0.25509304,0.07022775,0.4425379,0.007917353,0.3113467,0.19958985,0.022424093,-0.022064723,-0.6092665,-0.673326,-0.04497445,-0.061727427,0.7121977,-0.3142136,-0.22165196,-0.5658727,-0.5209222,0.40366864,-0.3197746,-0.5075897,-0.14050597,0.11264328,0.44778234,0.3081625,-0.42101496,0.021535091,0.023136316,0.35427955,0.32693794,0.1391999,0.67346305,-0.5034123,0.07211308,-0.30144158,0.35788095,0.78172934,0.059484772,0.086801186,0.26513863,-0.09666119,-0.16642562,0.7594225,0.17354834,-0.08911972,0.2670355,-0.045910753,-0.055029396,-0.41146415,-0.26228267,-0.6527113,-0.103596136,0.7912744,0.79230803,-0.25726926,-0.43533474,-0.73185843,0.00152098,-0.6551086,-0.07320618,-0.19364317,0.09019647,0.72331107,-0.14191693,0.112127416,0.055479053,-0.23451501,-0.2999168,0.06063198,-0.026104502,-0.4132761,-0.25551918,-0.17127676,0.37477696,0.3486843,-0.51160806,-0.15022671,-0.17158686,-0.51424116,0.05880266,0.11576264,0.371021,-0.48366737,0.21554509,0.07335412,0.043741193,-0.28205338,0.24989635,0.3817705,0.30805436,0.19199479,0.38230637,0.34666345,0.26765248,0.13475887,-0.23388737,0.13408943,-0.32263687,-0.22001736,0.553716,0.20008399,0.27140376,0.2034006,-0.39541268,-0.19313566,0.19852197,0.37448806,0.19660763,0.15814126,0.102246925,0.35967147,-0.0072589354,0.018673265,0.091401316,-0.4715327,-0.13460203,0.2486919,-0.18442678,-0.5436468,-0.06398277,-0.5934715,-0.056764312,-0.33267236,-0.19812657,0.27863654,-0.55076015,-0.1783493,-0.20868514,-0.52541375,-0.20012924,-0.13671896,0.34642115,0.22055072,0.0033353292,0.013829622,-0.21568763,0.12127283,0.1255671,0.3575185,0.24573605,0.21847314,-0.15858555,-0.31888255,-0.39378917,0.21745557,-0.11035666,-0.048629414,0.023842465,-0.77677613,0.18518327,0.2752443,0.1388734,0.0005069256,0.38445,0.032186624,0.22180909,0.5892804,-0.38242704,-0.7562058,0.0070580225,-0.3421617,-0.39631772,0.03976231,0.22811624,0.18001272,-0.3209106,-0.024686012,-0.011312623,-0.043955877,-0.26449955,-0.25355616,0.38090193,0.5697387,0.17182228,-0.6912258,-0.27183044,-0.06256947,0.32512867,-0.058474552,0.833185,-0.41610554,-0.13785008,0.12211734,0.18526773,-0.37114483,-0.051944353,0.29736063,-0.08448758,-0.98555976,-0.74643654,-0.26943713,0.12747055,-0.61049426,-0.6295247,0.37778974,0.318935,-0.47860363,-0.7806324,-0.18812427,0.19276795,0.0,0,0,1,0,0,0,0,0,0,0,0,0,0,0,0,0,0,0,0,0,0,0,0,0.0,0.0,0.0,0.0
0.2705815,-0.45771876,0.52049303,0.21592486,0.47410816,-0.34936702,-0.29711276,0.30007097,-0.25808105,-0.16819756,-0.037793282,-0.4548108,0.29716897,0.24225003,0.2934108,0.56201035,-0.66465276,0.26577428,-0.02784792,0.07030101,0.6653685,0.16921943,0.17231293,0.06448312,0.3930293,-0.12694094,0.23443101,-0.3724327,-0.5025138,0.23450321,0.26546428,0.5881712,0.11119071,-0.26362327,-0.24952582,-0.26697034,-0.4224889,-0.19302641,0.16916119,0.59584445,-0.47406727,-0.1914754,0.5015886,0.01614179,-0.240185,0.3707613,-0.257818,-0.009176675,0.35402474,0.1339277,-0.75332093,0.22090687,-0.3258633,-0.578742,0.08455946,0.67574143,0.56897336,-0.8262893,-0.28917196,0.3930897,-0.327781,-0.32585126,-0.1106311,-0.05401833,-0.17915288,-0.3558433,-0.013791975,0.49607155,-0.91294014,0.38137814,-0.07911426,-0.08608934,-0.22881448,0.41064593,-0.32474437,-0.20415768,-0.27485073,0.94617766,0.33313844,-0.22846141,0.31458887,0.13916154,0.43489182,0.16641183,0.5628795,0.62666607,0.22833164,0.08803011,-0.819758,0.59351176,0.16225086,0.09147794,0.03516031,0.16244671,0.57154953,-0.6061032,-0.42451435,-0.3784184,-0.537884,0.20750242,0.7834346,-0.30031,-0.021460772,-0.32038108,-0.23595265,-0.16554555,-0.39917305,-0.5177038,0.29442054,0.1389733,0.09837263,0.23803039,-0.015639499,-0.5136059,-0.16560116,0.25849503,-0.20025404,0.24638249,0.3505836,-0.10716412,0.07364172,0.675139,-0.09959823,0.385207,0.17924061,0.28921202,-0.054030184,-0.17840673,0.5908281,0.535057,0.25130734,0.19888283,-0.23519045,-0.35548195,0.29610282,0.09018207,-0.035686906,-0.1457734,0.048446003,-0.020026166,-0.27118114,-0.45742312,0.26807973,-0.14951567,0.35484245,-0.045524806,-0.0007336844,-0.24577864,-0.32711056,0.36563292,-0.7024849,-0.0588924,-0.28230432,0.21164612,-0.08701928,-0.36668786,-0.25385797,0.042785946,0.32602656,-0.022392744,-0.021353917,0.093367845,-0.12117197,0.042672176,-0.09011508,-0.03773247,0.018288378,-0.12657453,0.12909111,0.05252354,0.20342752,-0.65914965,0.105973676,0.33757383,0.47416016,0.19946921,0.009794015,-0.36675316,-0.11793998,0.7042203,-0.36044678,-0.06361079,0.43149632,-0.2783053,0.33465973,-0.13210839,0.5082795,-0.3380406,0.53346944,0.108622015,-0.4010746,-0.2315407,0.13281925,-0.1152259,0.32299164,-0.62012404,-0.006485008,-0.05779831,0.14561644,-0.46745896,0.055574436,-0.14903022,-0.16944794,-0.17403363,-0.6562317,0.091403544,-0.45634773,-0.29076388,-0.49195457,-0.1845215,-0.18242861,0.41519332,-0.32565072,0.034822986,0.0380794,0.2761933,-0.21491112,0.13143167,-0.123877734,0.1306179,0.3214535,-0.032645058,0.14684953,0.09596957,-0.016937684,1.444492,0.123631954,-0.6751879,0.25816882,0.19957298,-0.21043882,0.10146495,0.28333032,-0.46714944,0.5085032,0.17792767,-0.33667603,-0.20678024,0.21209927,-0.007811955,-0.30723435,0.30385843,0.24780855,0.08875819,-0.29304993,0.036985267,0.17206013,0.045918718,-0.22406992,-0.22296321,0.014659591,0.026574373,-0.5603185,-0.11583331,-0.080336936,-0.123256885,0.15303296,-0.59932727,-0.37369156,0.3243009,0.27733737,0.09729559,0.21701875,0.22881739,0.6482595,-0.6354899,0.13067959,-0.057282105,0.6606238,0.10730916,0.23429883,-0.024765788,0.30677634,0.72741914,-0.03862335,-0.68257886,-0.11209236,0.22397986,0.16784857,0.1617738,0.14805782,0.37786445,-0.23632842,0.056998406,-0.07526989,-0.11295878,0.285049,0.37219948,-0.07439355,0.11354116,-0.21231644,-0.09492301,-0.5114511,-0.12449615,0.75366807,0.6151282,0.048474453,0.23361914,-0.58169025,-0.14281112,0.07042647,0.28571254,0.22317185,-0.08545252,-0.40478882,0.19841754,-0.26433516,-0.506303,-10.81586,-0.8145965,-0.027920363,-0.230483,0.0134809045,-0.33457017,0.40065953,-0.1175811,-0.05231047,-0.1779311,0.121186934,-0.05126529,-0.1326309,-0.3545824,-0.18616205,0.4117152,0.4263788,0.17102875,-0.034999527,0.43700093,-0.5701493,-0.1746106,-0.0051108617,0.06453079,0.20193104,-0.3462167,-0.39095175,0.21335405,-2.6981235e-05,-0.22887339,-0.0476636,0.14136183,-0.08799135,1.0560056,-0.2129907,-0.21294281,0.010933168,-0.48480102,-0.32760656,-0.09656785,0.14848065,-0.1334818,-0.3074991,-0.015529248,0.73228526,-0.7644618,0.030473243,0.39267644,0.048013367,-0.39483297,-0.19190225,-0.2287661,-0.06561469,-0.41454017,-0.184018,-0.10826652,0.050723616,1.0785851,-0.3073098,-0.12431481,0.39259627,-0.30132067,-0.010052842,-0.29689065,-0.22405228,-0.008449772,-0.95239943,-0.47996715,-0.4736669,-0.3160903,-0.24811836,0.34349248,-0.23907124,-1.3530002,-0.23733303,-0.03206615,0.45287693,0.32950947,-0.3725277,-0.44819745,-1.0525867,-0.1941437,0.07974085,-0.28678071,-0.23232801,-0.7246727,0.045841638,-0.76501733,-0.6716682,-0.027154593,-0.24826036,-0.2639383,0.37467888,0.13114579,0.15425858,-0.2636823,0.2736152,-0.033329017,-0.033663265,0.40216324,0.23611607,-0.08432888,0.341135,-0.40385514,-0.49256015,0.15535904,-0.23984346,0.24393654,0.091624156,-0.12204362,0.09194956,0.3936204,-0.27677944,-0.08433175,-0.039007917,-0.050379824,0.12574558,0.41666073,0.10542853,-0.44052586,-0.18686582,0.2653059,-0.38913116,-0.3848144,0.31050128,-0.03338,-0.0068358337,0.023884958,-0.15090884,-0.5708656,-0.15893236,-0.1200693,0.004239684,0.072036944,0.40791595,-0.40894783,0.042863283,-0.4394691,-0.14431953,-0.20157446,0.06870979,0.24492851,0.3379612,0.012624652,0.049559575,-0.02914405,0.14421803,0.3443601,0.07043744,-0.009351126,-0.71989554,-0.8486605,-0.114299014,0.0015021648,-0.012435982,-0.087886006,0.23399729,-0.017901108,-0.24769983,-0.4935115,0.07107167,0.078613736,-0.22881985,-0.05279444,-0.0032787689,-0.086281024,-0.047388133,0.5049906,-0.17162253,-0.7021465,-0.21071184,0.47440434,0.37322244,-0.21351519,0.012550174,0.2058261,0.257565,-0.0069801495,-0.40634957,0.9270885,-0.02029171,0.53167325,-0.1691915,0.20136532,0.6953592,0.329677,0.43919834,0.30178398,0.33535427,0.61919415,-0.90741295,0.8216916,-0.0746273,-0.7060526,0.091298684,-0.56334394,0.78994805,-0.2656943,-0.12858206,-0.26458302,-0.6013078,0.27469197,-0.8793647,0.31298086,-0.24514103,-0.15025921,0.17701639,0.44470415,0.46868965,-0.00014112382,-0.2803942,-0.47782937,-0.3756869,-0.30919018,0.2612343,-0.31193507,-0.49272007,-0.5080234,-0.77285165,0.43550205,-0.2605305,0.071773835,0.096794024,0.31543785,-0.1815193,0.120663345,0.5091059,0.08315467,-0.34288424,-0.13526513,-0.051934782,-1.3980882,0.1776052,0.2734451,-0.14623916,0.14141068,-0.36880532,0.074918896,0.106968835,0.07302507,-0.5657454,-0.8982708,-0.06344055,-0.8285774,-0.5567034,-0.18274403,-0.4359235,0.65125585,-0.20229763,-0.4039771,0.24705374,-0.1329366,-0.22948755,-0.3236739,0.07749712,-0.24875817,0.058368873,-0.5267594,-0.48846942,-0.019783348,-0.253307,0.3568409,-0.15161294,0.06579921,0.22743039,0.0029760282,0.15559626,-0.17933539,0.07710994,-0.61785835,-0.47733814,0.0612051,0.03641584,0.2961432,-0.36681148,-0.37873352,-0.19097076,-0.3447394,0.05281767,-0.07098817,-0.3170469,-0.108244136,0.37312382,0.049982842,0.51899576,-0.24062715,-0.1631546,0.17084584,0.42506686,-0.02129177,0.379144,0.31039837,-0.5371302,0.07287679,-0.087221935,0.49517933,0.28136745,-0.3565561,0.28356734,0.3608696,0.27610624,-0.1436343,0.8236252,0.13209048,0.03366956,0.3023075,0.012381025,-0.23865087,-0.2694925,-0.70930153,-0.33419368,-0.29474556,0.6060775,0.74512815,-0.42588982,-0.14289601,-0.79663706,-0.24388796,-0.023252957,-0.026224794,-0.33975264,0.47965944,0.39175418,-0.16213506,0.1033705,0.2603866,0.04619162,-0.41478017,0.19174619,0.2530505,-0.35801017,0.32337248,-0.20154959,0.5579986,0.22454438,-0.2417694,0.01964736,0.1027732,-0.1707421,-0.0064425655,0.3474151,0.316255,-0.12019058,0.11787834,-0.043116722,0.15778935,-0.23313801,0.6359978,0.14503749,0.40451813,0.08311426,0.08905585,0.12143408,0.07407228,0.2694269,-0.13411593,0.04699164,0.3244961,0.048655882,0.49837363,0.073830925,0.36376485,-0.01520392,-0.8352797,-0.49352548,0.14768952,0.4377197,0.23355302,0.29152867,0.08514541,0.29350492,0.21507125,0.19986403,-0.18570507,0.036165304,0.038070343,-0.08961176,-0.27667472,0.16906781,0.31064534,-0.0788442,-0.03600483,-0.46467015,0.25376552,-0.10171116,-0.30224755,-0.2598191,0.2409565,-0.017869271,-0.6262719,-0.48747593,0.47228187,0.27710226,0.0068900194,-0.17510818,-0.09018408,0.20671362,0.044898216,8.910656e-05,0.24688482,0.11175783,-0.29659173,-0.21505484,-0.14678651,0.045458004,-0.058744136,-0.3416865,-0.06259569,-0.96791005,-0.057073783,0.3780034,0.021534823,-0.034137614,0.30203134,-0.14467214,0.25038463,0.27266943,-0.033427373,-0.3434877,0.097238444,-0.2525717,-0.51983744,0.10428806,-0.13887204,0.122263156,-0.45873204,-0.004111709,-0.026687223,0.22645468,-0.051019944,-0.44029954,0.3664658,0.3826904,0.07047718,-0.60976267,0.018812817,0.053221382,0.56304324,0.06975854,0.45689,-0.22511174,0.28507626,0.20559782,-0.119047105,0.008163472,0.18910404,0.23026113,-0.25906885,-0.51325667,-0.3071087,-0.29827207,0.11204329,-0.301711,-0.5249547,0.38143244,0.17503618,-0.19806087,-0.4917067,0.15573895,0.11694353,0.0,0,0,1,0,0,0,0,0,0,0,0,0,0,0,1,0,0,0,0,0,0,0,0,0.0,0.0,0.0,0.0
0.11782354,-0.51711786,0.82083917,0.015971815,-0.15398905,-0.27222106,0.060042623,0.29290944,-0.16307577,0.06639037,-0.06827616,-0.63841265,0.20037685,0.23358181,0.22942878,0.37389943,-0.56975824,0.08004343,0.043940254,-0.20633276,0.5361888,0.055213414,0.17040476,-0.0021544718,0.25440198,-0.12136844,0.0577716,-0.20281401,-0.4904781,0.42622456,0.45386466,0.2613395,0.19154376,-0.29287457,-0.17278734,-0.44412938,-0.18637875,-0.27258015,0.24286443,0.23509198,-0.55941224,-0.6906499,0.5884103,-0.060280856,-0.42080775,0.19230509,0.05384829,0.060317617,0.55928046,-0.08867996,-0.34734753,0.25514734,-0.33352432,-0.3315762,0.22108077,0.70926756,0.40925175,-0.82227224,-0.46558955,-0.0019524285,-0.28518635,-0.7283649,-0.22454505,0.03854269,-0.38765788,-0.5692137,-0.040019825,0.21261317,-0.838501,0.41144073,-0.06822572,-0.18377618,0.08943255,0.19923626,-0.100335166,-0.32859355,-0.16266905,1.0276058,0.3151328,-0.23279995,0.1867528,0.19849144,0.1869348,0.3764612,0.47975463,0.18274948,0.26705766,-0.021367855,-0.51586074,0.7869099,0.10225955,-0.40018412,0.074787036,-0.112873174,0.37830326,-0.37544698,-0.40774164,-0.14898232,-0.32952744,0.13107254,0.39038518,-0.2905846,0.035951268,-0.11647292,-0.08967123,-0.077808864,-0.2785323,-0.21819392,0.27818182,-0.06072692,-0.008446685,0.16337733,0.08029736,0.04712433,-0.12819064,-0.042475425,-0.046627056,-0.06791131,-0.009993088,-0.30223754,-0.3190384,0.4375038,0.23214334,0.20237581,0.0072634923,0.2750202,-0.23097551,0.07893102,0.13359268,0.52730674,0.283778,0.35828084,-0.1929217,-0.55618304,0.11341988,0.37182233,0.05269541,-0.39602485,0.2983309,0.20361702,-0.1673235,-0.14988703,0.33568653,0.13298006,0.25762743,-0.18706432,-0.24141707,-0.17625898,-0.4405068,0.023494143,-0.4699768,-0.3616498,-0.040609132,-0.072864816,-0.22928117,-0.32537147,-0.24733073,-0.029219374,-0.011316148,0.4186645,0.20313935,-0.020481842,-0.09084968,0.016836492,0.011042123,-0.06219059,-0.121778384,-0.025546338,0.043722343,-0.48153335,0.4001714,-0.40228093,0.16678259,0.14414923,0.7320556,-0.04609146,-0.03675191,-0.38836116,-0.19073586,0.7959335,-0.327085,0.2639826,0.21067676,0.07274118,0.47169852,-0.5411777,0.2869162,-0.18925375,0.33318427,0.11972815,-0.36806068,-0.060829345,0.24687412,-0.28498945,0.05942504,-0.7019086,0.07565325,-0.15345342,0.27262974,0.061193164,0.053354923,0.13022366,-0.16625862,-0.27145016,-0.6693085,0.3221433,-0.15434839,0.039608814,-0.31858274,-0.10107927,-0.17133617,0.11769702,-0.14710823,0.07415526,-0.052842975,-0.030608052,-0.01113456,-0.10672721,-0.53418535,0.024241734,-0.052534714,0.20867334,-0.06814176,0.1219728,-0.018165,1.2562215,0.2735339,-0.7405281,0.4771475,-0.13979582,0.1882513,-0.06601547,-0.073028944,-0.06904813,0.2818033,0.33926287,-0.08638216,-0.12759922,-0.16559894,-0.21396822,-0.18031159,0.49255645,0.26567516,-0.06720888,-0.36630496,-0.027691944,0.05775593,-0.22376329,-0.32072556,-0.1494308,-0.24119286,-0.105116,-0.47029942,0.21256278,-0.22565009,-0.19430012,0.4397163,-0.7713151,-0.11408325,-0.015568536,0.06334853,-0.09054933,0.4474643,0.2099271,0.26009592,-0.2980767,-0.01303367,0.17283748,0.40154412,0.02381633,0.1237959,0.019686509,0.2675223,0.5549204,-0.14647274,-0.20463222,0.25970608,-0.11146602,0.20035663,-0.19404638,0.24078582,0.45067272,-0.20816325,0.007665806,-0.005894567,-0.11487809,0.32580283,0.75411415,0.13822824,-0.020033078,-0.035695862,-0.04689828,-0.060980458,-0.06717889,0.5085249,0.18195243,0.10539904,0.2478969,-0.56915534,-0.3058856,0.009095451,-0.082377255,0.29023784,-0.1435217,-0.30075547,-0.06029893,-0.32503507,-0.521156,-12.424137,-0.49267605,-0.009156824,-0.30571342,0.3243726,-0.34423324,0.13008927,0.13263835,-0.10551937,-0.17111777,-0.09570056,-0.13847224,0.33152416,-0.40595186,-0.080655135,0.03639187,0.36403584,0.019004364,0.01295485,0.21795894,-0.289957,-0.19375488,0.16898143,-0.015446194,0.38377327,-0.46965513,-0.3958671,0.12065182,-0.04202783,0.09390099,0.053416952,-0.09191082,-0.054699488,0.98986953,-0.4975541,-0.14466015,-0.03804663,-0.39681095,-0.23051922,-0.1928292,0.46893185,-0.26189092,-0.25494057,0.20688882,0.38373357,-0.5686286,-0.034910038,-0.09347147,0.04053305,-0.14325084,-0.14986047,-0.029265972,-0.2888003,-0.48524112,-0.038573425,-0.22846939,-0.07848924,0.95971674,0.047174234,-0.21497153,0.19770247,-0.17673454,-0.32327756,-0.25850117,-0.3184507,0.14230396,-0.6316571,-0.3311462,-0.08351851,-0.35951814,-0.18415381,0.15971369,-0.24332196,-1.2287278,-0.23741835,0.0061225416,0.4556246,0.4127321,-0.108257286,-0.32567155,-0.7327045,-0.182724,0.24167676,0.0038508745,-0.171556,-0.52627665,0.049489044,-0.67983484,-0.395333,0.15704656,-0.41179654,-0.17474088,0.14700653,0.224442,0.17749846,-0.24197045,0.17826156,-0.028762417,-0.035707217,0.66665184,0.34163254,0.07765127,0.28252977,-0.37576216,-0.32975414,0.34331363,-0.1817385,0.49107084,0.20070206,0.0397934,-0.1099625,0.20863642,-0.38319913,-0.037944105,-0.1181191,-0.30492446,0.049722753,0.2948697,0.036373127,-0.56393987,0.21912867,-0.10081801,-0.5011712,-0.26691422,0.11060119,0.03529273,-0.20030396,0.06733011,0.0015539303,-0.26225144,-0.14247122,-0.46542844,-0.24115303,0.30306324,0.29468524,-0.22740118,0.10840712,-0.22502095,0.14024559,-0.41656372,0.026107542,0.38568988,0.33343047,0.026046531,0.32106736,0.06836405,0.119190045,-0.030083818,0.25304672,-0.09357358,-0.3061077,-0.87812066,0.07696967,-0.110658504,0.088901184,0.0338956,0.2631112,-0.37869278,-0.3766862,-0.5996873,-0.014436496,-0.20000403,-0.08181112,0.112568706,-0.20165662,-0.05358836,0.17420082,0.44795063,0.033742797,-0.51398855,-0.21539547,0.7312314,0.0989437,0.06996173,0.08846465,0.076319166,0.34021434,-0.22684756,-0.06200778,1.0316731,0.30104613,0.48542604,-0.27553484,0.42468658,0.34472042,0.34472507,0.35437724,0.14864324,0.21509609,0.40182778,-0.7507174,0.6800829,0.07690046,-0.54606724,-0.09041435,-0.50447816,0.7450883,-0.105710946,-0.00041424483,0.4211993,-0.43769246,0.27221784,-0.6106962,0.10395203,0.28333852,-0.120139435,-0.16993672,0.5646917,0.31006575,-0.21101,-0.15959424,-0.4126516,-0.25045642,-0.16450165,0.45935237,-0.7250815,-0.7361186,-0.09382948,-0.46626455,0.2179119,-0.057955317,-0.11782765,-0.03465503,0.10445565,-0.22659753,0.071754724,0.19623901,-0.054598924,-0.45255592,-0.34445083,-0.25057545,-1.1900585,0.382527,0.40044507,-0.25813,-0.2259258,-0.14551955,0.24019966,-0.06586478,0.20162101,-0.506854,-0.8989235,0.046753746,-0.95374125,-0.34745464,0.06666778,-0.49085724,0.55316794,-0.29772893,-0.13103636,0.036764417,-0.080905244,-0.2703754,-0.22904453,0.26182982,-0.45330182,-0.11671284,-0.23472157,-0.3389158,0.009565742,-0.1688388,0.39644954,-0.2546355,-0.09701613,0.35729787,0.035838287,0.107434854,0.17758131,-0.11977035,-0.37025574,-0.36499158,-0.06811214,-0.03884959,-0.048750207,-0.2539337,-0.5431211,-0.17733222,-0.21348047,0.08589989,-0.0077781663,-0.14817053,-0.22328697,-0.10180732,0.26486963,0.5919642,-0.11699013,-0.25638142,0.14140356,0.3439005,0.15318047,0.29183507,0.16460802,-0.75592005,0.13300301,0.120219275,0.32026184,0.33601838,-0.20479837,0.23882312,0.3466586,0.21127392,-0.3424812,0.4418701,0.30052352,-0.14304447,0.22467679,-0.058729466,0.17038687,-0.1457063,-0.24445657,0.28439674,-0.10132055,0.516642,0.85017073,-0.07636117,-0.05682603,-0.5769467,0.008800367,-0.2987296,0.09458032,-0.2422455,0.66265535,0.64233035,-0.3559109,-0.18817505,0.08805084,0.13034724,-0.24164063,0.30685353,0.26081434,-0.15941028,0.21950853,-0.030999497,0.57282317,-0.15546474,-0.36992368,-0.027286949,-0.20927484,-0.15315586,0.23342603,0.47444484,0.33749747,-0.16492176,0.335187,0.11840313,-0.2562203,-0.14606284,0.5723439,0.36075297,0.46427628,-0.12734228,0.15000363,0.06701113,-0.3871074,0.6993904,-0.249304,-0.016363464,0.63757336,0.4683278,0.5780097,0.20545088,0.15829194,-0.40011552,-0.5523592,-0.4341173,-0.069807865,0.11048627,0.12887248,0.20846169,-0.0026952294,0.503565,0.1930623,0.1948935,0.31809282,-0.10805443,0.10414375,-0.086250775,-0.23311692,-0.015897088,0.16247416,-0.06359401,-0.06714616,-0.31682134,0.16832338,-0.086822614,-0.5196019,-0.2049109,0.012587747,0.11235917,-0.7553878,-0.6562193,-0.023208627,0.25512624,-0.2254829,-0.08094885,-0.33373478,0.046633583,-0.13015264,0.032805797,0.26564875,0.28186697,-0.30588353,-0.3741272,-0.22227508,0.5195344,-0.09224213,-0.06669549,0.14937358,-0.72396845,-0.19491401,0.5694554,0.22337683,0.059239313,0.24902311,-0.43496296,0.23071307,0.27817294,-0.46858487,-0.2521557,-0.124758966,-0.43509865,-0.58104163,-0.1454501,-0.047522515,-0.18195668,-0.6302619,0.12519407,-0.15357874,0.31779924,-0.27830845,-0.43620774,0.4020653,0.32257056,0.08456584,-0.52690554,0.15914342,-0.22863735,0.37420234,0.26546136,0.21521822,0.07558843,0.019167878,0.41227043,-0.050792083,0.13270888,-0.010681493,0.14288805,0.13615005,-0.51452106,-0.2041443,-0.43629587,0.11848623,-0.010503398,-0.31814092,0.22590084,0.1491068,-0.3542471,-0.31060866,-0.07874661,0.11616329,0.0,0,0,1,0,0,0,0,0,0,0,0,0,0,0,1,0,0,0,0,0,0,0,0,0.0,0.0,0.0,0.0
-0.96397746,-0.43185797,0.75134164,0.13175307,-0.12586963,-0.0738096,-0.20281868,-0.023796385,-0.37026015,-0.019451337,0.47179335,-0.35329264,0.46755305,0.3857626,-0.6392101,0.44154721,0.1619821,-0.34796235,0.13414982,-0.3913728,0.14677778,-0.011148571,0.3318194,0.1922304,-0.12808742,0.013932824,0.0688245,-0.1643518,-0.86132413,0.018423222,0.18403634,0.36662582,-0.14658503,-0.22169453,-0.29532737,-0.12465464,-0.38759163,-0.24590766,-0.056940295,0.34051743,-0.0789232,0.06976305,0.45066577,-0.35688034,-0.48363075,0.0761439,0.30885693,-0.08630569,0.36265337,-0.42281052,-0.38567746,-0.084932014,-0.3253824,-0.5815076,-0.0040387814,-0.1701829,0.07531409,-0.24685654,-0.21997975,0.10720453,-0.08266625,-0.39953467,-0.007529849,-0.42288873,-0.21357599,0.08706883,0.1894914,0.07433884,-0.21786633,0.15571752,0.055341665,-0.020462625,0.13426179,0.06669359,-0.30470333,-0.60408497,-0.49498215,0.52765447,-0.06446186,0.4094597,0.101918526,0.4013838,0.026963381,0.0044459575,0.26703715,0.26062164,0.19040537,0.109294936,-0.32462993,0.63262165,0.3957667,-0.14397085,0.39294815,-0.3948933,-0.006844883,-0.32480678,-0.5181215,-0.22478512,0.065789424,0.3774639,0.2204496,-0.5269858,-0.18645878,0.29860437,-0.18424103,0.013068762,-0.27827632,0.63377535,0.085536115,0.002802005,-0.03924688,0.27529287,-0.105873175,-0.6391264,-0.39564273,0.068663314,0.013478753,0.025164096,0.31748977,-0.0012998058,-0.6412073,0.3802246,0.47605732,0.27616763,-0.13246243,0.08610406,0.5484273,-0.070883274,0.34107885,0.18192978,-0.4643974,0.4310101,0.08812514,0.1533678,0.29704076,-0.22474541,0.11987414,-0.23370776,-0.79803437,-0.07782943,-0.6625113,-0.4109588,0.022851083,0.31536692,0.0055055125,-0.3094239,-0.18771408,-0.1971898,-0.25428903,0.3737049,-0.19926697,-0.3895422,-0.8693472,0.10305979,-0.40616414,-0.36553752,-0.39830968,-0.0806944,-0.080025434,0.76550555,0.38507447,-0.11594272,0.23830439,0.31470406,0.047523316,-0.21924284,0.23279601,0.29317552,0.23102574,-0.029891128,0.24301405,-0.3432684,-0.18497697,0.122570775,0.4277435,-0.19135381,-0.07930735,0.05687324,-0.20877427,0.57321393,-0.54890424,-0.031744957,0.17612062,0.35503852,0.3783569,0.30208182,0.35092187,0.034264423,1.0538882,0.28486037,0.012380258,0.47043908,0.2040928,-0.4017309,0.49847367,-0.74442667,-0.07857558,-0.88131434,0.08655982,0.33378804,0.40473425,0.3015374,0.0735523,-0.23789848,0.11227465,0.1366525,0.016260162,0.024589172,-0.44926864,0.2847772,-0.537128,0.6272642,-0.47748822,0.10808385,0.51357096,-0.025903167,-0.004906693,-0.27304405,0.18280494,-0.28753048,-0.3239897,-0.48998466,-0.04337451,0.55489445,-0.55116755,0.89657325,0.049127225,-0.374815,0.40569964,-0.15940402,-0.27159512,-0.3641344,0.42444852,-0.12500754,0.24055576,0.15693702,-0.17703623,0.057264537,-0.21194391,-0.24011809,-0.09929286,0.14606692,0.92818934,-0.0070223273,-0.19970603,0.026272163,0.0025560474,-0.11751443,-0.25492278,-0.15497553,-0.6362062,-0.35317084,0.059705764,-0.005332744,-0.46716693,-0.36158615,0.4307957,-0.21545172,-0.31932282,-0.1742276,0.34956357,-0.33126163,-0.41358757,0.39865467,0.5088841,0.0039527984,0.18228722,0.32249448,0.4796775,-0.19495346,-0.08738336,-0.29227927,0.7636268,0.6480405,0.00903671,0.043499622,0.50118506,0.39554024,-0.38029125,-0.68829024,0.28197512,0.41517887,0.34717736,0.21548796,0.096851446,0.19057967,0.5366283,-0.42887455,0.16646793,-0.5940634,0.12591742,-0.15250872,-0.09736922,-0.19394743,0.50130045,0.33531144,-0.5845602,0.49033237,-0.44226825,-0.21871817,0.03160548,-0.012040386,-0.23197925,0.12156589,-0.027510686,-0.82535255,-0.28390014,0.4334692,-11.268213,-0.47764903,-0.009149195,0.30779514,-0.20976293,-0.030677369,0.015034685,0.32957366,0.12907675,-0.3367439,-0.21393399,-0.48023522,-0.19685344,-0.02629483,0.27100357,-0.28213787,0.4502634,-0.32501397,0.30000567,0.37220693,-0.12130386,-1.1906925,0.35452366,-0.06267633,0.22621277,-0.04485242,0.22713204,0.3021582,-0.1637967,-0.07616204,-0.26497164,-0.25411233,0.05739626,0.62978506,0.017744577,-0.006918451,0.07840335,-0.10285954,-0.13959113,-0.5743903,0.09282466,-0.40793502,0.083828785,0.16362272,0.7381786,-0.5478118,0.078966804,-0.14117098,-0.12662457,-0.13696688,-0.1914989,-0.5363345,-0.095805235,-0.7809797,-0.15011144,-0.05531722,0.23362555,0.42351314,0.20421156,-0.03778499,-0.30981928,-0.08676515,-0.14370741,-0.027946852,-0.05961922,0.38113728,0.024062525,-0.20677353,-0.25876877,0.24960777,0.36930737,0.29120162,0.28644687,-1.5872303,-0.38435555,0.10101884,-0.30352318,0.3455867,-0.30025342,0.49935612,-0.5703085,-0.8209412,0.48109323,-0.38558686,-0.094117165,0.17476568,0.4606884,-0.35382316,0.04835544,-0.065956965,-0.14400682,-0.35971195,0.15137048,0.328661,0.24312413,-0.22433333,0.4633027,-0.22259565,0.24095687,0.30561566,0.5559553,0.6007479,0.23264511,-0.024177108,-0.24064289,0.22270769,-0.11398936,-0.17826681,-0.1373671,-0.06214171,-0.093578346,-0.52846795,-0.029825889,-0.3578442,-0.033264995,0.11475249,0.33116192,0.11504255,-0.1794727,-0.11708981,-0.40691814,0.06245945,-0.42608956,-0.51759094,-0.18805121,0.06909526,-0.6845711,0.28233942,-0.16837823,0.30457315,-0.32574773,-0.0013809147,-0.21871431,0.28549683,0.26369572,-0.01048446,0.41418907,-0.52502084,0.45385006,-0.22026932,0.36336273,0.62031674,0.032851323,0.39826974,-0.06203398,0.08743964,0.5042257,-0.2789254,-0.06121126,0.3315558,-0.016176682,-0.9947414,0.49659938,0.26302373,-0.055741236,0.07895268,0.25435773,-0.7097546,-0.28661013,-0.1926608,0.12286588,0.028215522,0.32655743,-0.3006605,-0.110957116,-0.24273723,-0.14803517,-0.057133403,0.43836147,0.10508613,-0.17473754,0.10681206,-0.31368706,0.5290825,0.093275346,-0.054595858,-0.2639648,-0.08876702,0.013132896,0.5034997,-0.020562008,0.33381096,0.32941827,0.17669803,0.72506505,0.1313461,0.18926312,0.05299664,0.28693345,0.46405584,-0.3511648,-0.051674083,-0.35492492,-0.5463711,0.42562434,-0.6725209,0.7773282,0.18085636,-0.12086348,0.85659105,-0.15078637,0.3587813,-0.018024445,-0.30344522,-0.08533631,0.06598015,0.2361907,0.5854249,0.25834408,-0.25061086,-0.31847864,-0.21517155,-0.5398005,-0.019410469,0.08639663,-0.22594777,0.0029303124,0.07798322,-0.9903164,0.068551734,-0.19683665,0.042797588,-0.102311365,0.14393865,0.17219055,-0.3154226,0.113010444,-0.33819214,-0.5176556,-0.0603009,0.0020100118,-1.0707108,0.9654388,-0.11682916,-0.3808697,-0.14638071,0.14744174,-0.26600677,-0.51728004,-0.17618895,-0.8869133,-0.5588444,-0.2778909,-0.37963146,0.23955126,0.5496204,0.3234197,0.338335,-0.20298176,-0.0066786767,0.4071286,0.20592068,-0.37156844,-0.28396398,-0.26373416,-0.7047955,0.055053506,-0.18695906,0.10764239,0.2618955,-0.7722979,0.02433391,0.17850962,-0.38103488,-0.41586912,0.33954185,0.121193446,0.42609394,-0.55804855,0.29823807,-0.10504569,-0.48033357,-0.17867054,0.036374167,0.18154901,-0.23887014,-0.5741248,-0.12091694,0.04205648,-0.21163878,-0.2326302,-0.5885712,0.18912724,0.032241456,-0.28860947,-0.32342485,-0.30114186,0.38961318,0.20465079,0.3342007,0.16117081,-0.03198976,-0.7257249,-0.06205383,0.15980041,0.34934792,0.20059226,-0.3747189,-0.11830425,0.5386774,-0.24518621,0.07415914,0.7473114,0.18759543,-0.31894454,0.5029476,0.46050307,-0.031037143,-0.29552296,0.32101116,0.13940632,0.09413492,0.29090407,0.11914461,-0.07821122,-0.5128917,-0.1078045,-0.041133184,-0.34789288,0.31162313,0.021289272,-0.06961847,0.23697825,-0.57905763,-0.24926123,0.7165721,0.13592723,-0.33966652,-0.2885923,0.14501573,0.014308878,0.031247793,-0.40272194,-0.24324839,-0.124583505,-0.1978763,-0.3167758,-0.010601941,-0.1254604,0.22834383,0.602109,0.3739788,0.114221364,-0.21989784,0.6090974,-0.10289874,-0.112961724,0.09540899,0.6572688,0.4694947,0.4355896,-0.35679084,0.122875065,0.24855115,0.48921195,-0.08923507,-0.6111071,0.25915557,-0.048266117,0.9000663,0.7774844,-0.21670292,0.06898075,-0.52373594,0.21762468,0.1823401,0.14736842,-0.44301137,-0.08927147,-0.40361243,0.38124564,-0.35300004,0.075609006,-0.14551884,-0.27787906,-0.20916012,-0.17262281,0.10195569,-0.6968165,0.08484415,0.07068237,0.10009044,-0.4271735,-0.33470225,0.17035007,-0.3783869,-0.26437825,-0.24558002,0.32508042,-0.2008831,-0.010421258,-0.43721595,0.06669485,-0.054893006,0.48977047,0.21859053,-0.039213058,0.45934886,0.47697234,0.050776914,0.22779556,-0.24391168,0.14049187,-0.18167469,-0.05852468,0.059657577,-0.46386066,0.25426668,-0.29186416,-0.19023055,0.37131536,0.8166037,-0.009558011,0.49781677,-0.027435252,0.049989,0.14146022,-0.5015895,-0.3221324,-0.5284666,-0.65918875,-0.5926942,-0.20405199,-0.36054552,-0.25856942,-0.7250342,-0.41921765,-0.0027293735,-0.13142431,-0.5500847,0.2602985,-0.073244065,1.0187436,-0.29593456,-0.31843764,0.41540346,-0.21352443,-0.6002217,-0.3800986,-0.0072409064,0.008234239,-0.2090037,0.1289103,0.13360462,0.34315357,-0.11508891,-0.2705015,0.24585424,0.065993994,-0.40689307,-0.10600059,0.044062898,0.571252,0.10196395,0.072985195,0.39780766,-0.051834077,-0.61998045,0.22527733,0.13795954,0.2,0,0,0,0,0,0,0,0,0,3,1,2,0,0,2,0,0,0,1,1,0,0,0,-0.2,0.0,0.0,0.5
0.7324842,0.13330652,0.642994,-0.050288733,0.45389667,-0.12182524,0.117682226,0.67310107,-0.53145623,-0.3069045,-0.12545885,-0.13883704,-0.12628455,0.51617795,0.0106242,0.90897566,-0.14821902,0.69732565,-0.05523954,0.4177528,0.49739665,0.2316909,0.04921017,-0.047287714,0.43904305,0.23147206,-0.0674254,-0.17267308,-0.5979046,-0.0267818,0.42885113,-0.036851306,0.08516817,-0.3215579,-0.49968514,-0.56965387,-0.24578999,-0.07776368,0.5355401,0.40858832,0.022639222,-0.6445983,0.1717567,0.09619952,-0.105049506,0.054628324,-0.07496726,-0.25907615,0.5188982,-0.7988259,-0.86602134,0.27436697,0.12784402,-0.5559104,0.16551712,0.2993107,0.45029998,-0.37458476,-0.30823052,-0.13334133,-0.44845948,-0.20742817,0.23082003,0.22643967,-0.62824106,-0.45858443,0.028754015,0.39784244,-1.109107,-0.08955018,0.3117426,-0.009957459,0.5129533,0.37641895,-0.120486155,0.21979368,-0.3423428,0.42374152,0.14756782,-0.31909612,-0.017188845,0.29110423,0.5790331,0.39838862,0.5176097,0.14658251,-0.075904325,-0.07902288,-0.73313665,0.6943975,-0.12386768,-0.020154571,0.025814734,0.00029589617,0.87372184,-0.456077,-0.33347577,-0.23154154,-0.20659977,-0.05509811,0.50732815,-0.76133573,0.2929171,-0.42644134,-0.26220644,0.17003246,-0.31935605,0.10221323,0.50889045,0.20799857,0.2806571,-0.0013107605,-0.07712037,-0.4276863,0.42582336,0.31936228,-0.2785298,0.6623963,0.05404897,-0.23532705,-0.3512596,0.18960494,0.19836628,0.16253957,0.41287482,0.0685097,-0.076773375,-0.13417065,-0.3062558,0.33932808,0.90649134,0.6010681,-0.22153296,-0.32096767,-0.080771305,0.16846566,0.045914695,0.11349934,0.2684799,-0.33740652,-0.20759732,-0.29108477,0.27870995,0.20884624,0.727957,-0.4711285,-0.3821406,0.12145254,-0.1455039,0.27022243,-0.093593076,0.13837849,-0.28269655,-0.37364995,0.13621068,-0.44855762,-0.47775146,-0.0040030857,0.3416846,0.59886235,0.15607761,-0.33371514,0.091273785,0.030539041,0.036434546,-0.16029468,0.41742957,0.44368795,-0.38417733,-0.32163072,0.030672284,-1.0314612,0.5902658,0.28757036,0.7914535,0.5357471,0.20940061,-0.43864015,0.13001536,1.2704543,-0.45525274,-0.15942465,0.37781584,-0.56391805,0.20754322,-0.37454262,0.89525354,-0.68048936,0.5250891,0.20519514,-0.4617115,-0.29978362,0.11971428,-0.2420743,0.61918366,-0.37884736,-0.25008893,-0.5135201,0.48593175,-0.13870369,0.06292193,0.13419256,0.09585681,-0.48761916,-0.71620834,0.81233466,-0.018177256,-0.22663696,-0.76844656,-0.04375615,-0.4289361,0.4604129,-0.09408097,0.20237784,-0.30247527,-0.024169974,-0.005281995,-0.14617945,0.027545858,0.27313438,-0.4891778,-0.75995046,-0.21961892,-0.15713888,-0.241903,1.3169445,0.19220422,-0.77991605,0.8795804,0.096996784,0.064362764,-0.100333974,-0.025774632,-0.2882645,0.26939884,0.71627593,0.10668379,-0.65191346,-0.05324285,0.6529144,-0.70442057,0.31925714,0.31480065,-0.12014838,-0.10816454,0.41416526,-0.034048423,-0.62564003,-0.15835239,0.40330815,-0.3519502,0.04177105,0.10652158,-0.30081424,-0.034224883,-0.28480512,0.07246449,-0.21763699,-0.33646077,0.08668212,0.025793053,-0.07978269,0.3334934,-0.2671892,0.15725514,-0.3355589,-0.20207058,0.3904954,0.6319931,0.424404,-0.37007385,-0.110349186,0.18472713,0.6985479,-0.15929155,-0.62962115,0.52597225,-0.29727843,0.3093346,-0.64660525,-0.26432553,0.44192636,-0.4135949,-0.1185641,-0.036561694,-0.5559976,0.7758818,0.115570165,-0.08746112,0.07778656,0.22995095,0.037835136,-0.057944965,-0.46475542,0.9668463,0.25104097,-0.20657165,0.25457314,-0.89780444,-0.40064406,-0.5658479,-0.21732228,-0.023842435,-0.3204043,0.27108955,0.10067997,-0.50101215,-0.41324598,-9.216355,-0.26710194,-0.10017397,-0.20943886,0.18710718,-0.299623,-0.055798735,0.28358108,-0.7002121,-0.10236492,-0.2035542,-0.25824565,0.10680099,-0.48735982,-0.45856515,-0.20459647,0.7306041,0.5759506,-0.6484327,0.54797626,-0.38547757,-0.46581754,0.6470784,0.17435807,0.69814837,0.21237338,0.28625593,-0.2453823,-0.14676318,-0.10254778,-0.30506968,0.35519615,-0.2552083,1.2348542,-0.29948783,0.06980516,0.3517718,-0.648188,-0.18317619,0.040517416,-0.103334814,-0.4150244,-0.5599003,-0.12738891,0.86820656,-0.6262551,-0.46159908,0.15892354,-0.020756485,0.00020332754,-0.09903795,-0.18829,0.042318992,-0.67694074,-0.13503462,0.45641908,0.14447275,0.7841668,0.15900147,-0.4278088,0.8876391,-0.37430644,-0.33335695,0.1705278,-0.14240453,-0.3128037,-0.7429104,-0.49566284,-0.35464638,-0.021561071,-0.33690524,0.8407372,-0.036815118,-0.9567727,-0.2191769,-0.13630922,0.14287663,-0.10972765,-0.32098207,-0.18748523,-0.8526966,-0.5535941,-0.017819341,-0.07515481,-0.5828948,-0.16538683,-0.14365222,-0.6131871,-0.35690194,0.58265024,-0.013205152,0.28005254,0.29564986,0.25472817,-0.01194981,-0.22349042,0.6892095,-0.41001347,-0.15581875,0.20456064,0.17474017,0.35907653,0.75112134,-0.027531495,-0.60953367,0.35705647,-0.51379675,0.3339693,-0.14887078,-0.14449969,-0.24140601,0.3925958,-0.3039927,-0.052306272,-0.46533585,-0.21294634,0.03601744,0.5250312,-0.028089307,-0.29588136,-0.5603761,0.6365282,-0.56960166,-0.5721391,0.008241427,0.24284756,0.34151733,-0.019486023,-0.24812864,-0.4316539,-0.01868739,-0.35930458,-0.0497989,-0.5188124,-0.1705566,-0.4118267,0.0043098764,-0.4212655,-0.82656497,0.7371725,0.4875531,0.20877261,0.17417726,0.108158976,0.032075178,0.021903282,-0.037870113,0.3854897,0.09967211,0.44888917,-0.36129117,-0.80113894,0.11201965,-0.7565875,0.5049099,0.08474493,0.71498865,-0.49051154,-0.2852924,-0.6654287,0.42485943,-0.26521236,-0.1784995,0.25019506,-0.10564545,-0.037944786,0.29748845,0.28139755,-0.026733972,-0.8579298,-0.15187106,0.5165899,0.30260727,0.44248474,-0.16890703,0.26105386,0.48248246,-0.51828843,-0.12990606,0.33755276,0.3643206,0.18001951,0.14523837,-0.6204843,0.34054688,-0.4307786,0.01703509,0.5365857,0.33425564,0.43741834,-0.4830061,0.44123837,-0.15108663,-0.56445986,0.08859127,-0.5341484,0.57047194,-0.022487443,0.05507227,0.55292076,-0.36864293,0.05383057,-0.6518985,0.37948087,-0.25723153,0.2745553,0.06114153,0.48458287,0.59385675,0.33820865,0.29410678,-0.270831,-0.7042503,-0.5321814,0.37317085,-0.64104766,-0.077787876,-0.35067302,-0.6986891,0.03693506,-0.26980448,-0.2720176,-0.112351894,-0.14325708,-0.26953095,0.39042872,-0.26583403,-0.0397758,-0.02444138,-0.3250186,0.044892475,-1.5467814,0.29134208,-0.23507138,-0.39855272,-0.21921124,-0.102853276,-0.10480326,-0.28445616,-0.25510195,-0.21900606,-1.0275412,-0.23420632,-0.8575454,0.006534266,0.104346044,-0.47073403,-0.020592432,-0.24749485,0.060230378,0.3227335,-0.41676822,-0.0069047874,-0.5263414,0.2508853,-0.571828,-0.48775887,0.19064483,-0.076763496,0.49468246,-0.3602363,0.30896342,0.1349514,0.37520066,-0.20060898,0.22599226,0.15062128,0.3694691,-0.27860865,-0.46136048,-0.24944256,-0.33076105,0.04937877,0.3498504,-0.3723838,-0.3355135,-0.599998,-0.3776338,0.35233918,-0.1536656,-0.21725833,-0.13140121,0.18930273,0.07917411,-0.2372467,-0.42319262,-0.20694439,0.15695247,-0.19288218,0.19329883,0.04673996,0.47007766,-0.42921126,0.422789,0.014377888,0.3117709,0.7372423,-0.027248109,-0.5275438,0.15548077,-0.12956318,-0.23178373,0.52904254,0.39304745,0.2728637,0.16688564,0.02990106,0.11678715,-0.08149743,-0.33977672,-0.7302058,-0.36302173,0.7193847,0.48476303,-0.07226545,-0.081095554,-0.37938732,-0.05213632,-0.46610588,0.058139693,-0.32839817,0.20844097,1.2897711,-0.0018312935,0.14242245,0.048942037,0.13301077,-0.10447581,-0.3066644,0.30238804,-0.35958764,0.5217486,0.19418968,0.20554933,0.17775063,-0.34553087,-0.14725617,0.055537242,-0.74661446,0.44012082,0.1521965,0.516345,-0.01877802,0.08080413,0.19636892,0.076450355,-0.28466356,0.3843987,0.43950817,0.27581266,-0.034627818,-0.13587648,0.15663624,0.21226147,0.47599205,-0.25538462,0.56446815,-0.10457557,0.24013174,0.7344622,0.35494134,0.62952226,0.32274723,-0.5217147,-0.22740684,0.3610195,0.0018421673,0.29260433,-0.11128735,0.40379664,0.16683069,-0.23315357,0.12207482,0.18575521,-0.25462258,0.3020113,-0.27931422,-0.14560963,-0.42223263,-0.16586965,-0.39118254,0.1276674,-0.25735378,-0.2706567,0.59438187,-0.653593,-0.023391994,-0.2963012,-0.1961402,-0.13675715,-0.2942016,0.19104902,-0.06206088,0.12856196,-0.04157325,-0.42118436,-0.10982563,0.39504364,0.20782737,-0.10072773,0.10264926,-0.19275407,-0.22142224,0.023486497,0.19239053,-0.0939203,-0.25048676,0.15963505,-0.34622985,-0.19769008,0.43452832,0.356726,-0.00489144,0.46359417,0.025898634,0.074733146,0.7718187,-0.3789539,-0.52500486,-0.13996188,0.014169131,-0.35078645,-0.26053792,0.11244058,0.06572794,-0.10887988,-0.3460417,-0.14658037,-0.020170651,-0.37736413,-0.18860063,0.38005108,0.36417827,-0.11922653,-0.91883796,-0.25187695,-0.0622024,-0.54703444,-0.35193512,0.36427814,0.30121404,0.044767477,0.16135448,-0.09562619,-0.5053604,0.3477259,0.16985255,0.4196386,-0.72124285,-0.44806385,-0.47670487,-0.2420209,-0.60621023,-0.23085804,-0.023689637,-0.015537024,-0.51404876,-0.6695571,-0.025584579,-0.11684871,0.0,0,0,1,0,0,0,0,0,0,0,0,0,0,0,1,0,0,0,0,0,0,0,0,0.0,0.0,0.0,0.0
0.7736319,-0.24727422,0.4545269,-0.054741856,0.34501946,-0.11450058,0.056332037,0.58726466,-0.6116671,-0.36193442,-0.22941166,-0.099056095,0.0033732026,0.29540813,0.042489167,1.0606484,-0.3010263,0.5520172,0.04008373,0.377224,0.69763803,0.112399876,-0.10422978,-0.13868378,0.34161246,0.06839906,0.31500542,-0.17310192,-0.64989066,-0.19107422,0.2571365,-0.08914334,-0.021809852,-0.12453315,-0.44278404,-0.80584455,-0.050974168,-0.398489,0.24229383,0.74128443,-0.20811082,-0.42331704,0.3963154,-0.27291083,-0.16751495,-0.10990043,-0.31395456,-0.20389093,0.4479921,-0.13988505,-0.55871534,0.24185653,0.10377082,-0.17082752,0.19741234,0.28962496,0.554721,-0.5273694,-0.13311273,0.15938427,-0.1047064,-0.010701659,-0.0058729677,-0.18375655,-0.39394224,0.012524355,-0.008450223,0.5552693,-0.79536986,0.122093,0.5322546,0.19922517,0.27394477,0.22498648,0.3618923,0.6534849,-0.302709,0.6818457,0.09657199,-0.28884768,-0.041990414,0.1011983,0.48803124,0.45629036,0.21952853,0.2653283,0.2814868,0.30810332,-0.60089624,0.70555794,-0.34530342,-0.10758622,-0.10795906,0.10558241,1.045383,-0.7782679,-0.4775098,-0.3576556,-0.3248115,0.09215022,0.21926637,-0.29048297,-0.12240597,-0.32034457,-0.8039399,0.15154606,-0.6603674,0.0028442307,-0.1499919,0.11763474,-0.34452507,0.37151995,0.08024376,-0.5136362,0.2334885,0.09789348,0.19792661,0.24048343,-0.23354924,0.05531677,-0.14649938,0.28692725,0.17602946,0.09085983,0.6097441,0.43413094,0.080928795,-0.44697025,0.06344738,0.020591116,0.9705833,0.44880268,0.34214866,-0.22018598,0.34383217,-0.013525895,0.20884492,-0.2551812,-0.16509654,-0.18013775,-0.09844048,-0.08840268,0.31602144,-0.02159583,0.44968182,-0.087321155,-0.43918186,-0.4350008,-0.34137183,0.36525628,-0.41750562,-0.18032593,-0.3337796,-0.14299381,0.07904554,-0.25208783,-0.26534262,-0.08556411,0.34362987,0.23491572,0.34034148,0.22588806,-0.1092678,0.40931284,0.13023038,-0.26253295,-0.03599254,-0.044037107,-0.16427693,-0.19033794,0.0926502,-0.55641073,0.049280114,0.28276393,0.5678077,0.4897979,0.38495567,-0.50166595,-0.06013782,0.94528884,-0.46685624,-0.15690255,0.19328411,-0.64947873,0.23016948,-0.27362436,0.79987615,-0.30583298,0.42431003,0.3659626,-0.47028866,-0.2110372,0.036470603,-0.28361908,0.32123983,-0.1863586,-0.60372794,-0.3000169,0.61432976,0.12590352,0.16548195,0.12330362,-0.10271211,-0.18618397,-0.94574434,0.16149482,-0.07764424,-0.3953079,-0.35952142,-0.02485019,-0.4212964,0.17364271,-0.03221879,0.5754428,-0.3238832,-0.07683222,0.14186946,-0.39456475,-0.2462799,0.42141905,-0.12093533,-0.2705255,0.00432231,-0.067490466,-0.15146306,1.2723686,0.29470444,-0.3307494,0.6786126,-0.073244035,-0.46201408,0.040036425,0.20271109,0.0016084053,0.44737816,0.57877725,0.16077319,-0.31553876,0.15665717,-0.19046456,-0.45803142,0.3997006,0.3343198,0.19562955,-0.3746301,0.42451286,0.07107339,-0.2915408,-0.4349654,-0.28410825,-0.1554324,0.11535179,-0.63330543,-0.30199182,0.3093679,-0.14248791,0.0300534,-0.41420865,-0.39092174,0.11006726,0.19825123,-0.03077661,0.3208407,0.31064215,0.08770006,-0.028042778,0.22543937,0.13767934,0.6612821,0.5726088,-0.50669587,-0.01179281,0.03376688,0.51337725,0.25391057,-0.08155733,0.20166698,-0.36143112,0.24188301,-0.074824266,0.12202492,0.47317475,-0.052477717,-0.16337277,-0.24739113,-0.43753994,0.48878342,-0.078044705,-0.3968439,0.06648153,-0.46236297,-0.049464718,0.04908905,-0.16184162,0.68407065,0.09998312,0.1079639,0.10922551,-0.47202575,-0.10222596,0.09402862,-0.4611627,0.1362482,-0.25202066,0.12344783,0.47117928,-0.47475702,-0.37877113,-7.991243,-0.3614405,0.04489289,-0.23916034,-0.24960369,-0.56129444,0.14530136,-0.080069266,0.25853372,-0.085831754,-0.2377132,-0.2645753,0.23638976,-0.69048315,-0.28884816,-0.03896392,0.66331744,0.16517217,-0.37283793,0.52376324,-0.5766309,-0.014770073,0.502072,0.04539208,0.42628536,0.30257177,-0.09679686,0.04322193,-0.05381854,-0.03320589,-0.19906017,0.13355975,-0.35592797,1.2715957,-0.41148883,-0.2534469,0.22148973,-0.59078985,-0.08811476,-0.12263216,0.16571513,-0.27997577,-0.35598165,-0.0995439,1.0138392,-0.85535693,-0.1456713,0.39093128,-0.17947511,0.087661505,-0.09845484,-0.69327754,0.08407278,-0.25493318,0.020020317,0.00497771,0.038392372,1.1561844,-0.40511987,-0.67785716,0.7403051,-0.40073872,-0.1999061,0.29581708,-0.22515428,-0.45039085,-0.7985564,-0.5779555,-0.16713601,-0.26947257,-0.5282776,0.43300766,-0.16473164,-1.0724154,-0.2682957,-0.035917908,0.18862776,0.11923069,-0.5659592,-0.594538,-0.98664856,-0.09756146,-0.06536699,0.19367942,-0.69499916,-0.5880287,0.01161129,-0.5663175,-0.39275038,0.4975135,-0.4829522,0.14548102,0.24033137,0.21744087,0.010665771,-0.27006996,0.90137434,-0.23399197,0.029993491,0.07182449,0.59274596,0.17442206,0.5053386,0.04546629,-0.4646677,0.23381497,-0.2923239,0.090747006,0.05996067,-0.37737387,-0.12930866,-0.03426488,-0.5491324,0.103325635,-0.15774201,-0.5170896,0.13606049,-0.06927767,-0.053259693,-0.55129343,-0.47732055,0.21544439,-0.65310967,-0.46619296,0.33541724,-0.0012414526,-0.21078913,0.132583,-0.36845878,0.068744555,0.21540758,-0.37273702,0.37420723,-0.2004233,0.23032896,-0.47540033,0.05459309,-0.5253668,0.064228095,0.049483266,0.18501182,0.6618303,0.2764198,0.20777628,0.14272188,0.13298428,-0.26406312,0.42913917,-0.045704413,0.13676746,-0.6836381,-0.8245184,-0.051959254,-0.21045963,0.37940666,-0.14279693,0.25996804,-0.44245234,-0.28136244,-0.27532163,0.44236842,-0.5392556,-0.29445195,0.4013669,0.10096932,0.23518625,0.6398631,0.37073323,0.14654465,-0.6617624,-0.05047762,0.5819046,-0.001075364,0.018590333,0.23386922,0.6583647,0.1428658,-0.5267258,0.14711398,0.44568297,-0.2936076,0.36806047,0.07414031,-0.25674483,0.109694414,-0.1444694,0.3527452,0.2614317,0.42520547,0.85822225,-0.80817634,0.47354627,-0.18405569,-0.3999151,0.043253507,-0.748758,0.664147,-0.3633695,-0.16765098,0.93864053,-0.53202623,0.26893434,-0.6385746,0.21803768,0.03547747,0.44614238,0.0386467,0.42105633,0.5586291,0.25401044,0.10360858,-0.4535721,-0.4732572,-0.57973635,0.23755316,-0.17161559,-0.2615653,-0.40792397,-0.21760078,-0.049864665,-0.20190544,0.008187618,0.15328096,-0.14814788,-0.278722,-0.06474441,0.23634203,-0.17164464,-0.20442717,-0.11807417,0.2994129,-1.1772746,0.16230267,0.115208976,-0.12199906,-0.5412827,-0.53589076,-0.18443754,-0.32108295,-0.18265213,-0.2130952,-0.4409244,-0.22203854,-0.68347543,-0.049536943,0.07848854,-0.33132085,-0.13428411,-0.3970199,-0.34180754,0.24631153,-0.21434231,0.06463723,-0.5071081,0.37129888,-0.6244764,-0.21127127,0.17923754,-0.21529858,-0.008199595,-0.41928998,0.5092956,0.30660486,0.3451937,-0.28845856,-0.04927266,0.03173942,0.11382337,-0.21285611,-0.45133877,-0.14123231,0.18369295,-0.19429548,0.51575845,-0.1707896,-0.10053687,-0.5845761,-0.55740064,-0.031029124,-0.6631759,-0.42287645,-0.12578197,-0.16466804,0.4283082,0.311235,-0.12095946,-0.23583452,0.45256612,0.04357404,0.38615432,0.08147945,0.5924419,-0.11997087,0.16572636,0.30830967,0.6044641,0.7187282,-0.08627924,-0.004436207,0.25652736,-0.15994479,-0.27716294,0.5538257,0.36264443,-0.0680427,-0.054686923,0.2227045,-0.5763327,0.037149064,-0.3643924,-0.46373153,0.055675488,0.64912355,0.9003575,0.16562992,-0.25464287,-0.58209515,0.078160666,-0.5472668,-0.028155336,-0.21702294,0.15290505,0.59925467,-0.15403754,-0.38188282,-0.34696084,-0.29693663,-0.16648434,0.09964881,0.021493452,-0.53032583,0.2830578,-0.18636541,0.43985847,0.18417488,-0.54902536,-0.12174045,-0.11251508,-0.44127864,0.10669244,-0.341001,0.71047366,-0.2056825,0.4222863,-0.005017941,-0.29935566,-0.29790065,0.21846873,0.51111925,0.008662778,0.3488674,0.031393737,0.22120342,0.34069154,0.36610496,0.087575436,0.12302202,-0.17731926,-0.39612305,0.64398,0.2098494,0.32346424,0.12494717,-0.4722553,-0.15046379,-0.2690017,0.15681691,0.09209534,0.44583085,0.046932828,0.5827125,0.14733915,0.17474075,0.28700984,-0.28671452,0.12813282,0.2443194,-0.09317869,-0.67493415,-0.2704957,-0.18574631,0.011048571,-0.7601084,0.04528175,0.43274468,-0.26725948,0.18440327,-0.39473262,-0.071580485,-0.28336874,0.050555572,0.39883873,0.2895311,0.31157014,-0.019791469,-0.17954545,-0.12307837,0.37452435,0.18185651,0.15031183,0.02128737,-0.13858381,0.01418637,-0.10917997,0.01508116,-0.23094493,-0.23469695,0.009993263,-0.77082175,-0.220531,-0.0857325,-0.04121852,-0.030783705,0.13075544,-0.03955281,0.44077855,0.43543625,-0.3785834,-0.5520639,-0.032918084,-0.3189193,-0.5349504,0.024937842,0.32719603,0.40263844,-0.012655632,-0.41326416,-0.0445245,-0.23354685,0.06548988,-0.16692623,0.48679736,0.5222513,0.07928309,-0.61837286,-0.68957925,-0.0856079,0.10466382,0.21305522,0.10961401,-0.37011757,-0.24562922,-0.09842243,0.038518187,-0.14261957,0.21282998,0.34564945,0.030687116,-0.63661104,-0.7957254,-0.24314459,-0.06585103,-0.7304358,-0.5408913,0.059237596,0.41004807,-0.6064315,-0.5214915,0.061785728,0.025273697,0.0,0,0,1,0,0,0,0,0,0,0,0,0,0,0,0,0,0,0,0,0,0,0,0,0.0,0.0,0.0,0.0
0.28852493,-0.05764905,0.34879348,0.03890442,0.14225985,-0.52436656,0.07625694,0.46207565,-0.48145667,0.025930267,-0.21941134,-0.35537782,-0.28077906,0.41919297,-0.35946408,0.37257436,-0.038392343,0.12102069,0.025585148,0.037915833,-0.03753458,-0.15391058,-0.31195349,-0.09667394,-0.24819236,0.3389558,-0.1956158,0.36926463,-0.30795556,0.11643421,0.36043793,0.02671207,-0.42252606,-0.10266577,-0.9626727,0.19422151,-0.06576846,0.49983317,0.11641751,-0.026093762,0.0940003,-0.4365174,0.30412903,0.28924316,-0.31666434,-0.1914907,-0.3694036,0.18231708,0.019238167,-0.8864821,-0.1058757,0.23169607,-0.26926807,-0.59716773,0.31299567,-0.115916096,0.49454716,-0.4299152,0.22437501,0.008530021,-0.023039347,0.16616319,0.29145348,-0.19626963,-0.43332604,0.17801389,-0.1531907,-0.10038229,-0.8229892,0.18534265,-0.01771662,0.34884766,0.5446515,-0.23715477,0.074381866,-0.14984876,0.14776702,0.17318994,-0.07747119,-0.008289291,-0.09321668,-0.11280602,0.40349305,0.43931657,-0.19187377,-0.073517464,-0.18029378,-0.20248772,-0.3081741,0.69577116,-0.7257741,0.14835688,-0.015498068,0.24052927,0.21363395,-0.20836054,-0.07628946,-0.2988507,-0.31559494,-0.5032576,-0.19588113,-0.86758167,0.35570255,-0.28624934,-0.23868403,0.06794357,0.04495976,0.2561886,-0.48565936,-0.2651677,0.35132965,-0.22264306,0.3359908,0.02792888,0.43865275,0.25610954,-0.17370912,0.2840639,0.21184762,-0.5945432,-0.1829906,0.16044581,0.26218027,0.11818883,0.34502682,-0.13053477,-0.07275202,-0.15566257,0.17155176,0.22604115,0.8700089,0.30564302,0.0095959185,-0.27977523,-0.17071624,0.009240027,-0.16250937,-0.053479828,0.18652163,-0.04677759,-0.10296516,-0.09152144,0.05376709,-0.35752165,0.4729066,-0.40045634,-0.20133245,-0.13953854,-0.34662318,0.020618362,-0.23555686,0.08283303,-0.18003264,-0.26624614,0.4940212,0.14929482,-0.6479821,0.3212143,0.36277792,0.18218803,-0.21466047,0.036240295,-0.11573484,-0.53219336,0.07777624,-0.06859478,0.10587107,0.110187374,-0.28093335,0.043309603,-0.14331184,-0.32382223,0.7599862,0.13060127,0.5228735,0.067500144,0.40746197,-0.5613755,0.043729704,1.0454131,-0.71527296,-0.15295309,0.43880153,-0.34456685,0.019759163,-0.45985904,0.7023537,-0.7684264,0.44584754,0.15511917,0.13387145,-0.11752044,0.46002194,-0.08116635,0.3680803,0.20433912,0.0742758,-0.43362483,0.43305308,-0.0940446,-0.15750933,0.004074276,-0.2921395,-0.22881724,0.016457614,0.96682304,-0.14560997,-0.030658768,-0.20791127,0.02472441,0.017690651,0.5861167,-0.14312908,-0.04756619,0.016056925,0.11062567,0.11028727,-0.08991576,-0.06078163,0.003297518,-0.25631833,-0.4633868,-0.38237092,0.0034377738,-0.4038776,0.8578699,0.111042626,-0.40699372,0.62905693,-0.057962246,0.18641467,0.00803275,-0.3348173,-0.13907139,-0.044619903,0.23302841,0.12821995,-0.08814994,-0.43628106,0.13495404,-0.44509256,0.5411431,0.29218483,-0.08933108,-0.027869632,0.52654624,0.15081696,-0.5730138,-0.6921596,0.2581823,-0.15895534,-0.07242797,0.30796295,-0.0027152281,-0.053438373,-0.41733798,0.015614131,-0.040185794,-0.35907185,-0.08509765,-0.1679772,-0.4269527,0.13797536,-0.802017,0.07990846,-0.3062063,-0.08118123,0.29959226,0.07747643,0.41470847,-0.5386154,0.14491029,-0.14246254,0.5119955,-0.25666788,-0.77241415,0.3525064,0.22058894,0.32942295,-0.44719845,-0.2719651,0.59621143,-0.54913914,0.109840974,-0.2906411,-0.53261346,0.76677036,-0.09569511,-0.32063004,-0.124876104,-0.080336116,-0.03927408,-0.3166376,-0.19848745,0.88500965,0.02521684,-0.28319347,0.23177192,-0.6221145,-0.28577483,-0.38133752,0.42417234,0.0907766,-0.431324,0.1389978,0.055017244,-0.50695693,-0.20468864,-8.523644,0.084548414,0.024937036,-0.20864251,0.54459906,-0.40037513,-0.38563776,-0.06776522,-0.57898015,0.2454772,0.025652774,-0.2652186,-0.054156303,0.023882741,-0.06071054,-0.5206242,0.24735914,-0.039514124,-0.40016675,0.37708035,-0.3967401,-0.3374727,0.54582167,0.2369483,0.36415413,0.37375036,0.1609895,-0.27475992,-0.4796845,-0.17941324,-0.9247613,0.36874452,0.27335033,0.7291677,0.05925035,0.36194062,0.33445585,-0.047754515,0.45806086,-0.08331891,-0.1451116,-0.12369348,-0.21392372,0.5171401,0.1913188,-0.3438209,-0.3277975,-0.042550117,-0.21369751,0.09682856,0.22467215,-0.2577503,-0.2280173,-0.3781471,0.3906622,0.17950098,-0.22306854,0.8048099,-0.37446544,-0.29668027,0.6910721,0.04340953,-0.33930036,0.26826465,-0.07132402,-0.11146825,-0.37867683,-0.07814465,-0.14168592,0.022176478,-0.29453024,0.26510447,0.20240174,-1.5173892,-0.32828835,0.31126544,-0.06836054,-0.06578843,0.027261807,-0.11635442,-0.30480444,-0.48237622,-0.0015632319,0.11590222,-0.7407803,-0.32143685,-0.5318311,-0.38757965,0.057232194,0.3138522,-0.1641639,0.20843895,0.18700205,-0.2987337,0.3203048,-0.5731488,0.38628876,-0.1564843,0.298135,0.13033074,-0.41627502,-0.03520018,0.22756179,0.42437673,-0.12816896,0.25221297,-0.51765156,0.20696688,-0.090342484,0.47280562,-0.010260708,-0.050416168,0.021627882,-0.12713145,0.05606833,-0.1158337,0.12496216,0.7092615,0.0317207,-0.13906582,-0.19033438,0.38555852,-0.38393158,-0.39469022,0.2534523,-0.23143122,-0.15432295,-0.3150357,-0.08775672,-0.12807308,-0.09136528,0.0008079049,0.11743602,-0.57674015,-0.11234704,-0.029239342,-0.10840438,-0.13969935,-0.98683494,0.3140722,0.27914223,-0.3674212,0.20032054,0.15829477,-0.042628054,0.019493163,0.15914944,0.38283685,0.26739824,0.65735584,-0.14769702,-0.55040306,0.06403047,-0.32409385,0.1921567,-0.071943164,0.54091364,-0.38714796,-0.104357414,-0.3126303,0.58054465,-0.18520042,-0.016281333,0.05140796,-0.014369261,-0.15717511,0.06692681,0.29544628,-0.21432069,-0.4296306,0.39378178,0.32647958,-0.056393694,-0.062885225,-0.24244227,-0.10490853,0.11018392,-0.34165668,-0.10053223,0.42349744,0.22131145,0.4305908,0.28747258,-0.32144138,0.14045058,-0.5463902,-0.18731794,0.26240084,0.009378532,0.30537063,-0.05344119,0.40272507,0.17231269,-0.073024556,-0.2341128,-0.2836851,0.3189541,0.1401734,0.054594565,0.18306346,-0.22740403,-0.19400668,-0.049827997,0.02239352,-0.19139351,0.04602557,0.117318265,0.10722758,0.42896017,0.18744461,-0.2587338,-0.46135753,-0.25721493,-0.2860904,0.33949846,0.020674054,0.18708122,0.038457148,-0.3900384,-0.16796294,-0.15593435,-0.1564124,-0.42263365,-0.4382174,-0.42699826,0.11793295,-0.072798215,-0.28786117,0.061172377,0.070832714,0.30237755,-1.3651607,0.3142813,-0.16045414,-0.12253531,-0.27248573,0.17485052,0.7418295,-0.020343637,-0.23724824,0.2712447,-0.36842966,-0.07631712,0.12377419,0.3133559,0.24491987,-0.0596393,-0.08077754,0.03046021,0.012485804,0.122249305,-0.33510628,0.0045150938,0.0106479535,0.41313416,-0.39925978,-0.41397265,0.3352797,0.19614874,0.37654722,-0.34230503,0.52390015,0.114337824,0.22894998,-0.25271302,-0.2128165,0.4112949,0.056179445,0.061266236,-0.18567434,-0.20991269,-0.037265547,-0.050214354,-0.22396086,-0.09252495,-0.15683214,-0.6264048,-0.7446345,0.25808075,0.009631917,-0.60521364,0.38694713,0.08834893,0.32997492,-0.22383921,-0.28694853,0.035215504,-0.0030737834,-0.1570379,0.09877123,0.13631602,0.9052962,-0.04029501,0.49198195,-0.118861385,0.039364252,0.08239339,0.15236616,-0.17144887,0.32796893,-0.22725968,-0.21488647,0.19951177,0.26922727,0.25173092,0.020401338,-0.12458439,0.25217745,-0.00909639,-0.1901427,-0.41051725,-0.24745102,0.116320334,0.16494825,0.17143501,0.10135953,0.096699834,-0.07939994,-0.20514666,0.017709866,-0.11541517,-0.079815075,0.56016016,0.030178182,0.5312464,-0.020298472,-0.30672008,-0.3431472,0.4618047,0.2690361,0.121491745,0.39866456,0.36048606,-0.040370695,0.25279754,-0.29859775,0.25310564,0.3653857,-0.13263908,0.5520725,0.08727829,0.17638351,-0.37312078,0.5049786,0.23207948,-0.20331286,0.040345475,-0.044759113,0.3262769,0.19710775,-0.34693655,-0.2108977,0.18205154,0.18891455,0.540809,-0.4713076,-0.49370602,-0.13464938,-0.025486019,0.24632542,0.094291955,0.33337867,0.10423976,-0.25963256,0.1190352,0.065318145,-0.304963,0.32031032,0.2488233,0.12378356,-0.14449316,-0.26701954,-0.1170428,0.10445707,-0.1237842,0.07286087,-0.06253663,0.24007869,-0.38238844,-0.20814234,-0.3459315,-0.035719357,-0.0005700346,0.0042504864,0.8223577,0.1388352,-0.50102895,-0.24478394,-0.20463367,0.07190564,0.12171025,0.19416986,0.06489209,-0.049495436,0.1728593,-0.32775903,-0.022335492,-0.14612739,0.13671778,-0.23890637,0.27468738,0.2201604,-0.2890507,-0.37745377,-0.063688986,-0.13531649,-0.30297837,-0.04911027,0.10516109,-0.07073969,0.337979,0.28321272,-0.013800591,0.15243281,-0.1633103,-0.007664283,0.29745883,-0.3450354,-0.11102172,-0.056194074,-0.017626515,0.25621206,-0.28317076,0.022756668,0.13957155,0.1581331,0.09568789,-0.2041445,-0.1687054,-0.6056374,-0.08033853,0.13576855,0.046110466,-0.3418866,-0.61731344,-0.1379359,-0.059876204,-0.4343186,-0.24198087,0.24401972,0.42809165,-0.11849482,0.15142147,-0.32742426,-0.41113025,-0.019841582,-0.052069277,0.15796982,-0.18462646,-0.16665569,-0.063908696,-0.07112899,-0.64223766,-0.14983957,0.13853529,0.46448594,-0.5412677,-0.1012179,-0.012919276,0.35529333,0.0,0,0,0,1,0,0,0,0,0,0,0,0,0,0,0,0,0,0,0,0,0,0,0,0.0,0.0,0.0,0.0
0.4407831,-0.7273071,0.20982002,0.13516723,-0.1589043,-0.49767026,-0.008516783,0.7992902,-0.56578565,-0.050563272,0.36615553,-0.3585516,0.19705302,-0.2407172,-0.121250495,0.5416566,-0.73763716,0.40342906,0.09811859,0.16645542,0.3665147,0.27790046,-0.16211332,-0.114527665,0.59970415,0.08541827,0.16173956,-0.2605595,-0.611823,0.15432185,0.53405255,0.31257853,0.1482779,0.085985966,-0.24600446,-0.59523124,0.10724626,-0.36628407,-0.15685914,0.3791595,-0.6579441,-0.41028243,0.5783518,0.06185578,0.013032052,0.19552049,0.13404101,-0.27645537,0.28700343,-0.11702506,-0.3995641,0.15233096,0.012419567,-0.1499201,-0.008456167,0.5390664,0.5132835,-0.92856055,-0.15819968,0.12534541,-0.47995597,-0.2021275,0.066945456,-0.1238316,0.22974443,-0.08531003,-0.18408754,0.39499682,-0.5013586,0.28626338,0.36616412,-0.12775722,0.2480298,0.03149162,0.47693717,0.45545852,-0.036094345,0.6987474,-0.07795054,-0.09039982,-0.18259151,0.41455024,0.11164805,0.020750726,0.2000395,0.38731086,-0.054068953,-0.08649042,-0.3190225,0.47971028,0.06763995,0.01973199,0.11687684,0.25748706,1.088585,-0.654129,-0.15578526,-0.00063851924,-0.47249374,0.03666984,0.041472763,-0.2753582,-0.098307565,-0.13214089,-0.41808006,0.0066602677,-0.32660732,0.19597672,0.24762343,-0.21658303,-0.13625222,0.18567272,-0.13205524,-0.0001483272,-0.06378414,0.3304075,0.12959129,-0.17805666,0.4818907,0.030705938,-0.33061177,0.16595954,0.28398055,0.015276331,0.40267682,0.12320927,0.044865947,-0.6024806,0.031730127,-0.110211566,0.30929673,0.72378236,0.36905918,-0.3175439,0.50552994,0.15659332,0.11212098,-0.29051653,-0.4146594,-0.12218885,0.09059936,0.29543465,0.32933494,-0.07026735,0.03294866,0.07091608,-0.22185087,-0.5999069,-0.050264224,-0.009879074,-0.413262,0.05819417,-0.17686905,0.1792794,0.105453804,-0.6067565,0.18661916,-0.22203478,0.5391774,0.5293584,0.325876,0.23860162,0.35692117,0.22466743,0.059970852,-0.24306658,-0.4313906,-0.47067973,-0.009761975,0.14158894,-0.17313594,0.026546028,0.4565674,-0.42798448,0.72197324,-0.068732016,0.22016153,-0.38963646,0.16127613,0.6159803,-0.36878195,-0.19168675,0.14693452,-0.33701438,0.3214994,0.2385003,0.56825405,0.07536926,0.34710926,0.37808865,-0.33235115,-0.34468102,0.19486259,-0.050206523,0.26773328,-0.35189602,-0.12084161,-0.3811393,0.31408322,0.44736588,0.103551716,-0.3153302,0.009261288,0.060718335,-0.37378556,0.52954954,-0.35330743,-0.10626216,-0.08617215,0.2325988,-0.0040355995,0.6795084,-0.20400165,0.25765884,0.12321026,0.06951739,-0.034491178,-0.381709,-0.045642983,0.20601927,0.3881862,0.14886971,0.10722949,0.590078,0.31924713,1.0412183,0.19026087,-0.25175342,0.523753,0.28018796,-0.19203071,0.030889943,0.39273974,-0.016280547,0.571166,0.15631971,-0.5046299,-0.44325295,0.08696719,0.17173204,-0.41631946,0.27766952,0.24043879,0.38068688,-0.38994607,0.566416,-0.20490341,-0.4777449,-0.2293697,-0.038564704,-0.37029085,-0.05704792,-0.21485515,-0.4045101,0.044174895,-0.049364254,-0.3640608,-0.14562464,-0.18241775,-0.124419235,0.3205661,0.20834588,0.04156455,0.048755918,0.19876085,-0.043568116,-0.13549304,0.014587684,0.19325536,0.20505103,-0.18403473,0.29343754,0.282204,0.6006515,0.51433307,-0.40976772,0.05684212,0.05557889,0.2811605,-0.015121123,-0.16823773,0.48063132,-0.28651428,0.031043913,-0.36298075,-0.21205725,0.34247166,0.49212426,-0.19615118,-0.111501485,-0.14865363,-0.2879622,0.0208968,-0.0021255808,0.78156066,0.34397942,0.06351257,0.08731749,-0.78016794,-0.70959955,0.35815528,0.20353653,-0.11342513,0.22995354,-0.20003709,0.018208843,-0.459561,-0.4274721,-10.56155,-0.3524129,0.07486291,-0.71340644,0.006533695,-0.31618124,-0.17570402,-0.12785803,-0.3513242,-0.47596177,-0.120422706,-0.26077172,0.17444927,-0.2564163,0.021647323,-0.40228254,0.45279217,-0.009712192,-0.20490083,0.4990126,-0.6089993,0.02497718,0.53554964,0.09167552,0.13313605,0.63326895,-0.15458314,0.1251623,0.18500276,-0.012891982,-0.1248205,0.31838006,0.057247993,1.4936061,-0.21504427,0.18526486,-0.51320386,-0.2776772,0.2972549,0.03285984,0.16481777,-0.22132191,-0.1677172,-0.11155198,0.6333925,-0.57185477,0.023849882,-0.121304505,0.23892006,0.21057327,-0.28946695,-0.43387958,0.10666223,-0.10443859,-0.06979527,-0.21373294,-0.14139129,0.8435996,0.03210214,-0.6764235,0.22213091,-0.24486189,-0.50348043,-0.23221152,-0.0029144126,-0.036857814,-0.74522597,-0.42897165,0.19342798,-0.08991852,-0.46271023,0.6672437,-0.101277925,-1.5358391,-0.32702076,0.06817183,0.038930357,0.22099265,-0.31560466,-0.26734614,-0.43586022,-0.007440299,-0.15516527,0.22222818,-0.4208621,-1.0224295,0.086422786,-0.9193365,-0.6335365,-0.29833755,-0.25592637,0.2108559,0.06438336,0.26129332,0.17390269,0.3160113,0.24725404,-0.4281767,-0.14902799,0.073166445,0.21576291,0.07481471,0.47583538,0.045122746,0.0627782,-0.16208504,0.22085334,-0.03943848,0.082476966,-0.07002699,0.14988017,-0.5658045,-0.22184767,0.15160263,-0.2449355,-0.5898471,0.1714167,-0.111133724,-0.22327107,-0.365332,-0.013232093,0.41581976,-0.29818574,-0.42641953,-0.26355878,-0.17509827,-0.10064998,-0.2600707,-0.47921824,0.49080208,0.22665781,-0.65583956,-0.5244328,-0.061981138,-0.042415433,-0.34028476,0.11004881,-0.17400381,-0.055543266,0.2546714,-0.11301698,0.4017724,0.37725762,0.05578784,-0.0642711,0.11850828,-0.18289119,0.38207737,-0.06356717,0.024422819,-0.7715288,-0.57352686,0.11591389,-0.18462141,0.45301598,-0.0075894855,0.4965135,-0.5274688,-0.1343897,-0.24888735,0.035772964,-0.22794156,-0.402619,0.53627986,0.071405776,0.026611475,-0.069526866,-0.17692652,0.19126911,-0.35910144,-0.32752565,0.6470168,0.2598913,0.08440801,0.04080941,0.5138071,-0.22915624,0.06496254,-0.12883371,0.18652403,-0.35923833,-0.1134679,-0.11186702,0.019117344,0.36224538,0.345333,0.108704045,0.023520945,0.1471407,0.67038214,-0.47971442,0.28850043,-0.20639203,-0.42121738,-0.09279427,-0.77143705,0.52052677,-0.4880645,-0.06656761,0.3044355,0.059874848,0.12037996,-0.52029604,0.2816066,-0.4490675,0.19453928,0.1590511,0.038235754,0.37227413,-0.025573703,-0.24442059,-0.41022944,-0.33055386,-0.569142,0.4289415,-0.37481904,-0.43487862,-0.31971717,-0.6486078,0.2995496,0.19713736,0.009959929,0.13255653,-0.042671386,-0.4618991,0.0699552,0.20299637,0.066999964,-0.33762172,-0.34988147,-0.254687,-1.0974137,0.344488,0.043850932,-0.20060955,0.07691954,0.058401145,0.07702848,-0.19327872,-0.39670303,-0.17417225,-0.4470787,-0.13300306,-0.7091862,-0.21026054,0.030922173,-0.05422293,0.22119488,-0.81834865,-0.21216896,0.513304,-0.20494862,-0.16268437,-0.5007396,-0.014886656,-0.6284783,-0.4637274,-0.05124629,-0.16618265,0.4304459,0.129298,0.26032853,-0.0022915793,0.2926338,-0.22703037,-0.36090732,-0.013875903,-0.14573076,-0.32064384,-0.4779877,-0.10626329,-0.15331368,0.023520878,0.019903846,0.1718222,-0.28223297,-0.33493873,-0.62895846,-0.026741982,-0.34600112,-0.27782032,-0.029913632,-0.27862272,0.033449728,0.38017315,-0.38394135,-0.633488,0.57250005,-0.014550065,0.2367914,0.26365918,0.64060843,-0.2810416,0.23183231,0.3714324,0.012209058,0.5075842,-0.33513823,0.24591969,0.1675007,-0.036618456,-0.15509291,0.27077153,0.6125447,-0.02438799,-0.17413494,-0.1284054,-0.4283005,0.17896307,-0.4184115,-0.3135308,-0.15990223,1.0284458,0.53665817,0.21905842,-0.3561426,-0.5497236,-0.12045666,-0.69195825,0.14671795,0.22485965,-0.095415264,0.8201716,-0.091357276,0.057148248,-0.24197504,-0.064104415,-0.16365036,0.054282002,0.33893195,-0.25397378,0.4227999,-0.56704295,0.02997551,0.20601258,-0.31120613,0.16000645,-0.3007531,-0.018317569,-0.03525022,-0.50707686,0.3604625,-0.113042265,0.33368325,0.10407471,0.04864246,-0.3625018,0.14646415,0.55535007,-0.024608014,0.17345257,0.019944636,-0.054466106,-0.0976162,0.029489072,0.13137983,0.07238747,0.527009,0.016103216,0.48151803,0.016602032,-0.1014686,-0.07159814,-0.3156988,0.12586163,0.15345934,0.28676832,0.068470135,0.21836337,0.16796009,0.55246234,-0.23451398,0.50460714,0.36795714,-0.4416042,0.1869842,0.13002169,0.22622839,-0.40939716,-0.037174653,0.2177293,0.11643863,-0.7451231,-0.12954019,0.27135983,-0.7070187,0.27711272,-0.19862503,0.2074003,-0.35011795,-0.38540992,0.2403292,-0.036064338,0.20762804,-0.15952767,0.105568916,-0.06404885,0.6501127,0.2608299,-0.1155905,-0.39047253,-0.22977868,0.14273916,0.30885556,0.055707984,-0.43006817,-0.3004135,0.3837564,-0.41416287,-0.046560258,-0.32745877,0.52668405,-0.09107152,0.16961873,0.0029161423,0.17173629,0.12568055,-0.19756733,-0.22811447,0.042207036,-0.466018,-0.42910436,-0.110954694,-0.31082022,0.13732299,-0.17366417,-0.4458561,0.090372324,-0.061900724,-0.037428364,-0.25252533,0.3840385,0.15658861,0.049081597,-0.5784905,-0.25619704,0.015996518,0.12962446,0.61438495,0.1516437,-0.42107418,-0.14380859,0.01950757,-0.34775674,0.06435235,0.5374908,0.6354261,-0.3560896,-0.5801821,-0.61298776,0.0019782183,-0.2524211,-0.3403523,-0.26074514,0.02341468,-0.13029663,-0.5983224,-0.50058675,0.11250754,-0.10190559,0.0,0,1,0,0,0,0,0,0,0,0,0,3,3,2,5,0,0,0,0,0,0,0,0,0.0,0.0,0.0,0.0
0.27881318,-0.03566378,0.47739163,-0.25312173,0.5522119,-0.29918185,0.025814354,0.34809357,-0.07006959,-0.018556297,0.050146427,-0.15404901,-0.060043387,0.585795,0.35274577,0.5796748,-0.18844536,0.31271684,-0.065338805,0.21328819,0.34192905,0.28041267,-0.22947419,-0.124811165,0.09511465,0.37860376,-0.08652814,-0.43035275,-0.4662544,0.24008356,0.09882324,0.16420765,-0.3212031,-0.5115818,-0.8780733,-0.11852257,-0.07019184,0.068300426,0.32272962,0.26773322,-0.0915806,-0.20684786,0.34442803,0.1776288,-0.20776424,-0.067769416,0.042513996,-0.5001261,-0.10402925,-0.77043235,-0.92134774,0.13079488,-0.057135787,-0.73759836,-0.058156103,0.5174273,0.6166054,-0.5706542,0.090894595,-0.1441545,-0.1217259,-0.18886797,0.15790057,0.3189912,-0.28193852,-0.30296507,-0.012433998,0.30073062,-0.949059,0.2835129,0.32125708,0.08730193,0.30284116,-0.061092954,-0.058154702,0.15177466,-0.26582462,0.7854908,0.2219066,0.07866436,-0.22526033,-0.03275754,0.6214629,0.4903728,0.71073097,-0.17341262,-0.14321564,-0.01725499,-0.5151515,0.72853315,-0.3756941,0.032708958,-0.13430262,0.1968584,0.7527108,-0.42685452,-0.6267289,-0.16185926,-0.2963593,-0.037380137,0.5917113,-0.61450374,0.28893822,-0.042242784,-0.37888423,0.002926533,-0.58511317,0.048476133,0.2634227,-0.012527773,0.03853402,0.13167788,-0.04272213,-0.35639378,0.36197144,0.081672154,-0.3641791,0.15035334,0.50256926,-0.24686705,-0.2073141,0.34951672,0.473726,0.2444986,0.031214627,0.24566038,-0.32523412,0.011058697,0.093821116,0.30881327,0.89354676,0.3793471,0.13203786,-0.08398342,-0.060470313,0.21063825,-0.04106261,-0.1644976,-0.1189987,-0.53978735,-0.11584976,0.15273604,-0.06315928,0.22043723,0.3668277,0.08170547,-0.105481274,-0.04389672,0.1692608,0.3604879,-0.3251361,0.14933984,-0.2605906,-0.46921065,0.29379952,0.0436803,-0.4507692,-0.2730784,0.13475862,0.2612978,0.26633048,0.04124474,-0.013827966,-0.4485126,0.29849634,-0.27446532,0.35070923,0.36885127,-0.15279467,-0.42335916,-0.14032975,-0.799342,0.2857117,0.050553683,0.3821064,0.5148808,0.4413572,-0.75200766,0.07317226,1.0475949,-0.4154754,0.2679373,0.030160038,-0.23570837,0.40442073,-0.12193734,0.8671229,-0.72745955,0.7116156,0.2506368,-0.12414444,-0.06293419,-0.13177632,-0.20026888,0.46754923,-0.1411826,-0.41483507,-0.56803346,0.6116797,-0.11942096,0.16235763,0.147023,-0.14315848,-0.7841895,-0.21225496,0.67163694,-0.12209701,-0.20482378,-1.1077899,0.13865,-0.25188994,0.36184472,-0.25873187,0.011275112,0.05177524,-0.16376112,0.18182184,-0.3196329,0.2946974,0.19454138,-0.3480098,-0.561447,-0.365665,0.21627015,-0.51460546,1.5147767,0.39762673,-0.8158749,0.9438331,0.09777986,0.12676306,-0.37350503,-0.31964403,-0.50430167,-0.0041953623,0.29819143,-0.10470203,-0.25413483,-0.06044947,0.49937576,-0.545138,0.60175246,0.24028037,-0.02470855,0.11836683,0.41770077,0.15610474,-0.47593135,-0.10820272,0.27026722,-0.14236441,0.2177046,0.10107118,-0.25993058,-0.049483914,-0.39002228,0.43661454,-0.16294304,-0.4946737,0.30441812,0.13886061,0.04385002,0.08061442,-0.18122214,0.23322165,-0.42445943,-0.11754263,0.41873553,0.5876876,0.36070207,-0.5022647,-0.09456131,0.16245838,0.529951,-0.17480928,-0.6668761,0.27609727,-0.03274067,0.18571463,-0.46404088,-0.56336623,0.6051009,-0.039317697,-0.035410143,-0.057507005,-0.39631963,0.3110416,0.09987245,-0.1663958,-0.23500428,0.00070533744,-0.07291764,-0.0928562,-0.35995337,1.0482448,0.24680261,-0.034024157,0.44579545,-0.7584988,-0.044509683,-0.43348894,0.032002997,0.08229037,-0.3243533,0.17486866,-0.08758592,-0.5039653,-0.06016393,-11.081299,-0.3378914,-0.15884458,-0.081756204,0.26322526,-0.38089928,-0.27157027,0.040772945,-0.591311,-0.058489,-0.27687415,-0.13644315,-0.1681774,-0.36536434,-0.042051338,-0.13593426,0.25456458,0.48953152,-0.55185956,0.21808992,-0.40550175,-0.6173532,0.33893505,0.17532949,0.4269464,0.40864044,-0.12112035,-0.07352565,-0.050767623,-0.06340937,-0.32941082,0.13611913,-0.18537903,0.98244125,-0.53247166,-0.078277,0.28098014,-0.39504856,0.013280144,-0.16635893,-0.13859682,-0.41542232,-0.32542074,0.06565791,0.59897304,-0.36953384,-0.24611057,-0.21104413,-0.014549941,0.14887844,-0.105533645,-0.32560772,-0.12712312,-0.3165434,0.035604455,0.08717759,0.26474315,0.5208138,-0.16891295,-0.27847436,0.81526315,-0.27369714,-0.34229916,0.028920608,-0.010975203,0.027905257,-0.29794738,-0.28370285,-0.4655499,0.1113163,-0.33254546,0.37269738,-0.36548507,-1.1658043,-0.11310825,-0.04161542,0.11088899,0.07606307,-0.31763327,-0.21593532,-0.6712034,-0.61077416,0.09905512,-0.26755673,-0.7241409,-0.37857765,-0.21703868,-0.4357583,-0.007842582,0.6884245,0.034246672,0.4887957,0.030449739,0.2076295,0.23101965,-0.37035856,0.5387811,-0.3784671,0.068307325,0.41988555,-0.0009653364,-0.048040677,0.45546788,0.017082635,-0.444567,0.44380778,-0.50565666,0.11860979,0.04015161,0.04114256,-0.34405082,0.06877256,-0.30634737,-0.05035086,-0.2892231,-0.045245934,-0.32756454,0.57520634,0.051223774,-0.4871658,-0.79342127,0.5281161,-0.26419553,-0.8295654,-0.24106571,-0.01936548,0.2787406,0.1868517,-0.0374922,-0.20216347,-0.25550085,-0.38503882,0.46594322,-0.5646663,-0.015464557,-0.11736319,-0.06817529,-0.3166404,-1.0087868,0.3466576,0.5016987,0.25846902,0.48130855,0.05330481,0.27314514,0.004142071,0.118232764,0.044220153,0.049613986,0.3980894,-0.29155973,-0.8908233,0.33632386,-0.39523587,0.43354756,0.04285489,0.5056111,-0.7060893,-0.41611707,-0.5878013,0.49973804,0.0060973396,-0.28612208,-0.023607282,0.06797987,-0.06134355,0.33452335,0.014356443,0.22780642,-0.30797124,-0.08603531,0.1959774,0.14248285,0.17771089,0.088565305,-0.060152598,0.6315099,-0.5189493,-0.21927816,0.7212167,0.4740027,0.65270567,-0.0010315597,-0.5822394,0.19079542,-0.36850837,0.19419314,0.5675626,0.19248426,0.5065364,-0.59620255,0.7125615,0.1904553,-0.07510145,-0.008496221,-0.48922718,0.3529042,0.20440042,0.32260445,0.35109332,-0.23392202,-0.15608402,-0.1429035,0.2966019,-0.1459258,-0.032783717,0.025486836,0.31830427,0.63164914,0.3792501,0.08733883,-0.45560429,-0.6303341,-0.4702883,0.35756415,-0.55417746,0.17792264,-0.317875,-0.48253632,0.018859908,-0.3364195,-0.22116214,-0.13350931,-0.5044704,-0.24530104,0.018129157,-0.1579137,-0.24373654,-0.11178281,-0.2406633,0.15557489,-1.7570766,0.1525608,0.111692965,-0.008438192,-0.18596224,-0.13480277,0.21570702,-0.16136406,-0.28747252,-0.23914602,-0.85221463,0.13787523,-0.5908299,0.21357115,0.08635748,-0.16482803,0.04727497,-0.28807166,0.14061257,0.6900496,-0.077417076,-0.23733316,-0.38770264,0.3701078,-0.35704315,-0.2657818,0.20374756,-0.08085095,0.3529043,-0.17447844,0.20502286,-0.029075162,0.0063464236,0.05082144,0.27730304,0.284221,0.13870776,0.14041796,-0.7128928,-0.18697101,-0.52585363,-0.038608264,0.33186436,-0.47769055,-0.27586395,-0.5979311,-0.47925755,0.50009376,-0.30004448,-0.15673865,0.077866055,0.14277156,0.28085962,-0.014640402,-0.16115053,-0.29106075,-0.12637693,0.2150128,0.011095463,-0.21862555,0.6114948,-0.51680917,0.26927608,-0.20203945,0.1240566,0.4619577,0.0847024,-0.38497096,0.22432503,-0.44825295,-0.25145322,0.433348,0.2179327,0.22802055,0.21791947,0.05516122,-0.012694183,-0.38446468,-0.36987627,-0.6844414,-0.2389927,0.46854946,0.4712875,0.32326907,-0.3224752,-0.38515007,-0.52216893,-0.11659606,0.006703061,-0.33129197,0.28767306,0.6652873,-0.32289037,0.30514756,0.1694097,0.14109825,-0.39166695,-0.018499466,0.26459798,0.21951708,0.41526368,0.4966213,-0.052446827,0.13572201,-0.142176,-0.01649172,0.10567353,-0.28163368,0.24638696,0.3106952,0.41370404,-0.0418068,-0.098014794,-0.024031658,-0.02362106,0.07308084,0.1664377,0.3706936,0.3968616,-0.16073374,-0.14249085,0.012307439,-0.35709608,0.4610521,-0.034060292,-0.04305039,-0.08182754,0.16073936,0.888368,0.30432996,0.33650127,0.49192566,-0.5102458,0.02366492,0.2859782,-0.052962348,0.1579005,-0.14075328,0.2527767,0.16614491,-0.060550533,0.08919625,-0.004072081,-0.11908984,0.019281989,0.054386865,-0.08072696,-0.19499025,0.33012748,-0.5046915,0.047652654,-0.05687516,-0.45907813,0.4860266,-0.36261612,-0.20142192,-0.014753965,-0.23024589,-0.19500323,-0.13220887,0.05780488,-0.03512621,0.123240106,-0.028795589,-0.23188879,-0.12397463,0.07003429,0.3716442,0.18312068,0.09103593,-0.18898183,-0.27042577,-0.4857463,0.041364547,-0.024399891,-0.16328491,0.09193089,-0.24445225,-0.013639558,0.37449405,0.15833059,0.0010611129,0.27760652,-0.49189046,0.11320491,0.3443516,-0.2302507,-0.24738859,-0.00029149055,-0.27845973,-0.36429664,0.03975775,0.08299722,0.31985593,-0.20793518,-0.096946545,-0.25963208,0.04299344,-0.56344515,0.24782673,0.46570396,0.42985383,0.034294624,-0.413393,-0.37487382,-0.1334678,-0.09878614,-0.2902837,0.38200828,0.15491726,-0.12717637,-0.0043068808,-0.19924062,-0.37254715,0.31289682,-0.13991654,-0.17988503,-0.5712543,-0.6080902,-0.54173946,-0.10128385,-0.3386779,-0.27950537,0.0860182,0.22552413,-0.5908632,-0.43693915,0.104086526,0.43364733,0.0,0,0,1,0,0,0,0,0,0,0,0,0,0,0,1,0,0,0,0,0,0,0,0,0.0,0.0,0.0,0.0
-0.030654723,-0.26891595,0.7201497,-0.38759747,0.44033432,-0.28903505,0.33922908,0.7101743,-0.21884938,-0.46355325,0.23633891,-0.11803592,-0.11384552,0.20747384,-0.08777665,0.6286254,-0.1263337,0.013437621,-0.06657855,0.016536769,0.2849736,0.14476621,-0.14937061,-0.070730895,0.07330672,0.24706759,-0.037108738,-0.7114947,-0.4849823,0.54188323,0.38046318,0.07842523,-0.0726018,0.14792614,-0.50339746,-0.46261007,0.18968631,-0.009529979,0.32015297,0.014655205,0.003713193,-0.4475651,0.5818998,-0.15611893,-0.4202454,-0.09649092,0.11373854,-0.35232636,0.11760261,-0.26021075,-0.74291056,0.061893106,-0.37494755,-0.35499108,-0.0020797206,-0.24292523,0.349002,-0.5817149,-0.32400408,-0.47597462,0.45600772,-0.61418915,0.054975078,-0.05346982,-0.271045,-0.14224844,0.63619334,-0.1473686,-0.67943645,0.097745836,0.12455442,-0.38264248,0.7283353,-0.19923243,0.5101131,-0.18900162,-0.0076585906,0.4292461,-0.32408714,-0.21849287,-0.23193252,0.28480446,0.6936927,0.16971089,0.35878724,0.26239577,0.3659627,0.17331421,-0.5739205,0.7015915,-0.054934002,-0.50794,-0.25532243,-0.23295456,0.3480625,-0.661641,-0.38077,-0.09323391,0.2333211,-0.3574148,0.38550577,-0.79279876,0.2535148,-0.28491938,-0.1891427,0.15058264,0.032521065,0.19036163,0.3211293,-0.049138915,-0.04975934,0.19988924,0.4665668,-0.44600677,0.38231248,-0.1085213,-0.34799385,-0.026439542,0.5575753,-0.23560059,-0.07591366,0.24507788,0.64056134,0.16065279,0.18639687,0.3967194,-0.29474753,-0.038026962,0.046170317,-0.092720956,0.4679007,0.5643986,0.3148859,-0.11604906,0.27600387,0.20628679,0.03446596,-0.03522039,-0.11109645,-0.5289756,0.42081496,0.31360692,0.3870174,0.20075239,0.10203695,-0.048376378,-0.19531983,-0.34998694,-0.21423511,0.41846016,-0.14303713,0.073649496,-0.4592581,-0.0050254636,0.02299054,-0.4618222,-0.87404054,-0.050533686,0.21347405,0.66158783,0.30432028,0.0821639,-0.120633304,-0.16384622,0.20574461,-0.17215076,0.014197483,0.5429206,0.11678638,-0.08988993,0.19596209,-0.3090107,0.7362483,0.15194017,0.23335432,-0.24154143,0.39139515,-0.44646034,0.51214427,0.5886589,-0.49918962,0.007071009,0.08073395,-0.08048338,0.08008612,-0.26158056,0.51755774,-0.4959856,0.7949235,0.009819502,0.123134926,0.019180886,-0.08990512,-0.36332428,0.24842624,-0.20656781,-0.2646969,-0.8435271,0.32379827,-0.46752927,0.5836287,0.35418037,0.31662685,-0.17085744,-0.17976142,0.5310303,-0.3270911,-0.23281692,-0.31987777,0.44473282,-0.13997951,0.647262,-0.33770686,-0.257413,-0.07035958,-0.03963184,0.29898328,0.08003479,-0.069691725,0.3460308,-0.31639457,-0.65817475,-0.14490105,0.225136,-0.28759632,1.0377901,0.36689976,-0.56830955,0.56997305,-0.23213722,-0.25053403,-0.5927146,0.18936932,-0.1689802,0.42763215,0.4865493,-0.41071022,-0.090555534,-0.17923664,0.31040737,-0.56819785,0.18691653,0.2597288,-0.014611336,-0.40923762,0.5876678,0.25022134,-0.7195074,-0.34117207,-0.13277839,-0.5187872,-0.25370148,-0.1362205,-0.20434816,-0.10576152,-0.51131773,-0.013125829,-0.7712272,0.0194495,-0.18919761,0.32012317,-0.17292364,-0.06505539,-0.057359014,0.4947527,0.070717484,0.3810124,0.45569396,0.31141934,0.28773996,-0.035604596,-0.18488178,0.18747889,0.47169578,0.15219812,-0.22039402,0.27978337,0.06789762,0.03668564,-0.3645396,-0.15827511,0.42611027,-0.16673122,0.19499844,0.042084996,-0.51195395,0.21233049,-0.2977407,0.08759632,-0.38570082,-0.05903091,-0.2575044,-0.47960144,-0.3004261,0.92491806,0.100618534,-0.02107634,0.17443182,-0.6180162,-0.27678448,-0.013308897,0.11165442,-0.081096716,-0.17797764,0.37196675,-0.17612417,-0.41508153,0.050893307,-10.554083,-0.0404922,0.18370363,-0.24927418,0.013783941,-0.09092311,-0.22765607,0.38873452,-0.7940384,-0.21688025,-0.033103894,-0.3622224,-0.47008663,-0.37697992,0.090459734,-0.5386807,0.69149375,0.06083214,-0.017755944,0.1898531,-0.49385583,-0.53991944,0.8829344,-0.04026318,0.6331481,0.16173716,0.06580207,-0.51691306,-0.5921749,-0.39279738,-0.3260847,-0.013816327,0.35618198,0.45060456,-0.3134537,0.40955433,0.26624796,-0.7687043,0.18477544,-0.34736526,0.6875824,-0.30413154,-0.043837313,0.2691765,0.64324117,-0.3021873,0.16680185,0.18461107,0.21833734,-0.0862309,-0.2748444,0.11863884,-0.12307132,-0.8149066,-0.18700403,0.22582683,0.48290262,1.0206658,0.27695474,-0.5440168,0.3240574,-0.6206791,-0.40005317,0.9293488,-0.21700336,-0.20794989,-0.30583072,0.120822,-0.037681744,-0.18191017,0.2589147,0.23881945,0.45512345,-1.1753114,-0.2958808,0.37076676,-0.40256917,0.07625297,0.0049656103,-0.0022266498,-0.70037645,-0.7544942,0.31370664,0.0356308,-0.13268436,-0.23323588,0.0733697,-0.039789602,-0.4986733,0.31051677,-0.08650361,0.27295488,0.012615377,0.14065504,0.19886336,0.12984891,0.8874952,-0.32223642,-0.15343073,0.1956397,-0.45707944,0.28172138,0.41085246,0.36179203,-0.3821098,0.10390459,-0.25610834,0.14833295,-0.08494182,0.18906397,0.09597735,-0.28153145,0.24109465,0.11807645,0.045983624,-0.26403213,-0.17318758,0.11954279,-0.3038983,-0.7722303,-0.6300499,0.3692767,-0.5033262,-0.5989443,-0.29823148,0.15484273,-0.26734635,0.22826385,-0.39217082,0.06393026,-0.23375708,-0.33378923,0.06316836,-0.2635649,-0.36143053,0.20736681,0.18843323,0.012151293,-0.09970819,-0.0015672005,0.57687706,0.5174831,0.12430004,0.024355141,0.07993311,0.44215593,-0.17955914,0.051421426,-0.15123731,0.40126133,-0.5956378,-0.7706936,-0.2098527,-0.17168562,-0.11823811,0.35746852,0.26628482,-0.73677915,-0.34370095,-0.4531588,0.38060418,-0.17342186,-0.015693445,0.21840745,0.18323754,0.07909904,-0.14331266,0.21845703,-0.036949575,-0.32247123,0.06977865,0.5534197,-0.15321684,0.12546045,0.45870554,0.10623761,-0.052024517,-0.47970638,0.25490534,0.35336062,0.61156464,0.44877833,0.061407547,-0.2743538,-0.057398427,-0.20950356,-0.2749155,0.47211257,0.26259232,0.38652936,-0.1652746,0.026488326,0.1130523,-0.47042248,0.31387404,-0.036417454,0.5590268,0.15562144,-0.12758753,0.5165921,-0.23938385,-0.007849851,-0.24462709,-0.18458544,-0.030975774,0.028451117,0.2047859,0.379624,0.47565722,0.29248598,-0.009364084,-0.2015099,-0.5544969,-0.40946475,-0.04354113,-0.2323295,0.06747335,-0.09615121,-0.6725856,0.2117639,-0.13924012,-0.0046061724,-0.30515265,0.06422999,-0.21739933,-0.102694094,-0.68338907,-0.7952049,0.22176687,-0.2620204,0.22726358,-1.337113,0.044051323,0.056789443,0.17128599,-0.25663048,-0.29444098,0.12547886,-0.17001842,-0.03923787,-0.20502251,-1.0272298,-0.157399,-0.16912228,-0.38869408,0.43665066,-0.5451142,-0.264808,0.1444125,0.43179828,0.378082,-0.6096329,-0.3014035,-0.49275544,0.20067015,-0.65007895,-0.15558429,0.02040134,0.12442191,0.3083587,-0.7268221,-0.09530225,-0.025576083,-0.25969663,0.22130775,-0.077724,0.50409734,0.3424516,0.32277486,-0.2382617,-0.5813336,-0.31085706,-0.20219748,0.17688991,0.41155732,-0.094023235,-0.6601023,-0.49048313,-0.14295103,-0.38714337,-0.21315132,0.15969901,0.13905649,0.0380911,-0.2503381,-0.18084139,-0.31298873,0.12891556,0.19287388,-0.07469967,-0.10987116,-0.14282201,-0.027616635,-0.061354317,0.07978769,0.58560544,0.3879789,-0.46505952,0.16184737,0.3101932,0.013566771,-0.108456776,0.1061769,0.108228594,-0.38649836,0.4784355,-0.13226865,0.20037489,-0.24482296,0.27406946,-0.3186473,-0.5011009,0.27643284,0.5535389,0.06728505,-0.43547046,-0.13295019,-0.16376644,-0.16815409,0.14232004,0.30476284,0.46587044,0.69276154,-0.04722633,-0.20985447,0.26824403,0.063457705,-0.3290558,-0.11310408,0.43315434,-0.13589089,0.034395568,0.273487,0.37369663,0.009753811,-0.3364414,0.31997597,-0.48709035,0.20521311,-0.24569425,0.18359768,0.36779538,0.4392283,0.18872048,-0.1952315,-0.31433332,0.08161064,-0.070860684,-0.058627345,0.91291785,0.15582338,-0.095236346,0.040238686,-0.41278762,0.4696434,0.12064047,-0.15276076,0.23762009,-0.36402512,0.8229401,0.40705118,0.29426086,0.44655034,-0.41949558,0.115339905,0.010715479,-0.400284,0.15039837,-0.320345,-0.18102051,0.36510533,-0.249103,0.1957152,0.0265109,-0.1705656,-0.07157075,-0.2906318,-0.3085451,-0.42415458,-0.022170698,-0.1750139,-0.18980852,-0.17298694,0.172382,0.49159074,-0.7981104,-0.2345895,0.1796866,0.06300166,-0.094487496,-0.36512578,-0.10477704,-0.60140294,-0.3069104,0.44962457,-0.45195553,-0.31180108,0.031390682,0.67413986,0.32573265,0.45646954,-0.28837478,-0.36826146,-0.3180375,-0.09641764,-0.3490432,-0.16182831,0.28678915,0.03519102,-0.22944546,-0.07275392,0.6868012,0.027979484,0.48988423,-0.18335098,-0.044364654,-0.06358494,-0.2237732,-0.52095234,-0.4016937,-0.5350693,-0.65337354,-0.28813604,0.14494413,-0.2026815,-0.08172905,-0.1151905,-0.24358195,0.24829258,0.019967992,0.0047769905,0.74402547,0.38237458,-0.31841904,-0.09867281,-0.1716492,-0.15128206,-0.22969458,-0.06863833,0.10806615,0.5654888,0.067394935,0.04036623,-0.41686904,0.019190608,0.16697834,0.26394963,-0.07011702,-0.2014897,-0.19909213,-0.47654873,0.11051759,-0.5089013,-0.09759085,0.074922755,0.1415897,-0.19866703,-0.5828822,0.10444548,0.02208294,0.08249999999999999,0,0,0,2,0,0,0,0,0,2,0,2,1,2,4,1,0,0,0,0,0,0,0,0.1,0.0,0.0,0.0
0.050804876,0.40067023,0.8899593,-0.08160691,0.054119524,-0.3927118,0.039000727,-0.07278677,-0.24584028,-0.09687968,0.27523303,-0.38925588,-0.16142368,0.8728115,-0.3460511,0.5831465,-0.04103202,0.09526894,-0.41308558,0.27450716,0.862384,0.09723421,-0.018539732,0.2128503,0.058712676,0.050490204,-0.032885056,0.30024907,-0.12621397,-0.005028657,0.14172715,0.23420776,0.31803468,-0.46499044,-0.019756734,-0.13729924,-0.46619302,0.34014928,-0.018157328,0.060878552,0.114261076,-0.40466556,0.3706313,-0.14040352,0.023775076,-0.30686817,0.08726885,-0.46183968,-0.10108513,-0.5095956,-0.53594023,-0.10610893,-0.31109482,-0.47844082,-0.10606549,0.13501419,0.12794124,-0.43913457,-0.12967914,-0.0011582912,-0.17504826,0.064549536,-0.06838726,-0.47282508,-0.44760036,-0.25353375,-0.14296286,0.3865399,-0.54547274,0.11478298,0.067992434,0.47322384,0.22141294,0.10318847,-0.060015626,-0.069206834,0.09538957,0.36021414,-0.22631603,0.035405576,0.16214141,-0.31300718,0.56685996,0.4202464,0.4132378,-0.15357268,0.063984215,0.08949826,-0.6785903,0.5624114,-0.053609163,-0.168131,0.0111348005,0.0953804,0.40075675,0.062434677,-0.53904516,-0.30871937,0.17279264,0.36789054,0.53022814,-0.10916602,-0.12874664,-0.20460217,-0.16706112,-0.24134363,-0.11402852,-0.23326567,-0.060860243,-0.11284856,-0.03661937,0.15493974,0.10643883,-0.33561912,0.15292783,-0.13677193,-0.24201673,0.31156722,0.26518118,-0.1240111,-0.4901206,0.044298906,0.41172782,0.49036813,-0.17650557,0.23239622,-0.063866995,-0.3201416,0.36210117,0.8005421,0.34885815,0.27159327,-0.24355057,-0.30318555,0.04763149,-0.5952901,0.29373014,0.19399482,-0.62442493,-0.49578887,-0.49054536,-0.58667374,-0.15000932,-0.05224308,0.045966245,-0.43626228,-0.4225834,0.22394349,-0.0149415145,0.124037124,-0.53710675,0.1514703,-0.75452554,-0.25243816,-0.20138371,-0.17738491,-0.5765517,-0.17072989,0.46185455,0.2143787,0.3281409,-0.22580296,-0.13808651,-0.09815448,0.12433549,-0.13062547,0.22999655,0.5202525,-0.35547075,-0.23322523,-0.14570351,-0.10381523,0.0987468,0.020057848,0.594654,-0.23279268,0.28122482,-0.040471423,0.14331049,0.65767366,-0.3563561,0.0826164,-0.078661725,-0.026621526,0.21968612,0.094459884,0.7258088,-0.22136961,0.6293608,-0.4109094,0.09652226,0.1697973,0.6573266,-0.04809158,0.42225772,0.25448474,-0.11258412,-0.25305986,0.38218987,0.17287743,0.08760639,0.5353681,-0.4443923,-0.2863513,-0.45986176,0.72919357,-0.14478007,0.17326075,-0.585424,0.095862865,0.253181,0.20980948,-0.16570048,0.0908786,0.34832156,-0.31378928,0.087564886,0.0383172,0.20152755,0.05405806,0.084553264,-0.1687968,-0.47149456,-0.08450497,-0.46611965,1.2614679,0.12294795,-0.67798233,0.37116715,-0.0056782006,0.06758883,0.12125661,-0.008934947,-0.50146997,-0.3575972,0.57230777,0.12027064,0.10341778,-0.18277434,0.1703426,-0.29275268,0.22606893,0.40789983,-0.20002575,-0.11096107,0.302888,-0.3541232,-1.1479801,-0.45732665,0.036534548,0.016158989,-0.21661095,0.16357812,-0.34074092,0.07821936,-0.09060888,0.419395,-0.60370225,-0.538581,-0.2351744,0.1778036,-0.28083122,0.12062231,0.07839008,-0.011892779,-0.5225444,-0.18326122,0.52609456,0.48295215,0.15054813,-0.046078645,-0.05984602,0.07865171,0.4187846,-0.26162028,-0.12969217,0.51065767,-0.1843442,0.44769654,-0.6442609,-0.19002084,0.37489146,-0.13111386,0.07217017,-0.15384954,-0.21713175,0.18159576,-0.14703794,0.23025587,-0.47406742,-0.066678055,0.122292906,-0.3850374,-0.29046598,0.5613127,0.028744573,-0.30951482,0.18402128,-0.122608736,-0.041166738,-1.0337453,0.7829377,-0.04583846,0.2558827,-0.16933033,-0.7940504,-0.21814872,-0.06639313,-11.8937435,-0.5630441,-0.30410057,0.06419949,0.61891335,-0.27348864,0.09926023,0.0057413746,-0.2900421,-0.0006003691,-0.4090219,-0.2525445,-0.12827773,-0.21384889,0.037631594,0.086121924,-0.106940836,0.21444431,-0.24039486,0.48313126,-0.20558132,-0.5613902,0.98805165,-0.22831786,0.56239057,0.14592087,-0.40543547,-0.09682239,0.05380699,-0.5042441,-0.5427977,0.05024655,-0.20060796,0.6147027,-0.31050384,0.053042594,-0.012968881,-0.30689105,0.012572277,-0.35902143,0.14395392,-0.41327152,-0.33134878,0.14905679,0.44068828,-0.5296929,-0.38260424,0.1192378,0.0006841655,0.7557585,-0.23270838,-0.3952855,-0.2292595,-0.7369139,0.067214325,0.044515744,0.01498626,1.0764132,-0.047990285,-0.64085037,0.53032905,-0.07627288,-1.0178514,-0.1312079,0.07876412,0.027258053,0.121011965,0.123785906,-0.0066129733,0.00064532546,-0.12550254,0.07247631,0.18616824,-1.3183296,-0.6497139,0.643771,-0.27218327,0.08921214,0.2848734,0.17142938,-0.5082665,-0.23228037,0.3561678,0.06532757,-0.87649465,-0.2427883,-0.26687655,-0.45088294,-0.21493086,0.40737426,-0.19969149,-0.14069071,-0.23483866,0.25138885,-0.1332557,-0.5857258,0.71591544,-0.3787444,0.5233257,0.26144207,0.13696373,0.35959008,0.2722821,-0.083040945,0.1504685,-0.10336018,-0.20291714,0.10122971,-0.2003798,0.12951486,0.25260508,-0.24600425,0.14898254,-0.068591565,-0.097297885,-0.4029417,0.13286088,0.61551815,-0.13504946,-0.24129954,-0.44285357,0.37766853,-0.4123334,-0.91875833,-0.119433425,0.4215894,-0.28421465,0.73705673,-0.24631202,0.18109062,-0.46586582,-0.42773682,-0.13870734,-0.42115563,-0.11014227,-0.17414254,-0.22318323,-0.54501843,-0.0837253,0.015522526,0.7028611,-0.15289164,0.86153764,0.19212462,0.2507164,0.10490304,0.47998917,-0.14790529,-0.2581541,0.30506027,-0.40610367,-1.1867363,0.6334035,-0.39363107,0.56444174,-0.25123224,0.011309812,-0.386897,-0.34016314,-0.6517359,0.399581,-0.72804415,-0.11276295,-0.19076699,-0.21116316,0.4069022,-0.20125078,0.055189524,0.20125537,0.25506505,-0.15520018,0.48346502,-0.2475278,0.32803485,0.012363188,0.14463407,0.07921255,-0.56397367,0.2171005,0.43691117,0.002060811,0.29176423,0.20752092,-0.19415322,0.30597314,-0.2203075,0.16235827,-0.20301276,0.49002337,0.3675304,-0.54593563,1.1403404,-0.18060738,-0.2224451,0.2736566,-0.4380045,0.40273383,0.37293547,0.17596193,0.45434216,0.24635944,-0.34690598,0.2865183,0.24304247,0.33267918,-0.3781522,0.33689445,0.5451842,0.19508725,-0.24763435,-0.14297219,-0.7991753,-0.006353677,-0.3311061,-0.30342054,-0.1694903,-0.03473141,-0.10644772,-0.62805945,0.3464151,0.029089635,0.023580248,0.051845714,-0.042957693,-0.46085098,-0.112496994,0.28080344,0.14029463,-0.15456647,0.43003663,0.2739342,-1.3313315,0.14384387,0.029552355,-0.012775643,0.01829947,-0.14415714,-0.025784867,0.20725079,-0.13538373,-0.1775335,-0.73865783,-0.23878099,-0.1786051,0.1881408,-0.08944258,-0.007672542,0.14849426,-0.38940257,0.071943834,0.67868775,-0.053649582,-0.07777117,-0.11353538,0.45301914,-0.5250481,-0.23175336,0.13840716,-0.1180111,-0.02466442,-0.47235873,0.2604542,-0.027780717,-0.21039061,-0.024119144,-0.045555938,0.30117372,0.23319864,0.048817005,-0.06500533,0.021020796,-0.353078,0.12928364,-0.36965108,-0.11169836,-0.2007022,-0.38420808,0.119522706,0.6223505,0.2761411,-0.079173855,-0.14604598,0.2097693,-0.15435632,0.30525947,0.036858078,0.059866842,-0.4120506,0.18068485,0.2801816,-0.04217831,0.3340198,-0.3280318,0.25220412,0.056437086,0.461436,0.63646746,-0.28462195,0.5586591,0.20252916,0.052821003,-0.738587,0.33696765,0.15338582,0.2097991,0.31165868,0.09992836,0.08757062,-0.48067474,0.49556068,-0.6280505,0.012516084,0.17473099,0.44107673,0.09726439,-0.45010155,0.12211605,-0.42775777,0.14233562,0.20951158,-0.16089576,0.21324125,0.5987772,0.02535644,-0.018314898,0.08026156,0.024930654,-0.40794742,0.3967653,0.30909014,-0.04846097,0.13383016,0.24670902,0.4031572,0.0965049,-0.028662546,-0.070980646,-0.08974358,-0.2600835,0.17109169,-0.31316888,-0.08459932,-0.43811345,0.18244034,0.0043483065,-0.27497798,-0.13150834,0.17649464,0.50433236,0.6130001,-0.108058035,0.12055179,0.16591807,0.015353645,0.54488164,0.005416702,0.159344,-0.09042138,0.2183803,0.26354876,0.50935143,0.1032442,0.15513575,-0.038128413,0.11635051,0.11694083,-0.0046090605,0.119023584,-0.4199283,-0.46975625,0.21287392,-0.43430737,0.42081332,0.28327516,-0.1271571,0.03546884,-0.46073765,0.17140009,-0.4369181,0.14972366,0.03279297,0.09345026,-0.43594703,-0.4506176,0.16372508,-0.15959693,-0.17481776,-0.2383346,-0.6287952,-0.034874015,-0.093787916,-0.010137941,-0.07237174,-0.15055896,-0.008628675,-0.44584572,0.09686886,-0.03506912,0.2530864,0.00407268,0.20629969,-0.14210911,-0.52698386,-0.2972934,0.043107748,-0.03985698,-0.5286043,-0.13454166,-0.10897171,-0.024253136,-0.41701588,0.5909054,0.010189388,0.31175214,-0.2423479,-0.011330132,-0.022236476,-0.35207522,-0.28562343,-0.24366371,-0.51686406,-0.19838744,0.3141131,0.2749165,-0.033412997,-0.50385326,-0.3798802,-0.050053075,0.20317543,0.1621421,-0.0069560427,0.4111899,0.20105633,-0.51577955,-0.48400706,0.019595213,-0.52724415,0.10296594,-0.007473952,0.1872722,0.08506428,-0.2679538,-0.23032998,-0.050333943,-0.012671547,-0.042505022,-0.31251174,0.7388688,-0.609909,-0.6306784,-0.49553668,0.021193804,-0.27662182,0.21426253,-0.10196588,0.43071485,-0.18035944,-0.27471372,0.42688066,-0.14851977,-0.039999999999999994,0,0,0,1,0,0,0,0,0,1,1,5,3,0,5,0,0,0,0,0,0,0,1,0.0,0.0,0.0,-1.0
-0.12803878,-0.4183975,0.74722683,-0.0020668306,0.33344996,-0.18918246,-0.057392955,1.1389525,-0.25762013,-0.3014217,0.6464015,-0.18469797,0.2731448,0.24222896,-0.7917176,0.6660347,0.30460864,0.25337365,0.031901475,-0.08798705,0.31344554,-0.41462675,-0.12311502,-0.4084868,0.17435731,-0.23158585,-0.38519007,0.11538633,-0.7578002,0.23966442,0.24157812,0.23122646,0.06896007,-0.086797394,0.09146934,-0.046234496,0.26281846,0.6967933,-0.1710191,0.20292816,-0.12345032,-0.38944122,0.3273875,0.2016077,-0.14915851,-0.20026882,0.19890168,-0.44484785,0.057547495,-0.54480314,-0.3791089,-0.45364597,-0.5846864,-0.17494385,0.13699423,0.12733606,0.41148144,-0.55396444,0.32727703,0.22481015,-0.17712927,-0.36970776,0.24303249,-0.064874105,0.033546507,-0.2972098,-0.41119272,-0.16597955,0.016417587,0.27830368,-0.03234106,0.20492497,0.6470977,0.015738674,-0.23814818,-0.54371923,-0.15281329,0.15545303,-0.6486422,0.25298768,-0.12502433,0.18534136,-0.03767087,0.3663588,0.16500208,0.28971288,-0.44848335,-0.3602803,-0.34225017,0.37213075,0.32024068,-0.21899551,-0.2744215,0.14897886,0.01240713,-0.17008997,0.023483934,0.37151927,0.2528679,-0.34144875,0.33761406,-0.55190855,0.7284237,-0.081864156,0.20528579,0.35798055,-0.12855536,-0.26023796,0.008921137,0.06060805,0.223785,0.29470628,0.73335963,-0.06792495,0.042951327,0.43554556,-0.4976457,0.12455536,0.4434102,-0.55438864,-0.43201968,0.14344132,-0.039696075,0.079822,0.66634506,0.2551644,0.110753536,0.16519481,0.3390379,-0.0093936045,0.34232837,0.29444674,0.021992456,-0.09630195,0.46109512,0.36576283,-0.07986243,-0.39695466,-0.16909902,-0.43986633,-0.15484636,0.09461346,0.36512047,0.47037938,0.16529074,-0.46431977,-0.26914433,0.037052985,-0.43951356,0.17743446,-0.06394721,-0.1875456,-0.056273665,0.22849387,-0.18065889,-0.46436563,-0.5064871,0.2006513,0.23138902,0.38515794,-0.014375529,0.24872369,0.2436497,-0.19174889,0.24978153,-0.030891858,-0.27680686,-0.022534315,0.054942608,-0.30456418,0.112133875,0.7115239,0.5619638,0.16006659,0.39209244,-0.46542627,0.16712087,-0.07985429,0.0030489888,0.47672218,-0.4749623,-0.039806042,0.28198174,0.24709383,-0.028553586,-0.20489258,0.6880084,-0.5164267,0.48372048,-0.019591987,0.51713216,-0.1349913,0.11673983,-0.424905,0.041236345,0.01812338,0.37109149,-0.4487012,-0.025614344,-0.3980953,0.40155777,-0.091602966,-0.021292405,-0.15777263,-0.017657483,0.7015778,-0.13861102,-0.04000246,0.28182164,0.49295345,-0.30143782,0.083110765,-0.20952617,0.42558607,0.20804146,-0.08145725,0.20681372,-0.025644766,-0.20630267,0.19606653,0.13419951,0.022022622,-0.23610537,0.58883035,-0.15364547,0.85573864,0.36841005,0.07782961,0.05142108,0.11046612,0.5851182,-0.02577463,0.2854746,-0.098995686,0.27050182,0.3655718,-0.13664897,-0.30670416,-0.33553845,-0.14990304,-0.10100297,-0.3446747,0.533033,0.25036,0.22222713,0.32994476,0.14533927,-0.64692533,-0.07820751,-0.44639012,0.30727142,-0.5474149,-0.010089402,-0.59285474,-0.33975375,-0.3540704,-0.6024593,-0.07529331,0.17765069,-0.3668246,0.34927887,-0.35437855,-0.008947749,-0.09792054,0.031000052,0.039551437,-0.16384827,0.28186747,0.07642314,-0.17879343,0.3586616,0.4483933,-0.051489785,0.4611886,0.0010639962,0.016534982,-0.12570998,0.26173437,0.38002074,-0.57295936,0.16634843,0.5683823,-0.4503009,-0.2770526,-0.6328181,-0.090227686,-0.020128127,0.28891307,-0.2761828,-0.5446241,-0.24210182,-0.23760615,-0.7347768,0.27731276,0.6645208,0.08044684,-0.5709294,0.5046573,-0.43329173,-0.88092905,0.19760425,0.37680072,0.42232978,0.009722699,-0.29681653,-0.66582716,-0.7763644,-0.18055445,-10.089449,-0.14389609,-0.1788087,-0.14677049,0.29937723,-0.7498815,-0.12260996,-0.009144894,-0.4767083,0.40783814,-0.05453881,-0.56218797,-0.20758034,-0.46651137,0.46672022,-0.031800058,0.33712688,0.3379312,-0.066434875,0.34676602,0.09553178,-0.6213445,0.58573014,-0.006049161,0.18683027,0.10957933,-0.06013598,0.06805135,-0.49209327,-0.092645206,-0.5913595,-0.008360916,0.17904688,0.49626744,0.16081071,0.019848404,0.20110862,-0.27017492,0.4601352,-0.14171094,0.29012373,-0.17966333,-0.26319993,0.41139796,0.41268253,0.05067903,0.10714173,-0.15093212,0.43068534,0.1808315,-0.3025195,-0.59962314,-0.2793856,-0.6076872,0.1170866,-0.16226704,-0.08199016,0.72934175,0.07409482,-0.27478987,0.14722075,-0.04382091,-0.2829573,0.114821024,-0.2859173,0.80376256,-0.33777526,0.09834321,-0.011558169,0.03535184,0.11025332,0.5484281,0.08896787,-1.5282928,-0.27043456,0.59541667,0.10713209,0.6026062,-2.3905475e-05,0.060832564,0.21820845,-0.6524166,0.27008933,0.09299323,0.075283565,-0.87441623,-0.32852536,-0.96437013,-0.45349437,0.056397445,0.20456263,-0.034431003,0.2167531,0.022664778,0.21033177,-0.49709785,0.64906347,-0.58098054,0.30724713,-0.23157582,0.33565518,-0.12838705,0.2826649,0.08958328,0.026803078,-0.28063133,0.30124027,-0.2570571,0.24011849,0.21266219,0.29419208,-0.49877882,0.38710436,0.72598964,-0.34075165,-0.38547117,0.18846236,0.5064623,-0.9081936,-0.53945565,0.37947175,0.06889662,-0.37251747,-0.30999482,-0.37186563,-0.14403947,-0.3065839,-0.2944158,-0.6205241,0.1387875,0.035177853,-0.24415651,-0.1541383,-0.31498295,0.122767694,0.013672666,0.018523773,-1.0598527,0.49007252,0.13161394,0.45168564,-0.13220271,0.6068498,-0.046616077,0.016995316,0.23502852,0.29845774,0.12587458,-0.4804935,0.47821948,-0.24686085,-0.68776023,0.15609787,0.3657955,0.087926656,0.16485897,0.18970029,-0.6011405,0.06606125,-0.53587055,-0.13820332,0.029707404,0.12863828,0.8465943,0.10094952,-0.043625996,-0.1764509,0.4473376,-0.14398292,-0.2989926,-0.0642003,0.28196394,-0.28663895,0.24490187,-0.009024746,0.2659008,-0.2703021,-0.12489423,0.10631941,0.21333674,-0.18104336,-0.099032454,-0.30694503,-0.2762242,0.33624214,0.01574857,-0.36458734,-0.3802973,0.5454079,0.38784912,-0.5029207,0.57381904,-0.31965688,-0.21177626,0.17388776,-0.3784003,0.19465716,0.16794635,0.06911595,0.10131149,-0.051296633,-0.007824444,-0.049281333,0.023489444,-0.4025516,0.17763893,0.44839767,0.041701086,0.0024572348,0.29597777,0.49116912,-0.786484,-0.29058093,-0.18131831,0.1862023,-0.033134494,-0.34588104,-0.34218556,-0.6642737,0.22344252,-0.49565437,-0.17067105,-0.95245206,-0.22450307,-0.6036178,-0.15286365,0.07309885,-0.19080612,-0.3221749,-0.118137516,0.15656362,-1.4617975,0.16003405,0.080779776,0.19001865,0.03032033,0.042675726,0.5341701,0.6085673,-0.20052022,0.029798357,-0.5253622,-0.016394788,-0.6244834,-0.07703789,0.41374663,-0.34574655,0.4199081,-0.029179957,0.5856536,0.54796827,-0.13004602,0.028566686,-0.09467483,-0.060818844,-0.3292587,-0.46131453,0.014958071,0.07006201,0.5948994,-0.0765397,-0.22703362,0.22431499,-0.1487692,-0.113373294,-0.15430138,0.18052983,0.10334762,-0.092632286,-0.26009947,-0.4073637,-0.40129608,0.12477773,-0.10906193,-0.010816008,-0.10228177,-0.704559,-0.8064093,0.22890912,0.24263921,-0.2755124,-0.40903905,-0.010200777,-0.18663865,-0.31372643,-0.14871022,-0.1342269,-0.015016617,-0.17988133,0.04570373,0.46068808,0.4776834,-0.623633,0.14835256,0.19153282,0.20121957,0.46770403,-0.6429415,0.34104952,0.59166014,0.1073323,-0.2578224,0.09666969,-0.0407059,-0.036313843,0.4808179,-0.33705285,-0.27935264,0.19954525,0.104279466,-0.18369955,-0.413596,0.53606087,0.43254015,-0.11106108,-0.23032549,-0.11271365,-0.45855,-0.60280424,0.57258314,0.37475544,0.2976666,0.70652896,-0.06830153,0.09550666,0.27849644,-0.46174034,-0.10701637,0.17078702,0.8220733,-0.2877061,0.039663915,-0.44700956,0.11189254,-0.09694504,0.11681353,0.50555396,-0.06891544,-0.21340229,-0.20657144,0.0023907428,0.4322249,0.41637957,0.09071683,0.028317513,-0.2566274,-0.40357855,-0.1561701,0.338983,0.2804048,0.099983975,-0.17801473,0.159745,-0.49088874,0.6107137,-0.40554544,-0.5995333,0.20615585,-0.7916887,0.28936514,0.51004034,0.3399058,-0.04287718,-0.34579352,0.26642147,-0.22291054,0.2952124,0.05625999,0.0908058,-0.24492,0.4170199,-0.20088145,0.5661804,0.26980326,-0.30119747,0.026663478,-0.14475968,0.37425077,-0.26216623,0.019260528,-0.07318628,0.026542751,-0.5097068,0.07509325,0.11281208,-0.3520042,-1.0621103,-0.15525688,-0.16675808,0.14837565,-0.27409798,0.03425511,-0.3445916,-0.35331315,2.3224893e-05,-0.57239467,0.20538908,-0.20282207,0.09883538,0.0058999783,0.28351024,-0.33731917,0.05120414,0.26755956,-0.1850225,-0.28458673,-0.4558978,0.367188,0.3337164,-0.06260867,-0.4479403,0.6353762,-0.20708802,0.41444772,0.12734264,-0.386016,0.012986561,-0.837473,-0.2930145,-0.10082565,-0.40951565,-0.28854573,-0.3608551,0.09499267,-0.042788386,-0.48137096,-0.010249882,0.105406955,-0.08581385,-0.45309216,0.08364972,0.22094141,0.29058474,-0.6516081,0.37747037,-0.46194428,-0.5706348,-0.07402142,0.11327125,0.40815812,0.45361248,-0.082356215,0.14930311,-0.09018865,-0.009641408,-0.15406646,0.4787828,-0.43674752,-0.46598622,0.06749748,-0.47457296,-0.17056736,-0.47359255,-0.2545593,-0.0256222,0.19433321,-0.44897985,-0.4050699,-0.062346645,-0.34988052,0.45,0,0,0,1,0,0,0,1,0,2,0,0,1,0,2,0,1,0,0,0,0,0,0,0.0,0.1,0.0,0.0
0.29061228,-0.14887129,0.60103345,-0.049537595,0.42150107,-0.5591841,0.067362405,0.51499003,-0.14681536,0.17796926,-0.39735565,-0.01671502,0.054074865,0.17070267,0.24332142,0.57890487,-0.3416191,0.13050331,0.0015223888,0.27199414,0.48859546,-0.072913006,-0.18209586,0.014483564,0.36525288,0.15848418,0.30704048,-0.39743128,-0.977402,-0.19096594,0.37159023,0.18595102,0.17884222,-0.41686553,-0.18432195,-0.47441718,-0.09429367,-0.35213822,0.26601693,0.42201644,0.048772436,-0.05788744,0.28137687,0.10359182,-0.1171451,-0.062113117,-0.1815916,-0.48347762,0.019674936,-0.35902688,-0.8901067,-0.056686245,0.26427355,0.011372166,0.21669026,0.28862014,0.31775048,-0.42388213,-0.2962531,-0.061208315,-0.053359054,0.3479421,-0.16612205,-0.11874629,0.01192914,0.11784856,0.08336761,0.49326575,-1.0881425,0.2417398,0.15416932,0.08721093,-0.09304102,0.25305262,0.1566229,0.37522614,0.10984456,0.5282004,0.1563819,-0.1448858,0.13686365,0.49351466,0.39290515,0.22694613,0.41478297,0.38430172,-0.0028569186,0.004620637,-0.46933705,0.74508166,-0.34604225,-0.09500364,0.16557893,-0.3285879,0.69400316,-0.5921316,-0.2367605,-0.49844274,-0.20471478,-0.089192726,0.42827263,-0.21259218,-0.17377879,0.15727484,-0.2549887,-0.11600092,-0.7419072,-0.43402785,-0.049873568,0.45055556,-0.30505213,0.27513131,0.045292594,-0.52029216,-0.25407052,0.028354604,0.13747296,0.065090306,0.1013167,0.26906902,-0.07396738,0.5273719,0.12719522,0.11982414,0.35893294,0.022955619,-0.13660984,-0.099409,0.13880843,0.1783791,1.0464627,0.5265063,0.41420615,-0.31590936,-0.0014954779,0.19501263,-0.08926749,-0.47796798,-0.05374149,-0.1897718,-0.012504413,-0.20196737,0.02854654,0.07935149,0.22089659,0.26546657,-0.07531598,-0.30207843,-0.455651,0.3644207,-0.50341094,-0.10077888,-0.113707155,0.16097368,0.14276706,0.07170687,-0.10977109,0.116981655,0.1907951,0.08750952,0.1886331,0.43102103,-0.26716828,-0.20908432,0.10712297,-0.06929663,-0.24715132,0.38914108,-0.05319293,-0.21502772,-0.08458414,-0.36947936,0.123063326,-0.06079119,0.36319706,0.33770612,0.18066414,-0.14243625,0.6190054,0.6546754,-0.6212805,-0.23043631,0.3778301,-0.4761125,-0.08637575,0.048352834,0.75606084,-0.43310234,0.22678286,0.13838373,-0.4149728,0.1780262,0.11851448,-0.47305906,0.04263856,-0.24858718,-0.3822299,-0.49228787,0.08200839,-0.18711682,0.1422687,0.11376503,-0.39861706,-0.13126035,-0.643622,0.3368707,0.23214813,-0.62170976,-0.22995701,-0.32674235,-0.37653306,0.1953958,-0.20346044,0.53402036,-0.01714963,0.11529947,0.13449316,0.029960146,0.06460629,0.097483866,0.2729925,-0.4935072,0.029303048,0.08635555,-0.032290325,1.141399,0.10721859,-0.097864315,0.94478124,0.3075169,-0.29299065,-0.06621717,0.46718997,-0.045756053,0.2894395,0.13798867,-0.4269506,-0.6829438,0.23096472,0.053536046,-0.16056244,0.46585023,0.32593685,0.2354639,0.09552094,0.32556495,-0.10902862,-0.3478275,-0.15773015,-0.16393284,0.14968072,-0.08131514,-0.6038044,-0.36789218,-0.27273604,-0.21044917,-0.4315683,-0.22201402,-0.08756824,0.1536765,0.09629494,0.08600055,0.07484158,0.0072603934,-0.0009964961,-0.6923301,0.48568887,-0.024066303,0.3863277,0.21115889,-0.13360557,-0.2476894,-0.014847449,0.34056675,0.098573215,-0.05468023,0.0874392,-0.25483796,0.032238405,-0.07305325,0.03362053,0.0046980977,0.0931309,-0.15834591,-0.4960661,-0.19980167,0.3465305,-0.054702558,-0.4232532,-0.05572231,-0.633158,0.4681082,-0.4606059,-0.22726242,0.8710949,0.38333398,-0.1617881,0.33280295,-0.2876564,-0.28399518,0.5231189,-0.30206072,-0.08896811,-0.15223062,-0.19107682,0.3453082,-0.66809064,-0.64040107,-8.448338,-0.28378734,-0.4617944,-0.32574943,-0.13350882,-0.40279526,0.17281519,-0.42493498,0.07155308,0.064376295,-0.11208734,0.004826469,0.10174093,-0.25451785,-0.2284305,0.4702377,0.74201673,-0.09201893,0.18677083,0.25274625,-0.23008676,-0.31480956,0.12527917,0.102044255,0.24027878,0.1722775,-0.10438649,-0.045037456,0.02221643,-0.46876594,-0.10747292,0.03830719,-0.22564486,1.0520118,0.26151758,-0.34439704,-0.10958818,-0.27200252,-0.09639753,-0.25034454,0.09400365,0.057230026,0.008747404,-0.11697258,1.1338991,-0.49234706,0.15360305,0.2739096,-0.37566334,0.04469234,-0.17043787,-0.59665984,-0.13937008,-0.22942679,-0.08741416,-0.44096678,0.0028908937,1.0058339,-0.10451973,0.02115472,0.4092173,-0.5110567,-0.050250527,-0.23330645,-0.527896,-0.26912853,-0.5461583,-0.6239131,0.04624036,-0.09242201,-0.47800255,0.5827404,-0.023926385,-1.1163565,0.2060162,-0.49548912,0.06799413,0.3076916,-0.32294136,-0.05913958,-0.26722863,-0.42826566,0.077441,-0.14444302,-0.47925186,-0.4744171,0.08860305,-0.19258037,-0.6785422,-0.0142013915,-0.3296138,0.17985411,0.27524734,0.052616574,0.032786544,-0.056645118,0.67099553,-0.60114294,0.015516913,0.36120826,0.5502268,-0.18888755,0.46150646,-0.34862658,-0.24434224,0.19585936,-0.319377,-0.06091999,0.28253886,-0.21112618,-0.17201123,-0.040432997,-0.2861042,0.16168234,-0.33731854,-0.0911325,0.33919936,0.2617919,0.22207579,-0.46441036,-0.355922,0.2320476,-0.256021,-0.2685196,0.17264023,-0.0019234008,-0.172816,0.074119784,-0.43759823,0.0657443,-0.01469652,-0.2601454,-0.02157392,-0.033890557,0.08373416,0.11562666,-0.08967555,-0.047547713,0.44481403,0.21059692,0.08510611,0.39487848,0.38983077,0.0027177716,0.12190283,-0.18727589,0.34180966,0.47106212,-0.012585907,0.042533148,-0.13850954,-0.62667704,0.07798113,-0.122472,0.53420854,-0.005019307,0.45959705,-0.17415212,-0.14957696,-0.52061605,0.403488,-0.54099363,0.09474397,0.47218773,0.03047919,0.012677481,0.03781072,0.42925957,-0.02126297,-0.536003,0.013891131,0.31753793,-0.12623884,0.2227534,0.30296826,0.122234955,0.38298216,-0.46588203,-0.06983135,0.28194547,-0.07223762,-0.10118246,0.14011002,-0.21493627,0.19076513,-0.46574402,0.2138094,0.3674594,0.55105776,0.67313606,-0.18398012,0.6162908,0.009987551,-0.32206374,0.37046447,-0.6946957,0.388647,-0.41282937,-0.12943946,0.386809,-0.24090415,0.007862767,-0.8574981,0.07308383,-0.682251,-0.08848927,-0.08515541,0.16976854,0.14672554,-0.3598186,-0.61535716,-0.50872856,-0.22732818,0.10559609,-0.16715708,-0.07968422,-0.50324166,-0.18408136,-0.38565773,0.30683005,0.2119637,0.16876294,0.19238812,0.32583454,-0.2360775,0.42177546,0.26528504,-0.24644655,-0.19547164,0.18021388,0.26007512,-0.96429956,-0.15252875,-0.24252729,-0.17684299,0.024467245,-0.65011907,0.089761905,-0.045691334,-0.39462098,-0.40295166,-0.20204858,-0.31371117,-0.38921645,-0.32198012,0.2635555,-0.38152638,-0.039828397,-0.31868944,0.10816662,0.18532455,-0.42398533,0.058383953,-0.33823967,0.3881401,-0.28331983,0.1376274,-0.091259435,-0.36319107,0.13384995,0.44949168,0.14256078,0.07922849,0.5025247,0.10270518,-0.0006194554,-0.33627072,0.054744005,-0.22048022,-0.5080799,-0.5311906,-0.14825596,0.3881596,0.5011089,0.23588783,-0.20989355,-0.04900311,-0.29823124,-0.27773583,-0.29015917,-0.31438282,0.026832249,0.48936328,0.15763149,0.47482222,-0.33248264,-0.47252044,0.26935816,0.06621085,-0.008861053,0.10560066,0.46557513,-0.43398368,0.19256571,-0.2633989,0.20313604,0.6078197,-0.26166633,0.22158995,0.36863244,-0.14453247,0.058378063,0.4747694,0.116612986,0.23487447,0.19815548,0.04636313,-0.11050937,-0.015657032,-0.3159796,0.011716744,-0.31339636,0.199615,0.8467083,0.10854238,-0.42422375,-0.748209,-0.14917146,-0.6521296,-0.09301096,-0.057747446,0.4389068,0.36749208,-0.028289873,-0.28184116,-0.15083303,0.24964094,-0.07554265,0.3396026,-0.15117736,-0.16810739,-0.013266108,-0.3273197,0.3360299,0.16033481,-0.2518684,-0.4790378,-0.2675942,-0.38107625,-0.030515537,-0.24723993,0.14646342,-0.23887102,0.2889594,-0.20925047,0.0057259398,-0.16444536,-0.07146988,0.18100174,0.07229048,0.19185181,0.13254617,-0.11212519,0.38745204,0.062734894,-0.1925879,0.20347881,-0.20857967,-0.16436432,0.5382714,0.38932815,0.2135043,-0.09194372,-0.7157769,-0.20817909,0.009913098,0.3582494,-0.3082924,0.031579975,0.2328186,0.3941319,0.052002892,0.050008167,0.091863915,-0.061844304,-0.04928425,0.09093873,-0.15464932,-0.17459115,0.15406112,-0.41269484,-0.016882619,-0.6518386,0.07630221,0.32366645,-0.33071363,0.06609941,-0.19951731,-0.32965484,-0.33448794,-0.5501489,0.5279227,0.100879565,-0.13975966,0.03501308,-0.15916206,-0.16862577,0.18947259,0.17015122,-0.3569085,-0.24207991,0.0010493936,0.018477261,0.0038656145,-0.16208997,0.012606983,-0.17542349,0.46769103,-0.5156008,-0.12137785,0.36344254,0.31455076,0.09648222,0.22035845,0.062776744,0.28509885,0.8298294,-0.03147486,-0.5120752,0.1908743,-0.48302925,-0.41433963,0.34154144,-0.013493767,0.12705804,-0.6237276,-0.3098587,-0.013147482,-0.19726428,0.29765403,-0.23383039,-0.26821905,0.16336493,0.35178325,-0.49980727,-0.27593505,-0.066964306,0.3248069,0.047256198,0.18866076,-0.33818126,-0.13654642,0.40465736,-0.2704778,0.059042577,0.27858096,-0.04710959,-0.09926197,-0.622201,-0.22955538,-0.38227853,-0.15194905,-0.84305006,-0.3169464,0.1122834,0.07332782,-0.40025806,-0.35199678,-0.11758395,0.38167658,0.13333333333333336,0,0,1,0,0,0,0,1,1,1,1,0,0,1,2,0,0,0,0,0,0,0,1,0.0,0.0,0.0,-0.13333333333333333
0.13406175,-0.415531,0.73330057,0.23285761,0.79626215,-0.06589259,-0.0048295497,0.62447363,-0.2126086,0.114744596,0.11287945,0.1258017,0.22356829,-0.018381337,0.32236034,0.22916508,-0.5993622,0.31615663,-0.18827344,-0.18678282,0.23743941,0.17351176,0.45934933,-0.10462662,0.31745598,0.24846695,0.09846952,-0.3781356,-0.7868358,-0.3567373,0.27726737,0.53768367,-0.010539676,-0.046737038,0.11614599,-0.5820183,-0.09880312,-0.20729207,0.36331338,0.125912,-0.33619338,-0.27514535,0.65474075,0.119301274,0.09967477,0.09835131,-0.25718045,-0.55483115,0.20309027,-0.26842177,-0.36192665,0.24892741,-0.45656857,-0.3534302,0.1221637,0.56313014,0.18825048,-0.5546358,-0.14492881,0.18946,0.015688242,-0.31285655,0.13018696,0.2852097,-0.0010155275,-0.0917652,0.3453578,0.43766809,-0.6267946,0.3912698,0.2476703,0.27124256,-0.15566446,0.1088373,-0.12429803,-0.19527239,-0.61187077,0.5151798,0.2249055,-0.21255358,-0.010344884,0.1941911,0.69714355,-0.25341377,0.3407566,0.35603794,0.08749108,0.020889558,0.023405276,1.0123669,0.23018192,0.07015502,0.22225474,0.044921163,0.5293836,-0.5975931,-0.57735384,-0.18302418,0.016255898,-0.026784869,0.82763803,-0.22785972,0.3488005,-0.120083705,0.18881977,0.16059655,-0.36915457,-0.183438,0.44813237,0.5228788,-0.2661585,-0.06315191,0.2154496,-0.40751907,-0.46686307,0.04084814,-0.19542627,0.3761538,0.23077467,-0.109493054,-0.0717983,0.5715554,0.07555621,0.3686924,0.52940774,0.41971362,0.09619799,-0.30806422,0.75295466,0.16544178,0.20102951,0.36170712,0.010434181,-0.1668227,0.21952681,0.09132749,0.28033042,-0.08619461,-0.050980333,-0.34847087,-0.13560572,-0.3013573,0.33790082,0.3235427,0.51173466,0.14181696,0.05111888,-0.29320237,0.033998232,0.31991196,-0.2531361,-0.14101848,-0.24132209,0.19399986,-0.34839198,-0.47150934,-0.48132327,-0.19713666,0.015732987,0.22297975,0.5828165,0.16810091,-0.10004961,-0.024744231,-0.031648096,-0.19811971,-0.23571075,0.29740608,-0.008906726,0.06361614,-0.14389966,-0.14503248,0.34186307,-0.018827775,0.71193063,0.23440744,-0.13397947,-0.014064372,-0.28284225,0.49071276,-0.41975364,-0.017875459,0.24684818,-0.35041946,-0.08477024,-0.26702204,0.3803116,-0.38736483,0.6266936,-0.014608923,-0.23545294,-0.14768343,-0.01478876,0.12289027,0.30139285,-0.58978003,0.29123187,-0.3735144,0.43136498,-0.24498059,0.25761333,0.4256428,0.017438268,-0.265408,-0.6672583,0.33555314,-0.26646155,-0.36319476,-0.54624206,-0.2561804,-0.18411434,0.17075531,-0.3223686,0.19277492,0.2429971,0.21608031,-0.3130902,-0.32572868,-0.10008222,0.4341531,0.014479209,-0.07696998,0.26769844,0.1445302,-0.34958157,1.0955822,0.028858222,-0.5331795,0.18386617,-0.011452385,-0.32288405,-0.2874054,0.15874565,-0.31767917,0.4673834,0.111374244,-0.41026983,-0.4820871,0.11088361,0.27315137,-0.29758036,0.36166343,0.41361892,0.13836192,-0.0727691,0.3768376,-0.3875193,-0.29015434,-0.2708427,-0.3225908,0.07392072,0.16019255,-0.4181588,-0.47350815,-0.08731191,-0.5777598,0.009173836,-0.19746786,-0.1045136,-0.15353128,0.25510594,0.46395263,-0.23811713,-0.40138462,-0.06617019,-1.0372759,-0.16788185,0.34313497,0.5072699,0.059576854,-0.018270822,-0.4324523,-0.2529515,0.4462205,0.0023384942,-0.056390204,0.40549505,0.13010216,0.21360056,-0.21069658,-0.03397075,0.06289284,0.39391398,-0.07083306,-0.15419376,-0.043152045,0.39865124,-0.052300926,-0.21751946,-0.24296536,-0.3034622,0.29541627,-0.40663278,0.20212789,0.7798874,0.41985992,-0.14948788,0.5291576,-0.24060434,-0.6479566,0.79333806,-0.22287378,0.51308596,-0.21893112,0.7683007,-0.19028255,-0.80982363,-1.0118557,-10.972238,-0.28464052,-0.43306783,-0.35349956,-0.019765735,-0.5775751,0.6698173,0.16271645,-0.07364204,0.07335699,-0.18701942,0.023720944,0.42931694,-0.4404759,-0.09044842,0.6076875,0.43740714,0.09205547,-0.13369858,0.21658407,-0.2775786,-0.77950406,0.5131323,0.39347008,-0.02723629,0.027166845,0.021904357,-0.20396402,-0.108189784,-0.42993942,-0.4058355,0.09953254,-0.17382853,0.7807772,-0.118966535,-0.37894708,0.20818914,-0.27886203,0.034956876,-0.119307615,0.10583091,-0.002796468,-0.12510322,-0.21427509,1.0413404,-0.5002539,0.0183845,0.3008783,0.01690935,-0.14949033,-0.2553451,-0.6034641,-0.02005031,-0.3420237,-0.4601115,-0.26675645,-0.062675074,0.7785854,-0.43725154,-0.053658217,0.14021295,-0.23586479,-0.03730108,-0.10153719,-0.28764522,0.00059085543,-0.8515818,-0.6424948,-0.22221966,-0.19903754,-0.4082657,0.21011195,0.13027385,-1.609,-0.4647277,-0.083114855,0.31837547,0.5892641,-0.53155386,-0.21051721,-0.5072988,-0.11200871,0.15881748,0.10388286,-0.36230564,-0.65596086,-0.016451307,-0.75335586,-0.46001065,0.2747314,-0.04979038,-0.18209335,0.53148,0.07421136,0.02545305,0.03871136,0.44034177,-0.7459321,-0.10418889,0.2513539,0.42358616,0.11961228,0.7537858,-0.81258994,-0.5162545,-0.005262305,-0.20176663,0.016979013,-0.127957,0.036044598,-0.19998501,-0.08941554,-0.4892908,-0.08699503,-0.52441907,0.16491467,-0.081943914,0.2529659,-0.059374366,-0.4673997,-0.49090064,-0.17299919,-0.043943334,-0.75047386,0.20436653,-0.20305367,-0.43204686,0.019715657,0.0474775,-0.30677032,-0.3437025,-0.28528053,-0.10116725,0.23504187,0.17308056,-0.32001427,0.056396812,-0.037605714,0.07313087,0.11374436,-0.103930816,0.28934625,0.2418038,-0.22833113,-0.12767678,-0.48219764,0.033681586,0.3526378,-0.14318624,0.22435473,-0.83560014,-0.79748696,-0.03749014,-0.41277084,-0.20375532,0.16302356,0.65165055,-0.22513294,-0.088214874,-0.6006902,0.03624517,-0.07806668,0.13441035,0.42963246,-0.4009733,0.39528728,-0.06297042,-0.17347097,0.35899103,-0.1012127,-0.56633323,0.35680455,0.051394936,0.04286952,0.17029941,0.3545376,0.623781,-0.6338245,0.0752766,0.6919432,0.08853962,0.04090674,-0.18519308,0.23274773,0.50192,-0.10457941,0.4864788,0.19610596,0.88002884,0.15029041,-0.2935406,0.72573495,-0.16422883,-0.47301862,0.4775935,-0.37984872,0.3091783,0.14511505,-0.20335965,0.36537507,-0.30271596,-0.116746284,-0.43830472,0.41740453,-0.21346655,0.34048077,0.57181954,0.64262545,-0.046365086,-0.10137087,-0.32736394,-0.5344439,-0.28023693,-0.23852947,0.23988341,-0.019876707,-0.51073384,0.06588783,-0.7136087,0.28769097,0.11329469,0.07352765,-0.0689337,0.21541832,0.29871976,0.26006904,1.2563143,0.2436021,-0.0037193978,0.08149364,0.0027743203,-1.0852644,0.06624325,-0.100652635,-0.0004475294,0.37817788,-0.60675126,-0.4465855,-0.054863486,-0.2940157,-0.6391299,-0.89032245,-0.313033,-0.6546375,-0.5875402,-0.023522915,-0.14636989,0.08534571,-0.3143006,0.37078506,0.067706496,-0.31669706,-0.2138686,-0.07369913,0.2191695,-0.7037416,-0.1116432,-0.005004795,-0.45260268,0.5686322,-0.4080208,0.2702355,-0.0048250807,0.24337344,0.5085645,0.2635923,0.25614727,-0.043083005,-0.3007666,-0.2939381,0.1837458,-0.2772988,0.005730239,0.3139383,-0.4134506,-0.4587847,-0.13352877,-0.22944279,-0.021372175,0.12870641,-0.27386975,-0.28874135,0.65054303,0.2867978,0.39674893,-0.18130812,-0.5951176,0.095997676,-0.05084094,0.46868312,0.423298,0.34021026,-0.5388111,-0.047077764,-0.3601786,0.34821168,0.6689813,-0.5480953,0.14267011,0.29492408,0.16742802,0.07818082,0.5782035,0.29142445,-0.09047788,0.42060018,-0.14960036,-0.2968211,-0.27843586,-0.3382161,-0.011696747,-0.22980192,0.7538722,0.79308975,-0.17226003,-0.25444707,-0.4642198,0.021662295,-0.69125533,0.20947322,-0.106800646,0.35873628,0.6358146,-0.007279018,-0.06618279,0.27381945,-0.059316203,-0.31698138,0.23602869,-0.014441607,-0.08725402,0.3680917,-0.103959754,0.18789178,0.08411767,-0.39750567,-0.23893963,0.02667766,-0.15192871,0.12595099,-0.025754804,0.2231003,0.06806891,-0.024546212,-0.2020902,0.36592117,-0.37509835,0.12733868,0.6472303,0.58686274,0.43237498,-0.043812763,-0.4065557,-0.13674733,0.068909384,-0.6878793,0.23134363,0.2811449,0.30046958,0.25066814,0.3734938,0.19173497,-0.1922692,-1.113214,-0.22736597,0.069140494,0.36511555,0.1403258,0.007493066,0.27580583,0.21043795,0.0046724766,0.123313874,0.1726318,0.15389079,-0.5578509,0.02998409,-0.17917338,-0.4856607,0.60077304,0.01612259,-0.10909602,-0.59690267,-0.32403418,-0.1224404,-0.44829223,-0.36547577,-0.03538018,0.053247027,-0.51024497,-0.32271707,0.33420485,-0.18568344,-0.14511637,0.053725738,-0.18818882,-0.18108538,0.26417464,0.21716309,-0.31022808,-0.018027784,-0.6518877,-0.14623791,-0.4286713,0.25625974,0.031767175,-0.58456844,0.42123035,-1.180604,-0.24827832,0.061791744,0.23058856,0.030012883,0.3916217,0.18332468,0.0071168733,0.51967466,-0.18235902,-0.40576705,-0.30250612,0.043425184,-0.5372346,0.34368023,-0.2194943,0.14166026,-0.27595368,-0.61855257,0.11156164,0.21916817,-0.07058372,-0.6725373,0.07592106,0.72535187,-0.061709404,-0.2716799,-0.08530425,-0.09025845,0.33193326,0.45857644,0.24671178,-0.34140205,0.027861219,0.4458237,0.11789516,-0.041474037,0.115298375,-0.063205816,-0.27206835,-0.5519212,-0.3307486,-0.07267942,-0.037051804,-0.27130586,-0.1061646,0.4753557,0.4221724,-0.67086136,-0.20641808,-0.090490475,-0.2905775,0.0,0,0,1,0,0,0,0,0,0,0,0,0,0,0,1,0,0,0,0,0,0,0,0,0.0,0.0,0.0,0.0
0.13406175,-0.415531,0.73330057,0.23285761,0.79626215,-0.06589259,-0.0048295497,0.62447363,-0.2126086,0.114744596,0.11287945,0.1258017,0.22356829,-0.018381337,0.32236034,0.22916508,-0.5993622,0.31615663,-0.18827344,-0.18678282,0.23743941,0.17351176,0.45934933,-0.10462662,0.31745598,0.24846695,0.09846952,-0.3781356,-0.7868358,-0.3567373,0.27726737,0.53768367,-0.010539676,-0.046737038,0.11614599,-0.5820183,-0.09880312,-0.20729207,0.36331338,0.125912,-0.33619338,-0.27514535,0.65474075,0.119301274,0.09967477,0.09835131,-0.25718045,-0.55483115,0.20309027,-0.26842177,-0.36192665,0.24892741,-0.45656857,-0.3534302,0.1221637,0.56313014,0.18825048,-0.5546358,-0.14492881,0.18946,0.015688242,-0.31285655,0.13018696,0.2852097,-0.0010155275,-0.0917652,0.3453578,0.43766809,-0.6267946,0.3912698,0.2476703,0.27124256,-0.15566446,0.1088373,-0.12429803,-0.19527239,-0.61187077,0.5151798,0.2249055,-0.21255358,-0.010344884,0.1941911,0.69714355,-0.25341377,0.3407566,0.35603794,0.08749108,0.020889558,0.023405276,1.0123669,0.23018192,0.07015502,0.22225474,0.044921163,0.5293836,-0.5975931,-0.57735384,-0.18302418,0.016255898,-0.026784869,0.82763803,-0.22785972,0.3488005,-0.120083705,0.18881977,0.16059655,-0.36915457,-0.183438,0.44813237,0.5228788,-0.2661585,-0.06315191,0.2154496,-0.40751907,-0.46686307,0.04084814,-0.19542627,0.3761538,0.23077467,-0.109493054,-0.0717983,0.5715554,0.07555621,0.3686924,0.52940774,0.41971362,0.09619799,-0.30806422,0.75295466,0.16544178,0.20102951,0.36170712,0.010434181,-0.1668227,0.21952681,0.09132749,0.28033042,-0.08619461,-0.050980333,-0.34847087,-0.13560572,-0.3013573,0.33790082,0.3235427,0.51173466,0.14181696,0.05111888,-0.29320237,0.033998232,0.31991196,-0.2531361,-0.14101848,-0.24132209,0.19399986,-0.34839198,-0.47150934,-0.48132327,-0.19713666,0.015732987,0.22297975,0.5828165,0.16810091,-0.10004961,-0.024744231,-0.031648096,-0.19811971,-0.23571075,0.29740608,-0.008906726,0.06361614,-0.14389966,-0.14503248,0.34186307,-0.018827775,0.71193063,0.23440744,-0.13397947,-0.014064372,-0.28284225,0.49071276,-0.41975364,-0.017875459,0.24684818,-0.35041946,-0.08477024,-0.26702204,0.3803116,-0.38736483,0.6266936,-0.014608923,-0.23545294,-0.14768343,-0.01478876,0.12289027,0.30139285,-0.58978003,0.29123187,-0.3735144,0.43136498,-0.24498059,0.25761333,0.4256428,0.017438268,-0.265408,-0.6672583,0.33555314,-0.26646155,-0.36319476,-0.54624206,-0.2561804,-0.18411434,0.17075531,-0.3223686,0.19277492,0.2429971,0.21608031,-0.3130902,-0.32572868,-0.10008222,0.4341531,0.014479209,-0.07696998,0.26769844,0.1445302,-0.34958157,1.0955822,0.028858222,-0.5331795,0.18386617,-0.011452385,-0.32288405,-0.2874054,0.15874565,-0.31767917,0.4673834,0.111374244,-0.41026983,-0.4820871,0.11088361,0.27315137,-0.29758036,0.36166343,0.41361892,0.13836192,-0.0727691,0.3768376,-0.3875193,-0.29015434,-0.2708427,-0.3225908,0.07392072,0.16019255,-0.4181588,-0.47350815,-0.08731191,-0.5777598,0.009173836,-0.19746786,-0.1045136,-0.15353128,0.25510594,0.46395263,-0.23811713,-0.40138462,-0.06617019,-1.0372759,-0.16788185,0.34313497,0.5072699,0.059576854,-0.018270822,-0.4324523,-0.2529515,0.4462205,0.0023384942,-0.056390204,0.40549505,0.13010216,0.21360056,-0.21069658,-0.03397075,0.06289284,0.39391398,-0.07083306,-0.15419376,-0.043152045,0.39865124,-0.052300926,-0.21751946,-0.24296536,-0.3034622,0.29541627,-0.40663278,0.20212789,0.7798874,0.41985992,-0.14948788,0.5291576,-0.24060434,-0.6479566,0.79333806,-0.22287378,0.51308596,-0.21893112,0.7683007,-0.19028255,-0.80982363,-1.0118557,-10.972238,-0.28464052,-0.43306783,-0.35349956,-0.019765735,-0.5775751,0.6698173,0.16271645,-0.07364204,0.07335699,-0.18701942,0.023720944,0.42931694,-0.4404759,-0.09044842,0.6076875,0.43740714,0.09205547,-0.13369858,0.21658407,-0.2775786,-0.77950406,0.5131323,0.39347008,-0.02723629,0.027166845,0.021904357,-0.20396402,-0.108189784,-0.42993942,-0.4058355,0.09953254,-0.17382853,0.7807772,-0.118966535,-0.37894708,0.20818914,-0.27886203,0.034956876,-0.119307615,0.10583091,-0.002796468,-0.12510322,-0.21427509,1.0413404,-0.5002539,0.0183845,0.3008783,0.01690935,-0.14949033,-0.2553451,-0.6034641,-0.02005031,-0.3420237,-0.4601115,-0.26675645,-0.062675074,0.7785854,-0.43725154,-0.053658217,0.14021295,-0.23586479,-0.03730108,-0.10153719,-0.28764522,0.00059085543,-0.8515818,-0.6424948,-0.22221966,-0.19903754,-0.4082657,0.21011195,0.13027385,-1.609,-0.4647277,-0.083114855,0.31837547,0.5892641,-0.53155386,-0.21051721,-0.5072988,-0.11200871,0.15881748,0.10388286,-0.36230564,-0.65596086,-0.016451307,-0.75335586,-0.46001065,0.2747314,-0.04979038,-0.18209335,0.53148,0.07421136,0.02545305,0.03871136,0.44034177,-0.7459321,-0.10418889,0.2513539,0.42358616,0.11961228,0.7537858,-0.81258994,-0.5162545,-0.005262305,-0.20176663,0.016979013,-0.127957,0.036044598,-0.19998501,-0.08941554,-0.4892908,-0.08699503,-0.52441907,0.16491467,-0.081943914,0.2529659,-0.059374366,-0.4673997,-0.49090064,-0.17299919,-0.043943334,-0.75047386,0.20436653,-0.20305367,-0.43204686,0.019715657,0.0474775,-0.30677032,-0.3437025,-0.28528053,-0.10116725,0.23504187,0.17308056,-0.32001427,0.056396812,-0.037605714,0.07313087,0.11374436,-0.103930816,0.28934625,0.2418038,-0.22833113,-0.12767678,-0.48219764,0.033681586,0.3526378,-0.14318624,0.22435473,-0.83560014,-0.79748696,-0.03749014,-0.41277084,-0.20375532,0.16302356,0.65165055,-0.22513294,-0.088214874,-0.6006902,0.03624517,-0.07806668,0.13441035,0.42963246,-0.4009733,0.39528728,-0.06297042,-0.17347097,0.35899103,-0.1012127,-0.56633323,0.35680455,0.051394936,0.04286952,0.17029941,0.3545376,0.623781,-0.6338245,0.0752766,0.6919432,0.08853962,0.04090674,-0.18519308,0.23274773,0.50192,-0.10457941,0.4864788,0.19610596,0.88002884,0.15029041,-0.2935406,0.72573495,-0.16422883,-0.47301862,0.4775935,-0.37984872,0.3091783,0.14511505,-0.20335965,0.36537507,-0.30271596,-0.116746284,-0.43830472,0.41740453,-0.21346655,0.34048077,0.57181954,0.64262545,-0.046365086,-0.10137087,-0.32736394,-0.5344439,-0.28023693,-0.23852947,0.23988341,-0.019876707,-0.51073384,0.06588783,-0.7136087,0.28769097,0.11329469,0.07352765,-0.0689337,0.21541832,0.29871976,0.26006904,1.2563143,0.2436021,-0.0037193978,0.08149364,0.0027743203,-1.0852644,0.06624325,-0.100652635,-0.0004475294,0.37817788,-0.60675126,-0.4465855,-0.054863486,-0.2940157,-0.6391299,-0.89032245,-0.313033,-0.6546375,-0.5875402,-0.023522915,-0.14636989,0.08534571,-0.3143006,0.37078506,0.067706496,-0.31669706,-0.2138686,-0.07369913,0.2191695,-0.7037416,-0.1116432,-0.005004795,-0.45260268,0.5686322,-0.4080208,0.2702355,-0.0048250807,0.24337344,0.5085645,0.2635923,0.25614727,-0.043083005,-0.3007666,-0.2939381,0.1837458,-0.2772988,0.005730239,0.3139383,-0.4134506,-0.4587847,-0.13352877,-0.22944279,-0.021372175,0.12870641,-0.27386975,-0.28874135,0.65054303,0.2867978,0.39674893,-0.18130812,-0.5951176,0.095997676,-0.05084094,0.46868312,0.423298,0.34021026,-0.5388111,-0.047077764,-0.3601786,0.34821168,0.6689813,-0.5480953,0.14267011,0.29492408,0.16742802,0.07818082,0.5782035,0.29142445,-0.09047788,0.42060018,-0.14960036,-0.2968211,-0.27843586,-0.3382161,-0.011696747,-0.22980192,0.7538722,0.79308975,-0.17226003,-0.25444707,-0.4642198,0.021662295,-0.69125533,0.20947322,-0.106800646,0.35873628,0.6358146,-0.007279018,-0.06618279,0.27381945,-0.059316203,-0.31698138,0.23602869,-0.014441607,-0.08725402,0.3680917,-0.103959754,0.18789178,0.08411767,-0.39750567,-0.23893963,0.02667766,-0.15192871,0.12595099,-0.025754804,0.2231003,0.06806891,-0.024546212,-0.2020902,0.36592117,-0.37509835,0.12733868,0.6472303,0.58686274,0.43237498,-0.043812763,-0.4065557,-0.13674733,0.068909384,-0.6878793,0.23134363,0.2811449,0.30046958,0.25066814,0.3734938,0.19173497,-0.1922692,-1.113214,-0.22736597,0.069140494,0.36511555,0.1403258,0.007493066,0.27580583,0.21043795,0.0046724766,0.123313874,0.1726318,0.15389079,-0.5578509,0.02998409,-0.17917338,-0.4856607,0.60077304,0.01612259,-0.10909602,-0.59690267,-0.32403418,-0.1224404,-0.44829223,-0.36547577,-0.03538018,0.053247027,-0.51024497,-0.32271707,0.33420485,-0.18568344,-0.14511637,0.053725738,-0.18818882,-0.18108538,0.26417464,0.21716309,-0.31022808,-0.018027784,-0.6518877,-0.14623791,-0.4286713,0.25625974,0.031767175,-0.58456844,0.42123035,-1.180604,-0.24827832,0.061791744,0.23058856,0.030012883,0.3916217,0.18332468,0.0071168733,0.51967466,-0.18235902,-0.40576705,-0.30250612,0.043425184,-0.5372346,0.34368023,-0.2194943,0.14166026,-0.27595368,-0.61855257,0.11156164,0.21916817,-0.07058372,-0.6725373,0.07592106,0.72535187,-0.061709404,-0.2716799,-0.08530425,-0.09025845,0.33193326,0.45857644,0.24671178,-0.34140205,0.027861219,0.4458237,0.11789516,-0.041474037,0.115298375,-0.063205816,-0.27206835,-0.5519212,-0.3307486,-0.07267942,-0.037051804,-0.27130586,-0.1061646,0.4753557,0.4221724,-0.67086136,-0.20641808,-0.090490475,-0.2905775,0.0,0,0,1,0,0,0,0,0,0,0,0,0,0,0,1,0,0,0,0,0,0,0,0,0.0,0.0,0.0,0.0
0.231345,0.13060473,0.7126434,0.16716032,0.28727403,-0.17958811,0.16250339,0.662085,-0.48975232,-0.3965337,-0.25614807,0.0017049629,0.029732907,0.69352853,0.18303958,0.3594282,-0.055945516,0.0238599,0.08897597,-0.5359871,0.055280596,-0.05531426,-0.19081376,-0.49024537,0.07439481,0.4873822,-0.2736465,0.025230644,-0.14051947,0.033849604,-0.15486719,-0.1775764,-0.5529476,-0.14185959,-1.4274236,0.2946382,-0.17892928,0.34432346,0.057683673,-0.032921553,0.20080549,-0.53469634,0.34180346,0.13082618,-0.42288575,-0.57417923,-0.5004321,-0.10474639,0.1928268,-1.187192,-0.18733917,0.4852167,-0.48605803,-0.5198377,0.10721559,0.32958537,0.89897275,-0.59545374,0.2761439,-0.17209893,-0.018161556,0.049865402,0.3216134,-0.0029409486,-0.39079025,-0.3375039,-0.16718848,0.21207151,-0.9720252,0.18504243,-0.07057188,0.68596166,0.66554105,-0.033045027,0.32210886,-0.074026585,0.1390957,0.22372586,-0.26191407,-0.20874849,-0.5189279,-0.19978164,0.7220437,0.86538124,0.31395066,0.03276523,0.06682401,-0.25116512,-0.67946523,0.71175337,-0.41146454,-0.16286187,-0.38594088,0.034942314,0.7689375,-0.30883488,-0.41201267,-0.19110303,-0.23009717,-0.16010232,-0.2114017,-0.75738555,0.33668473,-0.24319272,-0.6031926,0.34198096,-0.20951693,-0.11182685,0.1657635,-0.17593063,0.5998163,-0.09151322,0.19828491,-0.097807854,0.65371543,0.43319458,-0.43045622,0.4882834,-0.18820412,-0.3388356,-0.23741342,0.20233314,0.3234462,0.06344122,0.8005703,0.23510897,-0.2794614,-0.10867108,-0.03091608,0.08860471,0.6254962,0.2519315,0.15982737,-0.31934342,0.13748446,-0.14108762,-0.2027222,-0.19703825,-0.030299572,-0.09436558,0.17522837,-0.20761698,0.18997633,-0.2809111,0.56337404,-0.34365052,-0.4826758,-0.09748624,-0.12267818,0.43411234,-0.07688715,0.12985368,0.11754227,-0.54327923,0.1994047,0.11271396,-0.7549762,0.13522586,0.041061155,0.51181173,-0.14319074,0.2556804,-0.011026813,-0.44933796,0.19239512,-0.48091632,0.18217587,0.030664233,-0.58925784,-0.31883863,-0.053939905,-0.42986235,0.77007693,-0.027136574,0.69893456,0.0010911557,0.48463014,-0.5056203,-0.05273123,0.7099841,-0.7260605,-0.18039359,0.08208897,-0.15721709,0.3991889,-0.376803,0.83756775,-1.1176063,0.5942738,0.0687148,0.12486711,-0.082357906,0.17034873,-0.16516379,0.37164134,0.113228776,0.09853949,-0.40419364,0.52841926,-0.15027238,-0.032585137,0.18881759,0.03114789,-0.58802736,-0.47297075,0.90169746,-0.053498182,0.2771876,-0.7011917,-0.07937025,-0.22643816,0.57573235,-0.46617627,0.056139585,0.48576856,-0.3738721,0.24675144,-0.11293912,-0.014186743,-0.0013448272,-0.2544606,-0.42440593,0.14012423,0.0051015355,-0.22956179,1.1159484,0.4567785,-0.53416806,0.7636445,-0.12600967,-0.09530232,-0.13722529,0.15907817,-0.24070713,-0.36896417,0.74606854,0.0755564,-0.27009574,-0.12991874,0.16670367,-0.69625807,0.28889263,0.25510705,0.01862894,0.19206217,0.6855434,0.5012876,-0.5773815,-0.52298486,0.28240135,-0.16054477,-0.7219219,0.03285001,0.14754348,0.023875406,-0.42404592,0.22863695,-0.25864387,-0.28968623,-0.2892211,0.11595991,-0.21648523,0.5690748,-0.31142968,0.11824443,-0.0671237,-0.65832335,-0.037071917,0.3675279,0.12567353,-0.50666755,0.26625654,0.016834877,0.64228714,-0.15445112,-0.66076064,0.58711874,0.10520816,0.47257954,-0.668825,0.054062612,0.6459968,-0.7006457,-0.36107078,0.11655641,-0.5514357,0.6333605,-0.23041734,-0.113228634,-0.33214366,0.054800656,-0.01857308,-0.3416021,-0.33515188,0.7395155,0.0095865745,-0.51497686,0.55973136,-0.8528611,-0.42590263,-0.31779924,0.39527372,0.03638223,-0.6617559,-0.20428044,-0.23394042,-0.6328355,0.03307496,-11.18097,-0.07873858,0.16573866,-0.18046467,0.6101927,-0.5544559,-0.10453228,0.47482935,-0.5457204,0.24399969,-0.0006706305,-0.48567823,-0.27240956,-0.2969769,-0.042271376,-0.22449146,0.37107626,0.012220813,-0.34893262,0.5755171,-0.1588975,-0.23607856,0.6069939,0.3486736,0.29052284,0.49757755,-0.007548662,-0.112608515,-0.68213016,-0.10431677,-1.1683239,0.061224494,-0.13952382,0.27286336,-0.062311247,0.28058326,0.57152253,-0.20554626,0.103171,-0.17698099,0.35270697,0.17417961,-0.312031,0.15625973,0.57451373,-0.4484167,-0.603808,-0.3966467,-0.22291626,0.08407138,0.0049066837,-0.3772001,-0.34291512,-0.63759696,0.08447894,0.07626221,-0.34302986,0.8335763,-0.11761596,-0.19033389,0.91695625,0.085428685,-0.23211098,0.33776718,-0.095971644,0.005129568,-0.1351467,0.16643679,-0.40291113,0.09839331,0.07004732,0.19005008,0.25894603,-1.2282568,-0.23001698,0.5194346,-0.0036100522,0.14256382,-0.011808348,-0.47662297,-0.474616,-0.70089483,0.04216601,0.0997366,-0.76307595,-0.27890483,-0.6226471,-0.46191695,-0.09255752,1.0196681,0.13906515,0.28253496,0.07220519,-0.031332955,0.28057894,-0.31376052,0.47892547,-0.49835137,0.16130687,0.3364418,-0.23279491,-0.054841455,0.4719679,0.12710208,-0.4749614,0.33843175,-0.34670374,0.39485022,0.20961566,0.059940007,-0.18257968,-0.17247659,-0.112638794,-0.11007623,0.15121917,-0.38357964,-0.40665025,0.57549554,-0.26203766,-0.037057586,-0.28058445,0.32818988,-0.3696195,-0.5172354,-0.06550167,0.004277398,-0.006782787,-0.1576815,-0.3266254,-0.09037885,0.21025737,-0.040739205,0.25132594,-0.72492874,-0.076258786,-0.07975241,-0.28994265,-0.24167892,-1.0794805,0.38579786,0.82555836,0.11026196,0.51597995,0.16817386,-0.0009565968,0.4363059,-0.22883515,-0.10647641,0.27387136,0.76380914,0.11934082,-0.765597,0.71313465,-0.496096,0.47758445,-0.1783897,0.783534,-0.63991004,0.028622078,-0.30195892,0.60834813,-0.48582935,-0.15208499,0.3494682,-0.03715963,0.027240854,-0.08290748,0.14155312,-0.14541912,-0.02366836,0.5675004,0.661036,0.011279146,0.09003442,-0.10939175,-0.21889433,0.43191284,-0.9493255,0.15651438,0.60718083,-0.010321438,0.5297374,0.14698394,-0.4201686,-0.099093035,-0.27928713,0.057286803,0.24553454,0.091711015,0.49095675,-0.61126304,-0.021230904,-0.08814614,0.1438589,-0.3725697,0.05210256,0.45386747,0.33436233,0.068799466,0.45759997,-0.11831186,-0.47315854,-0.025400879,0.28954598,0.17682986,0.062483575,0.23717152,0.08531782,0.58231205,0.24881844,0.13383484,-0.47820348,-0.68627834,-0.41896757,0.29234457,-0.048133083,0.29651275,-0.30260623,-0.27541685,-0.15966968,-0.24471118,-0.15122946,-0.68400997,-0.2676269,-0.23014334,-0.014488295,-0.39262804,-0.5822396,0.2807426,-0.043237574,0.25669247,-1.5495999,0.3357105,0.27831697,0.07257972,-0.6358841,-0.1089131,0.4016102,0.15863469,-0.38306937,0.3168745,-0.536301,0.060999062,0.09191782,0.3629554,0.35696766,-0.19501467,-0.09273627,0.29002917,0.20821059,0.47126174,-0.3123016,-0.28128773,-0.22671947,0.49193078,-0.4573406,0.097095504,0.11010674,0.06729842,0.2842213,-0.64365196,0.5196544,-0.04678089,0.03373241,0.039544217,0.18953808,0.1537376,0.33713934,0.15731777,-0.124521345,-0.66163355,-0.26091778,0.38374832,0.25919157,-0.29696098,-0.33355665,-0.5296364,-0.50438935,0.1508907,0.08356694,-0.2597369,0.5688379,-0.58341783,0.31943694,0.03779074,-0.10387737,-0.11638305,-0.12502374,0.3992221,0.39021114,-0.04545905,0.7239723,-0.6501863,0.6120338,-0.070952624,0.13692269,0.24832387,0.27243894,-0.705489,0.38107854,-0.31438416,-0.4306202,0.23069175,0.28746194,0.09323475,0.109369956,-0.14232714,0.29298267,-0.8067119,-0.2890026,-0.8816457,-0.1546631,0.1890513,0.071566395,0.09271804,0.054992437,0.26809734,-0.50822395,-0.05262218,0.099618904,-0.47266462,-0.036157705,1.136136,0.086634345,0.5342191,-0.102800526,-0.3864023,-0.19351113,-0.06494656,0.7084883,-0.007731228,0.43494317,0.26117998,0.304564,0.4571001,-0.3455827,0.21477422,-0.12948959,-0.23370604,0.7532249,0.33503518,0.57784265,-0.35349175,0.31514013,0.2657777,-0.40775213,0.05083203,0.32087564,0.19900905,0.4955155,-0.11659928,0.027710177,-0.12059961,-0.1216337,0.92347986,0.09145821,-0.2942867,-0.12458484,-0.26004383,0.45618826,0.0981785,0.35636938,0.51959664,-0.29441255,-0.37546164,-0.27719378,0.0010213479,0.24482596,0.084797494,0.33219066,-0.22476386,-0.5214702,0.15523206,0.24388984,-0.4603591,-0.08376409,-0.018977318,0.36854503,-0.36666256,-0.03768077,-0.18133222,0.23684797,-0.37907708,-0.23844378,0.5545007,-0.20915514,-0.45183155,-0.026259728,-0.08120204,0.0564449,0.1253259,0.37514904,-0.17245673,-0.23347315,0.42518237,-0.38555202,-0.13290118,-0.097872205,0.18601868,0.5271039,0.47844175,0.044045515,-0.15463214,-0.42713514,0.12712966,-0.17488801,-0.41925672,-0.004736492,0.113436796,-0.20021047,0.21093561,0.079598956,-0.051052567,0.4413538,-0.08795673,-0.3796608,0.5840672,0.012079673,-0.4263749,-0.28789052,-0.18847486,-0.041937243,-0.14886366,0.25269672,0.30113176,-0.2557467,-0.339244,-0.4862198,-0.24266434,-0.1704095,-0.3003879,0.5127337,0.050565958,-0.27555388,-0.43850964,-0.469677,-0.3773031,-0.7003282,0.00769075,-0.1461343,0.58347774,-0.2312659,0.3674882,0.14355977,-0.57810694,-0.069746606,-0.09773408,0.2617529,-0.76049435,-0.5179443,-0.3244392,-0.20783952,-0.6079464,-0.30533,-0.45472628,0.6842477,-0.2114667,0.028016895,-0.21464741,0.26926774,0.0,0,0,0,0,0,0,0,0,0,0,0,0,0,0,1,0,0,0,0,0,0,0,0,0.0,0.0,0.0,0.0
0.07574882,-0.3193273,0.51248705,-0.0046937056,0.23817119,-0.21957937,-0.0043352065,0.3326295,-0.27779844,-0.3145486,0.4144377,-0.53692317,0.3141936,0.8214438,-0.062858604,0.6883618,-0.3020157,0.36683166,-0.09988618,0.018571144,0.2866585,-0.09985337,0.00044971675,0.32307953,0.109837905,-0.03338763,-0.13350028,-0.62012523,-0.4886134,0.29356745,-0.017549392,0.25343448,0.20939921,-0.37583137,-0.17613743,-0.549689,-0.15471129,-0.033857338,0.051747236,0.54832923,-0.4796511,-0.31947002,0.8523503,-0.20444784,-0.34290025,0.20894246,-0.06512486,-0.3361964,0.40289265,-0.41688034,-0.49824807,-0.276965,-0.06964519,-0.28064108,0.05447492,0.09358144,0.1256917,-0.37938344,0.39880347,0.41838548,-0.11970635,-0.1875019,0.23151717,-0.15736875,-0.44870704,-0.1257256,-0.038244456,-0.0020867074,-0.43287307,0.37231773,0.012033918,-0.20180608,0.31840408,-0.122657746,-0.6901593,0.2600483,-0.24642752,0.37188956,0.23861724,0.222307,0.05400041,0.4320549,0.1686668,0.4036354,0.40747952,0.3783187,0.2672089,-0.08306971,-0.32997796,0.38401794,0.059334718,0.015965348,0.15178375,0.18470448,0.7771411,-0.36959743,-0.22389534,-0.29921284,0.16883606,0.3327041,0.16384059,0.13258414,-0.3701044,-0.38186717,-0.40982115,0.03597455,-0.55881083,-0.03515708,0.35153863,-0.08351217,-0.09637057,0.5535542,0.14529309,-0.10940016,-0.03983799,0.06551575,0.29308236,0.2911047,0.4166025,-0.660346,-0.40917152,0.46347144,0.37344527,0.23489515,0.48758027,0.29802787,-0.04472343,-0.18471618,0.21457668,-0.14725026,0.31696537,-0.2184478,0.33353764,-0.045273855,0.24888906,0.20503588,0.0071080946,-0.11262549,-0.048301052,-0.45337853,-0.57884204,0.0608825,-0.109386675,0.3340024,-0.023465686,-0.06168141,0.041442737,-0.21182045,-0.3752939,0.43924728,-0.09281527,-0.01228212,-0.7650989,-0.40145388,0.25111634,-0.5692609,-0.28968453,-0.013070455,0.614461,0.696634,0.25311503,0.19374526,0.46908107,-0.31509066,0.25462025,-0.11118316,-0.3461097,0.27489442,-0.23980892,0.09815744,-0.26993042,-0.1309814,0.027968137,-0.030137863,0.74432546,0.1152282,0.11998296,-0.361498,0.36810523,0.44132993,-0.39883247,-0.0059327576,-0.006652277,-0.22431044,0.07152162,0.3178291,0.18121687,-0.1798647,0.9878129,0.47468793,-0.10994608,-0.15966612,0.46286148,-0.43863243,-0.0124948155,0.07962476,-0.4586859,-0.27042302,0.16866575,0.10499511,-0.04020255,0.14597543,0.016546953,-0.28333572,-0.31024122,0.53076255,-0.18126783,-0.10808771,-0.28170842,-0.15117417,-0.1553668,0.47099346,-0.3026891,0.31922305,-0.45944363,-0.10532227,0.15427656,-0.37466034,-0.18328795,-0.08164649,-0.06892917,0.18568148,0.19800644,0.31923044,-0.14365771,0.99704385,0.1776683,-0.7466926,0.4037546,0.13687663,-0.09093721,-0.32523617,0.5841957,-0.30790728,0.24974217,0.6888603,-0.2852722,-0.31422523,0.26427057,0.23334707,-0.51052606,0.6140356,0.027482068,0.20936593,-0.29318154,0.7397622,0.0827275,-0.46861058,-0.1598311,-0.19467981,-0.27079627,0.22434923,-0.17153323,-0.43271676,0.07952434,-0.5095455,0.10882646,0.03672648,-0.4575864,-0.35847715,0.12845564,0.019495618,0.2061279,-0.19192901,0.3020718,0.07470659,-0.20198555,-0.023804134,0.3754334,-0.12808491,-0.3078202,0.32109004,0.27700612,0.90356094,0.14245643,-0.21555412,0.35567054,-0.07943249,0.12017193,-0.24397539,0.2878059,0.08447133,-0.24527515,-0.09452097,-0.2946932,-0.27055067,0.20996054,0.10319958,-0.17956577,0.16526125,0.18611486,-0.53042275,-0.0140945185,0.062024217,0.6760802,0.057666644,-0.32606003,0.35471004,-0.7684982,-0.27569067,-0.12208858,0.103166,-0.41350797,-0.11458101,-0.010082807,0.14026503,-0.3682947,-0.4061632,-8.074082,-0.46809882,-0.33531016,-0.18833236,-0.21279614,-0.65824515,-0.10125618,-0.1152303,-0.29641572,-0.35821494,0.030128608,-0.15105349,0.018200278,-0.2859065,0.09183697,-0.04195425,0.58107066,0.2760125,-0.19465941,0.253353,-0.32777733,-0.28570065,0.5722116,0.15554295,0.2150114,0.17736378,0.0011043986,0.12219908,-0.13836785,0.009968622,-0.3647923,-0.120113,0.23277724,1.593266,-0.38566834,-0.095497034,-0.38467488,-0.5321681,0.09853878,-0.24103262,0.24540289,-0.50004965,-0.050521016,-0.21593337,0.19401705,-0.46345836,0.23559684,-0.080345005,0.46062848,-0.038661577,-0.43014243,-0.37323406,0.087720215,-0.5549424,-0.03840798,-0.6426358,0.16013815,0.9510413,-0.29577792,-0.51285654,0.58420515,0.05026944,-0.40226215,0.13059288,-0.13685657,-0.07085523,-0.72870946,-0.11482878,-0.31828815,-0.20140368,0.059297804,0.6665935,-0.06647855,-1.4608803,-0.078053705,-0.08598911,0.22462136,0.5836359,-0.31278783,-0.13417952,-0.31912178,-0.25413987,0.54956067,0.053763054,-0.43162483,-0.63663405,-0.08695693,-0.47254616,-0.4139427,0.2168327,-0.21467502,0.16950054,0.15108699,0.2063649,0.07317288,-0.35523656,0.32871544,-0.32138428,-0.2211968,-0.03372266,0.31567577,0.023925051,0.07261846,0.26105636,-0.42982078,-0.16815628,0.32257625,-0.0071887327,-0.27339816,0.3257946,0.14438647,-0.46795303,-0.58052254,-0.06497948,-0.13420929,-0.3589653,0.27806413,0.3946468,-0.48586828,-0.61758965,0.026270188,0.49554375,-0.17636938,-0.17198665,-0.10378729,0.091131955,0.053319797,0.06484688,-0.5478873,0.28741676,-0.23921655,-0.6240174,-0.29992503,-0.07092045,0.11360214,-0.059737645,0.20594262,-0.66009325,0.053931758,0.13821368,0.19650991,0.5862417,0.023517983,0.3900213,-0.0004369819,0.19687612,0.30656183,0.21117538,-0.28244138,-0.17152008,-0.33242816,-0.56477433,0.1284328,-0.26089972,0.23968579,-0.03414829,0.29376677,-0.600291,-0.32304153,-0.13772352,-0.17487612,-0.33955547,-0.038231026,0.32576385,-0.027902635,0.19294226,0.24292292,0.16408008,-0.09147457,-0.64252573,-0.23580196,0.5536922,-0.016671741,0.00554759,-0.13416786,0.57630223,0.039009687,0.046856858,0.6882351,0.31464973,0.275192,0.3983781,-0.36323658,-0.09428907,0.5256723,-0.29333302,0.09380859,0.053399123,0.1324189,0.8620957,-0.8949039,0.9389589,-0.2441139,-0.23428644,-0.029753959,-0.85141367,0.54178977,-0.49537247,-0.10180381,0.36058414,-0.5552304,0.18216985,-0.30689904,0.3506788,-0.4347254,0.24668221,0.09774112,0.6022074,0.04002306,0.27259034,0.28802648,-0.5357662,-0.22156009,-0.008700367,0.25764066,-0.23618641,-0.17897189,-0.56142575,-0.66363525,0.26846313,-0.13731484,-0.25483692,-0.06808606,-0.07944195,-0.13627093,-0.2166459,0.388248,0.045436233,-0.4314879,-0.28497478,0.06238927,-1.0828164,0.3055958,-0.19624403,-0.07845367,-0.06421649,-0.2157907,0.24703367,-0.4191712,-0.36928684,-0.2961042,-0.58471507,-0.097364195,-0.72958493,-0.31742153,-0.16915648,-0.422825,-0.16906816,-0.2200711,-0.23183627,0.42743692,-0.58800375,0.20000084,-0.4573032,0.18466665,-0.44986543,0.0124862455,-0.22239915,-0.04133008,-0.14102401,-0.2365534,0.35683882,-0.119035356,0.21457191,-0.10768499,-0.029601507,0.15081024,0.21370031,0.17664216,-0.16088317,0.25509742,-0.061106745,-0.030187564,0.18005638,-0.09737529,-0.09951643,-0.50977254,-0.30715653,0.23387428,-0.1657881,-0.32947034,-0.38040063,-0.12350604,0.11269209,0.13580014,0.1402145,-0.5610566,-0.16886908,-0.10966301,0.41387337,0.026025586,0.1673213,-0.29928586,-0.029136766,0.023015678,0.3412789,0.44996658,-0.59263635,0.16455503,0.46183902,-0.19004285,-0.4582006,0.32678205,0.5179575,-0.48839036,-0.0792217,0.0060048397,-0.06426952,-0.124169074,-0.28961048,-0.16847503,-0.07788012,0.71471834,0.6801002,0.44563687,-0.6309016,-0.16316488,0.21097654,-0.33956912,0.3227351,-0.12959848,-0.12713076,0.49029908,0.14051405,-0.029680168,0.16182879,0.11098985,-0.23631902,0.15529379,0.006838268,-0.5417052,0.10187841,-0.33702815,-0.29243398,0.23379776,-0.54021287,0.14069772,0.21699761,-0.34128705,0.10276558,0.08008572,0.17554703,-0.019090699,0.603502,0.16377974,0.028507125,-0.26939183,0.19594474,0.18896006,0.098983765,0.30931887,0.17186357,0.47290096,-0.064177305,0.5150368,0.037908502,-0.19721767,-0.28527215,-0.22411719,0.8234123,0.20279008,-0.050825097,-0.5539069,-0.38985652,0.026221571,-0.16578598,0.49050894,0.008723276,0.31467754,0.24965525,0.81368184,0.24813591,0.27853918,0.31118962,-0.039170355,0.3479925,0.29452989,0.17794684,-0.0046179723,0.024188338,-0.11726722,0.029848969,-1.1099321,0.01619178,0.3331593,-0.085733995,-0.00085830403,-0.41973484,-0.09439111,-0.36036795,-0.0014325842,0.18510231,-0.10901437,0.38589868,0.17852955,-0.053915642,0.2033616,0.029809795,0.4773056,0.1962372,-0.08185365,-0.29493538,-0.18777543,0.12490821,0.06976374,0.0754973,-0.2938584,-0.048670907,0.026252756,0.122667596,-0.27133685,0.46191338,-0.097630195,0.4389862,-0.33297879,0.11767241,0.02628581,-0.39930114,-0.5065624,-0.330646,-0.4567359,-0.016045062,-0.32917213,0.3189058,-0.0191647,-0.036686666,-1.0075543,0.31604752,-0.22116531,-0.06190385,0.048578583,0.5606145,0.6947866,-0.17528288,-0.36631855,-0.2712055,-0.2902523,-0.21132153,0.0108742155,0.29284048,-0.35633522,-0.04891448,-0.43840176,-0.35842192,-0.09716773,0.33123848,-0.06241519,-0.030947914,-0.5587589,-0.9635449,-0.063741505,-0.07718715,-0.51435626,-0.08015914,-0.06592955,0.050300628,-0.54809266,-0.7455694,0.55669093,0.03561559,-0.05,0,2,0,0,0,0,0,0,0,0,1,0,2,0,4,0,0,0,0,0,0,0,0,0.0,0.0,0.0,0.0
-0.5954164,-0.7863729,0.5777814,-0.36281398,0.2725974,0.044362806,-0.14376432,0.2146215,0.12058239,-0.010004926,0.5711324,-0.21940763,0.4311903,0.2390708,-0.267483,0.33394822,-0.13207701,0.12788907,-0.34119233,-0.38492623,0.44903877,-0.45423383,0.11377502,-0.12352585,-0.010377603,0.09470657,0.13485077,-0.5433965,-0.5819028,0.08495157,0.31327793,0.26500162,0.27556485,-0.31716543,0.20471625,-0.8219305,-0.18146577,-0.34786782,-0.11629301,0.035744835,-0.1776391,0.11090298,0.4974245,0.059703227,-0.26372105,-0.00579035,0.14942947,-0.5772178,-0.16276194,0.015498923,-0.2654631,-0.33354455,-0.22191738,-0.31900218,-0.32501712,0.30175206,0.049528603,-0.10664624,-0.040383406,-0.08034854,0.36367455,-0.19420578,0.26732177,0.05050529,0.073114224,0.0008965589,0.1401828,0.6029157,-0.4054655,0.055975012,-0.16249985,0.22930378,0.07760811,0.17478323,0.19878434,-0.553144,-0.29150987,0.3364015,0.17509001,0.008271452,-0.17590135,0.06597472,0.5112466,-0.020733904,0.8886481,0.07788216,-0.3627505,-0.5120876,0.3414446,1.3307447,0.11032505,-0.04703871,-0.2123885,-0.2753588,-0.49996033,-0.1666381,-0.44407174,-0.24005885,0.24130921,-0.16718365,0.38090134,-0.2955059,0.33197406,0.12135113,0.32984188,0.11373342,0.053419165,-0.23079604,0.26958823,0.30800444,-0.028804958,-0.086691886,0.7531856,0.13941976,-0.44538453,-0.18951336,0.1009705,0.21956238,0.19281876,-0.07611878,-0.119418345,0.10363722,-0.1120017,0.18722577,0.4157406,0.5226568,0.37527126,0.2887585,0.25987267,0.25384367,-0.031146858,0.7044233,-0.08277712,-0.008842823,0.13035744,-0.15021867,-0.2193647,0.07310459,-0.111566976,-0.3663356,-0.24316189,-0.14421596,-0.124081336,0.2816803,0.1734936,0.056931943,0.3347604,-0.08696689,0.17405747,0.7345462,-0.5528481,0.12914583,0.045963906,-0.13921753,-0.30117217,-0.13603467,-0.4854446,-0.13304515,0.08065126,0.46591094,0.7910156,0.0014335964,0.4058922,-0.24639155,-0.17263678,-0.11438052,-0.17233056,0.34593067,-0.3133607,-0.119022906,-0.1840377,-0.31123787,0.80186373,0.0019698672,0.064175285,0.06725256,-0.32528087,-0.063843764,0.46936843,0.41399592,-0.49089515,-0.47185487,0.49282703,0.31416333,0.5049755,-0.030774387,0.28901875,-0.08997508,0.47250232,0.097614095,0.029230304,0.29572034,0.4464628,-0.38191655,-0.21850318,-0.64086133,0.5898242,-1.0620486,0.380135,-0.30972064,0.068200804,0.78554946,0.26923382,0.077233784,0.03230869,0.24401684,0.08895176,0.012870703,-0.3798009,0.21670085,-0.07026782,0.43564752,-0.18995762,-0.08493454,0.21661255,0.0023482372,0.6660078,-0.32846263,0.20858708,0.0101461895,0.11729584,0.29177198,0.5587762,0.06699249,-0.20500612,1.3716277,-0.08788163,-0.1514233,-0.04991026,-0.52681726,-0.22840348,-0.32564136,0.24313597,-0.07497315,0.20496452,0.113024786,-0.18402073,-0.122031994,0.06292877,0.22573845,-0.22428784,-0.036609195,0.5518538,-0.00595559,-0.26773158,0.31020823,0.051928304,-0.44633448,-0.16908838,-0.2503676,0.086325735,-0.33889702,-0.29790044,-0.42895818,-0.28788728,-0.3736688,0.34565762,-0.41305068,0.02808176,-0.9311374,0.21710213,-0.27858832,0.5348885,-0.0389407,-0.3281855,-0.4324,-0.38750687,0.17559993,0.5179719,-0.25704437,0.25662228,0.31588218,-0.012864442,0.27678713,-0.3201573,-0.13849421,0.23449732,0.015493802,0.11434585,-0.46309483,0.20042124,-0.24975377,0.08554135,-0.037659205,0.10066322,0.26762462,0.09727547,-0.084823884,-0.2897675,-0.37229764,0.038805343,0.7723931,-0.4291222,0.15066339,1.0125464,0.45830753,-0.9144151,0.4536814,0.25152838,-0.81547606,0.38202325,0.31479216,-0.027861137,0.036648158,0.21966152,-0.76973826,-0.6256511,-0.29551965,-11.153603,-0.11133531,-0.3391899,0.05828713,0.30216983,-0.6614999,0.25201234,-0.05863203,-0.2648934,-0.2928918,0.023123952,-0.8677817,-0.2090403,-0.3548154,0.67491204,0.5531534,0.12794161,0.28992808,0.13121767,0.6339525,-0.54455316,-0.8277726,0.7065122,0.05596462,0.5242382,-0.05294926,0.072599694,-0.6003166,-0.626513,-0.36838004,-0.3292495,-0.06863347,0.06440366,1.1090653,0.15352601,-0.15076028,-0.024548221,-0.7636824,-0.18741827,-0.13535412,0.23726252,0.46885717,-0.28482366,0.35843006,0.8132153,-0.2784674,0.40073052,-0.014762492,0.11829387,-0.22138767,-0.26037613,0.29651242,-0.58905816,-1.1922163,-0.03574078,0.02039832,-0.36382577,0.65422165,-0.10083358,-0.05893622,0.60110563,-0.35983822,-0.27242747,0.7506327,-0.48040128,-0.2266659,-0.5702214,-0.050399847,0.25788108,-0.10229466,-0.09459978,-0.37044555,0.8259943,-1.0307305,-0.49922743,0.13855219,0.36550772,0.89979357,0.06030689,0.2179432,0.072847135,-1.0543784,0.22767082,-0.18730584,-0.3485505,-0.16153678,-0.16863504,-0.22930557,-0.5493617,0.6114471,-0.17804977,-0.059249535,0.36561698,-0.24085125,-0.51234525,-0.4880683,0.07104833,-0.2686885,0.08515531,0.21942648,0.52186555,0.16735964,0.21895538,-0.43670577,-0.8122445,-0.048021067,-0.42827943,0.15902065,-0.28169698,-0.09658551,0.65823054,-0.114873335,-0.4184721,0.18134916,-0.5079448,-0.14492057,-0.1868332,0.23782474,-0.1336076,-0.67242295,-0.05626665,-0.256809,-0.79883254,-1.3723663,-0.035677113,0.34873325,-0.19673178,-0.004340836,-0.20259368,-0.09682583,-0.81357193,-0.28525665,0.18195526,0.0022312931,0.10394586,0.105207995,-0.04567465,-0.049659844,0.4975418,0.10432105,0.6751088,-0.20322357,0.71611845,0.108309984,0.25795454,0.02382889,1.0407262,-0.13184217,-0.33058327,0.29000872,-0.072488844,-0.4821371,0.39127082,0.13654996,-0.3812912,-0.16952945,0.6346269,-0.6332131,-0.5435987,-1.019,-0.16851594,0.3351376,0.28206176,0.1461626,-0.16036536,-0.27432778,-0.16900997,0.10597829,0.09601802,-0.20995598,-0.22781639,-0.2925078,-0.19538143,0.36261734,-0.082874365,0.18452644,0.025653549,-0.6638577,0.20024325,0.43482625,-0.017835423,0.35845575,-0.115953475,0.1992004,0.73655975,-0.0065050544,-0.06975772,0.21634758,0.32590753,0.17912063,-0.6355174,0.8119191,-0.10288644,-0.13147184,0.12506098,-0.41327563,0.42717826,0.6679592,-0.20278397,0.87808084,-0.13041043,0.12830284,-0.24743682,-0.30266532,0.16098951,0.06670073,0.48619267,0.23447753,-0.09328546,-0.14439847,0.1588092,-0.36053085,-0.29197368,-0.105502464,-0.038953517,-0.23786674,-0.21635637,-0.18186949,-0.30008692,-0.3171522,-0.16868368,-0.38265955,-0.42406324,-0.34088317,-0.29003495,-0.05989696,0.16219492,-0.25035238,-0.46885118,0.07997204,0.039520636,-0.9550068,0.068641335,0.42316324,0.5752128,-0.1354566,-0.40930286,-0.09616353,0.13587695,-0.27007806,-0.38798034,-0.75389427,-0.056807827,-0.75157255,-0.24080099,0.55767286,-0.0001761046,-0.17707868,0.3001651,0.092305996,0.25299564,-0.5160725,-0.32439908,-0.08717959,0.18759039,-0.64075226,-0.21487007,-0.59769595,-0.050182324,0.9141513,-0.28316045,-0.18765777,0.39056572,0.2726321,0.13085343,0.44867408,-0.028681211,0.5030997,0.04290453,-0.031076437,-0.4311337,-0.49762994,-0.2676956,-0.14265066,0.22319871,0.1408104,-0.6004961,-0.5581141,0.09423262,-0.80566984,-0.13308407,-0.47280803,0.3616819,0.30544263,0.16069472,-0.16461067,-0.78602165,0.043500647,-0.24671254,0.44731644,0.7424508,0.27066144,-0.3320592,0.17962606,-0.6826366,0.15902066,0.3423096,-0.7700892,0.42982307,0.3310774,-0.5679226,-0.45150378,-0.37116852,-0.06584074,-0.15103795,0.45821008,-0.03197269,-0.1191749,-0.65796095,-0.43819287,0.012076212,-0.7249442,0.100736625,0.0739299,-0.007815455,-0.8753418,-0.19593176,0.0022699866,-0.29567102,0.66729254,-0.4431053,0.77611136,0.6658815,0.039963484,0.051492218,0.384408,-0.09663779,-0.3316165,0.31290618,0.2239709,0.31368572,-0.12548625,-0.46388844,0.36852908,0.38460788,-0.076766975,0.14721519,0.42362827,0.4832686,0.22489521,0.016378459,0.23151445,0.13505664,-0.3390659,-0.05602596,-0.1992007,0.25175717,-0.4578585,0.81412375,0.4342498,0.27912733,-0.081124805,0.6002614,-0.3686523,0.04890728,0.060136307,-0.25061494,0.093943566,-0.21755248,0.71615493,0.7036748,0.29619482,0.07627311,-0.8886263,-0.001239483,-0.19801088,-0.14027816,-0.006908577,-0.20462467,-0.01992442,0.43457875,-0.73152924,0.3801,0.5647812,0.04940297,-0.45655304,-0.12925735,-0.0022526733,-0.61408484,0.29852647,-0.2670766,-0.24279411,-0.43109456,-0.14221299,-0.2604077,-0.109675534,-0.4219253,0.3578602,-0.7163179,-0.2656328,-0.3631938,0.11789051,0.24955498,-0.13999017,-0.19670969,-0.4774926,-0.065273255,-0.21009098,0.30454472,-0.08479966,0.6223547,-0.65473557,-0.0010467491,-0.44993532,0.3555998,0.052103247,-0.27461967,1.0036418,-0.7452769,-0.08742418,-0.30913427,0.027824778,0.0763015,0.012831912,0.17750515,-0.036314894,-0.14300777,-0.43971616,-0.6640341,0.13941677,-0.06573352,-0.5172116,-0.285238,-0.17072481,-0.15349784,0.022381034,-0.21007837,-0.3465537,0.015366797,0.46418086,-0.0072909053,0.4701379,0.4286465,-0.07687442,0.22959483,-0.17152609,-0.3477379,-0.21088545,-0.27575284,0.5079172,-0.13448314,-0.4018853,0.25197837,0.07283394,-0.106478326,0.25109202,-0.35419738,-0.21676861,-0.5786237,-0.19624412,0.32465258,0.33344,-0.43057767,0.153347,0.32529342,0.2205591,-0.78350675,-0.11478612,0.27204654,0.38708878,0.08333333333333334,0,0,0,0,0,0,0,1,0,3,2,2,0,0,8,2,0,0,0,0,0,0,2,0.5,0.0,0.0,-0.3333333333333333
-0.27171612,0.07899339,0.93614453,-0.12638548,0.14744331,-0.71888256,0.37742627,0.72028536,-0.43135297,0.033854727,0.12492964,-0.088561565,0.21442968,0.47476694,-0.14373644,0.41479012,-0.25361848,0.104405455,0.030401835,-0.470807,0.31398174,-0.14126857,0.34353375,-0.20941533,0.110078625,-0.0860207,-0.107315026,-0.021882104,-0.42470554,0.0660373,0.0005887275,-0.05688191,0.11367136,-0.082874954,0.13501398,0.05659801,0.0141605465,0.18236177,0.122784816,0.101121105,0.10278375,-0.7247674,0.21008116,-0.52757186,-0.47876206,-0.025589837,0.05484132,-0.38039878,0.33402827,-0.3817713,-0.44081602,0.27470982,-0.3759013,-0.4807792,-0.0016813442,0.4584036,0.1959749,-0.43152067,-0.40485975,0.02031449,0.15114121,-0.35514656,-0.19767721,-0.02994383,-0.31675938,-0.49358106,-0.004338125,0.25649643,-0.6927872,0.15867062,-0.23602574,0.16995578,0.25783363,0.298472,-0.14088419,-0.2961901,-0.26080117,0.041599665,-0.43494928,-0.25953725,-0.136934,-0.014561093,0.28976578,0.13876978,0.4420456,-0.06907333,0.18521596,-0.19570889,-0.21367444,0.8123134,0.08426512,-0.04238257,-0.12176019,-0.04738265,0.1803834,-0.387856,-0.5306398,-0.035825316,-0.1189672,0.013490274,0.1881473,-0.2363876,0.29945412,-0.07660184,0.42905867,0.112712316,0.05989806,0.013962034,0.34908566,0.018349623,-0.1691771,0.30847827,0.08841964,0.29494163,0.24096619,0.112834275,-0.27306807,0.3569837,0.08003173,-0.2158556,-0.76988786,-0.097389154,0.33108938,0.18470933,0.12968428,0.24871457,-0.45044473,-0.34524158,0.2107178,0.17218608,-0.13427536,0.09931465,0.09204462,-0.07959206,0.19305456,-0.030522572,-0.1386772,0.10941104,-0.2842702,-0.12805407,-0.22630514,-0.086276315,0.11977772,-0.100468844,0.035994362,-0.41015896,-0.18044555,-0.20860688,0.03061021,0.48174214,-0.23949192,0.20850639,-0.30993947,-0.2559541,-0.37932646,-0.31546012,-0.5378965,0.11961488,-0.15724543,7.782752e-05,0.49176916,0.31827247,0.06673695,-0.12347868,0.27586806,0.24016422,0.2243913,-0.1363257,-0.36535847,-0.05746446,0.31128263,-0.2590171,0.3172877,-0.14814503,0.118717104,0.088110544,0.3632445,0.080813356,-0.16734536,0.28053722,-0.36648235,0.07777799,0.07273368,0.024304137,0.5882626,0.31625918,0.3816239,-0.531953,0.59488523,-0.1594624,-0.1823899,0.18177576,0.56942546,-0.41192183,0.39917397,-0.34905717,0.26170465,-0.14954682,-0.04684094,0.11159549,0.43436214,0.4927883,0.2679584,-0.3208969,-0.2442187,0.6893387,-0.1611731,0.38577056,-0.49642983,0.070490636,0.02521363,0.5257342,-0.17600203,0.21721081,-0.16457292,-0.34327385,0.32412326,-0.22420536,0.15992111,0.07121963,-0.19803184,-0.34157968,-0.49839544,0.19990654,-0.4363878,0.8223355,0.33676195,-0.6494049,0.2793317,0.11016408,-0.097919166,-0.28991488,0.29308662,-0.041586656,0.16497451,0.47767773,-0.14613138,-0.29266825,-0.1721899,0.0020545702,-0.22275329,0.30134442,0.31849697,0.23188116,-0.15034036,0.3062278,-0.070955224,-0.18402731,-0.3688847,-0.27600822,-0.20641722,-0.04490869,0.09993312,-0.15317166,-0.28132513,-0.28910193,0.037777487,-0.47668388,-0.21754585,-0.48240688,0.41531077,0.09069019,0.036464646,-0.1882941,0.0030415321,0.11793833,-0.17904465,0.25125244,0.52080137,-0.06490911,-0.046752542,-0.034200143,0.058477264,0.68708235,-0.18697524,-0.28893116,0.7082581,0.050987512,0.051563013,-0.33663154,0.5419123,0.43363556,0.089220196,0.026229655,-0.328477,-0.7389844,0.3896083,0.26455402,0.32199803,-0.4014853,0.3484057,0.35254693,-0.058352023,-0.25752395,0.7850798,-0.045984197,-0.080407605,-0.049363498,0.04675002,-0.12177367,0.16680676,0.1182425,-0.13093705,0.2387202,-0.34292483,-0.027591271,-0.6380769,-0.32229236,-14.146706,-0.18541837,-0.4144007,-0.26658097,0.19255589,-0.38982344,0.4505076,0.30747154,-0.21632321,-0.27122247,0.05570668,0.01979189,-0.101792485,0.41234747,0.027767884,-0.15856646,0.37867394,0.061362926,-0.35650036,0.6598307,0.22733034,-0.24693982,0.78982323,-0.14094184,0.44396207,-0.024788812,0.08981228,0.04350931,-0.3149351,-0.44091225,0.3776789,0.1564058,-0.010212085,0.7444632,0.025379779,0.040457718,-0.033690937,-0.36919156,0.036003772,-0.32240832,0.09347501,-0.54112256,-0.20347708,0.2803518,0.46283916,-0.09562,0.24356043,-0.3015492,0.25766882,0.21972392,-0.12842767,0.0045873323,0.1642239,-0.64177907,-0.222944,0.26189283,0.330441,0.8846455,-0.15956116,-0.4284216,0.0055785705,-0.31757882,-0.36685932,-0.09644455,-0.30296886,0.08973142,-0.22720705,0.13642119,-0.55513114,0.2819012,0.059252147,-0.06073956,0.11470001,-1.265073,-0.2681595,0.2164427,-0.19726716,0.6629975,0.20498805,0.06133334,-0.34761104,-0.49894825,-0.074121006,-0.099942096,-0.32973674,-0.23230566,-0.3065264,-0.5109908,-0.4413557,0.1873486,0.27031466,-0.23501956,0.3646295,0.3673531,0.09682858,-0.103739925,0.4561455,-0.36432204,0.12319633,-0.16697387,-0.08592538,0.4722754,0.45936337,-0.14048794,-0.40366662,0.24679919,-0.0588472,0.096066445,-0.2038151,-0.07174026,0.2181849,-0.16174218,-0.21614812,-0.076181665,-0.16531388,-0.29487354,-0.02156259,0.6930878,-0.10662844,-0.18110353,-0.51451427,0.04080548,-0.5740492,-0.96230906,-0.20933408,0.14045963,-0.15569209,0.15907517,-0.0047209826,0.17750935,-0.28044632,-0.37190506,-0.18344454,-0.11657229,0.001040323,-0.13488688,-0.119698495,-0.7693222,-0.019273551,0.26441923,0.1977173,0.25471792,0.63300604,0.07299351,0.13458267,0.24154873,0.15585114,-0.547929,-0.29684114,0.4159231,-0.3278089,-0.628481,0.09167776,-0.4378532,-0.19262363,0.39515772,0.63183063,-0.27538803,-0.33302838,-0.55235314,0.11861867,-0.35676894,-0.02164043,0.33144867,-0.031325635,0.12021317,0.008426326,0.38943827,0.43349707,-0.27658626,-0.14561279,0.2109968,-0.1134359,0.33457568,-0.39022794,0.08202916,0.30402994,-0.40838766,-0.23851423,0.43309668,0.21383132,0.2753432,0.07783429,-0.14755563,0.41027263,0.07969658,0.446449,-0.07523752,0.17881899,0.182324,-0.18114007,0.46028122,-0.33085558,-0.13197882,-0.020373935,-0.4032857,0.5806596,0.38071135,0.20674802,0.6438704,-0.106228076,-0.29653272,-0.35467282,-0.005299365,0.053397264,-0.028406428,-0.021648468,0.16499631,0.33784536,-0.23253441,0.27587444,-0.5844924,-0.28126428,-0.067438506,-0.040216446,-0.36446095,-0.16671409,-0.37870777,-0.648252,0.050991476,-0.030934604,0.084366314,-0.13116436,-0.05806228,-0.18539019,-0.26351896,0.1355395,-0.5650254,-0.004517473,-0.2941828,0.12900114,-1.4374014,0.09600973,0.12594883,-0.25735456,-0.2995335,-0.3701577,0.26918316,0.3209095,0.20008172,-0.7213826,-0.38657168,0.084097505,-0.7681334,0.13613643,0.0049354355,-0.29704478,0.2032419,-0.020927446,0.13389716,0.6285611,0.063897245,-0.3338791,-0.27565184,0.4690583,-0.30656463,-0.4429759,0.062058832,-0.07744307,0.16809851,-0.22021683,0.30738044,-0.028290523,-0.094602376,0.13514246,0.43103576,0.13199781,0.53944844,-0.0010727685,-0.19835752,-0.18636297,0.14262892,0.024268268,-0.16499384,0.042568352,-0.28267956,-0.499668,-0.10794771,0.21350366,0.20172857,-0.30095688,-0.28364894,-0.12840952,0.0032658328,0.33985937,-0.33228394,-0.067528106,-0.2178195,-0.10180738,0.32624456,0.5905348,0.52675563,-0.76392555,-0.12697922,-0.17524366,0.4201896,0.8304308,-0.3305775,0.044524226,0.02198829,-0.22498973,-0.63829005,0.21918482,0.018420728,-0.34720087,0.30827144,-0.288961,-0.28427848,-0.4571139,0.19010393,-0.3498582,-0.11533331,0.28868923,0.4225447,-0.05667014,-0.29452306,-0.13784687,0.0026945432,-0.10099387,0.5367866,-0.21005239,0.28424606,1.0211304,0.016863616,0.24838613,0.26818052,0.08812355,-0.4306065,0.10703411,0.074760966,-0.22658353,0.09959438,0.054204177,0.16480945,0.028146885,-0.01558935,-0.38045308,-0.1844399,-0.07218833,0.49338198,0.511548,0.498696,0.40038934,0.13494055,0.3183187,-0.3356887,-0.112541646,-0.06283215,0.6850135,0.520022,0.033754308,-0.04202744,0.04039897,-0.293977,0.29921278,-0.16742904,-0.08253248,0.118163176,0.18355186,0.59552115,0.25769988,0.11636739,0.109101474,-0.44005814,0.24844606,-0.15609972,0.1562618,0.3859874,-0.5463333,-0.078432985,0.10168916,-0.22773004,0.054191057,0.2086603,-0.099407755,0.039982416,-0.25843328,-0.032107722,0.10744393,-0.061664164,-0.4637581,0.06385902,-0.19966589,-0.07344504,-0.06287152,-0.14917058,-0.282144,-0.2436183,-0.41467175,-0.24604438,-0.3673235,0.086536504,-0.35785115,-0.44414404,0.20159368,-0.11269555,-0.05543895,-0.0010926822,0.52245533,0.13014899,0.38118923,-0.33670625,-0.19741823,-0.42234108,0.36576852,-0.13712758,-0.16798735,0.12276622,-0.12166124,-0.052214544,-0.0498153,0.47501037,-0.057386976,0.41269806,0.03561222,-0.31062135,-0.09413525,-0.80149823,-0.1695766,-0.26164111,-0.2788523,-0.4133562,-0.3784032,-0.04700002,0.04547132,-0.72879297,-0.47133955,-0.15616117,-0.015076697,-0.24965101,-0.02177433,0.21713167,0.2865078,-0.25345406,-0.3423384,-0.32017502,-0.38958916,-0.3456283,0.4621222,0.122311436,0.4064103,-0.331491,-0.08765995,0.055912614,-0.047295332,0.141501,0.33702198,0.38640556,-0.6355406,-0.60196733,-0.5065036,-0.16564,-0.32787263,0.17298794,0.16197892,0.1377678,-0.3173257,-0.33764088,0.25104395,-0.098647,-0.15555555555555559,0,0,0,0,0,0,0,0,0,0,1,0,1,1,3,0,0,0,0,0,0,0,0,0.0,0.0,0.0,0.0
0.07910321,0.0041934145,0.17795333,0.121610336,0.7191574,-0.506909,-0.34934226,0.36966497,-0.11462017,0.0668714,0.15046373,-0.23025978,0.033220075,0.25510916,0.044379603,0.33746895,-0.1474859,0.3325156,0.14336136,0.061897583,0.17704576,0.09644236,0.19636984,0.504733,0.034024175,-0.12783769,-0.26528138,-0.05706683,-0.53071886,0.00747846,0.31660378,0.27722,-0.19159617,-0.3175552,-0.15727977,-0.089365095,-0.24852198,-0.22634262,-0.12668973,0.25892648,-0.5782289,-0.06520734,-0.10733774,0.110841796,-0.10810981,0.26706067,-0.24809189,0.0390373,0.0377684,-0.32198384,-0.73909765,0.04666376,0.26188186,-0.4656535,0.16044183,0.32810292,0.41927284,-0.5333058,-0.4719831,-0.1872651,0.086989604,-0.26425827,-0.14031954,-0.29294068,-0.094814666,-0.22110659,0.15922317,0.51510453,-0.62834406,-0.13774158,0.18668582,-0.30777678,-0.3974329,-0.22398895,-0.37431225,-0.21679276,0.018416956,0.5756162,0.113778,-0.44036755,-0.10253491,0.36665463,0.34045026,0.07206376,0.2104168,0.32109544,0.05252508,0.041794848,-0.10428415,0.38775757,-0.3624108,-0.26296353,0.015838323,0.14680262,0.1800845,-0.2452484,-0.04637517,0.11257777,-0.22452095,0.48706406,0.20173845,-0.41803348,0.387439,0.30113927,0.12030573,-0.25934726,-0.16351645,-0.15482298,-0.1704027,-0.19106749,0.18125935,0.092481986,-0.05422461,-0.45009986,-0.37839642,0.12470769,0.024306841,0.016657688,0.11217794,0.18335512,0.1990532,0.12839632,0.0006346436,0.28475213,0.17725728,-0.14603563,0.120173074,-0.13517962,0.30553228,-0.017321555,0.31108662,0.36873037,-0.11963896,-0.25876182,0.15071286,0.68581843,-0.005986194,0.134647,0.13228239,-0.16273929,-0.20141916,-0.15277557,0.24353945,0.4409478,0.45026496,-0.22438014,0.15183431,-0.30942857,-0.32558572,0.14121763,-0.4946724,0.23347512,-0.41713142,0.19869033,0.06865652,-0.14654733,-0.10125784,-0.2525519,0.014540463,0.21675259,0.088597514,-0.14374167,-0.09043383,-0.0949159,-0.10267643,-0.07891055,0.20883061,0.42006484,-0.086171195,0.07423387,-0.117056414,-0.3927585,0.07839732,0.061977316,0.76237464,0.20864321,-0.0932504,-0.022261256,0.26030695,0.6305992,-0.5597846,0.27888945,0.36148044,-0.44502965,0.26702175,0.23985244,0.40729123,-0.106761314,0.22001463,-0.057562158,-0.4197956,-0.15827344,0.1290066,-0.021914208,0.21842209,-0.6907678,-0.22471808,-0.10194853,0.050920464,-0.76545787,-0.17487498,0.105931304,-0.082039095,-0.20483628,-0.43868035,-0.017800927,0.10836979,-0.4871109,-0.5096047,-0.047082797,0.12224201,0.19558042,-0.19469623,-0.04905413,0.02225529,0.20444481,-0.33983335,-0.18632096,-0.37302825,0.08420276,0.36755395,-0.29370973,-0.13459274,0.26654232,0.18257783,1.2802646,0.45507604,-0.58070314,0.22175746,0.26066947,0.14008777,0.008619106,0.01110997,-0.805779,-0.09529308,-0.22266367,-0.6838536,-0.50563467,0.26743588,0.35206595,-0.46402177,0.3593157,0.0045415214,0.3608081,0.011538506,-0.15427427,-0.02309426,-0.4764184,-0.09211066,-0.12045571,-0.33667037,0.2384272,-0.60235196,-0.34321448,-0.04234127,0.055951003,0.056926563,0.093505815,-0.20166512,0.36340165,0.47970906,0.32983372,-0.20185013,0.25367653,0.67894554,-0.3913792,-0.18501382,0.029476793,0.33904803,0.01250035,0.020005638,-0.42486882,0.47614852,0.44660226,-0.1651484,-0.7559169,0.00603672,-0.2577177,0.20288834,0.20644836,0.2936441,0.46825063,-0.13053434,-0.34894362,-0.41753536,-0.035539567,0.19102,0.022468254,-0.0031949899,-0.08314231,-0.21382752,-0.15115698,-0.38393044,-0.23008467,0.792384,0.512584,0.011059206,0.12529163,-0.36547416,0.02566484,0.12353413,0.27637175,0.2174602,0.076647535,-0.100795306,-0.03531806,0.078960046,-0.27450275,-8.008874,-0.5610454,-0.027352829,-0.30393553,-0.0788491,-0.1863648,-0.04196515,-0.09569602,-0.6919463,0.01000422,-0.03494128,-0.054793287,0.019377612,0.13609892,-0.3753741,0.25686955,0.28400508,-0.090753555,-0.24438113,0.3778725,-0.24582273,-0.46362996,0.029605739,-0.16622032,0.11261818,0.2800413,0.10495496,-0.11472569,-0.028008109,-0.16767281,-0.075325355,-0.11333695,-0.24296346,0.7830112,-0.1171769,0.015009403,0.026906962,-0.09454704,-0.23254877,-0.044887185,0.32884255,-0.05098495,-0.068809226,-0.109460965,0.7196373,-0.5238116,0.26264173,0.39281696,-0.15377858,-0.091758594,0.22772187,0.12478474,-0.051752396,-0.41274965,0.38532853,0.06678401,0.12091277,0.5770989,0.35053146,0.0035068518,0.39972958,-0.3276073,-0.13317145,0.20055744,0.19749531,-0.15238209,-0.75128317,-0.63155955,-0.048934035,-0.4075296,-0.40929225,0.49149495,-0.004014795,-1.4766438,-0.2892577,-0.4430655,0.35316628,0.13120244,-0.18683694,-0.44782752,-0.7297306,-0.2929283,0.09546735,-0.3315175,-0.3344578,-0.2419693,-0.12372756,0.27766564,-0.55733216,0.21133772,0.096258126,0.14049664,0.23840187,0.25800687,0.12316598,-0.10508762,0.39353177,0.05459508,-0.249605,-0.005169074,-0.035644814,0.028573582,0.37506026,-0.09618787,-0.4601522,-0.16541828,0.18415767,0.060728975,0.068797566,-0.10432534,-0.17304584,0.45533982,-0.30608246,-0.47349292,-0.12449802,0.124233924,-0.32043752,0.5251982,0.40812245,-0.3279547,-0.3852629,0.34053048,0.12199924,-0.22107573,-0.09926851,-0.21995558,-0.31733868,0.5568064,0.05541236,-0.16426592,0.08591962,-0.07448061,0.0015327778,-0.088659756,0.16397028,-0.106142424,0.17166533,0.0026945723,-0.5767102,0.31934348,0.42203358,0.6090145,0.06689747,-0.3455301,0.2530955,0.05703731,-0.1429938,0.6371394,-0.06546548,0.4076214,-0.75187624,-0.74684787,-0.08297201,0.05531701,0.43869224,0.23470321,0.5928835,-0.2137396,-0.31695318,-0.55141723,0.39068332,0.31508136,-0.13616295,0.11541251,0.024259817,0.3459164,0.12487,0.10224932,0.054451738,-0.1849797,-0.2500377,0.2310969,0.23557222,-0.05469998,-0.014815123,-0.021203084,0.15098417,-0.5075325,-0.4357014,0.4197441,0.1833346,0.08067881,-0.10612763,0.081675604,0.39543888,0.2797816,0.22074582,0.03542079,-0.088121966,0.63691604,0.24268503,0.30012932,0.34693512,-0.23282605,0.0084870625,-0.32603037,0.39092213,-0.13778426,-0.0456001,-0.1428983,-0.42978644,0.09364807,-0.15457638,0.45103645,-0.39839917,-0.33736682,-0.25989836,0.38292477,0.0358569,0.053736042,-0.14813381,-0.038745217,-0.32126227,-0.0844388,0.18073994,-0.24451448,-0.42748287,-0.4540798,-0.72142625,0.1281001,-0.14882915,-0.06340757,-0.077982165,0.19894812,-0.19449446,0.19390026,-0.25649923,0.20195693,-0.5212426,-0.439345,-0.1909934,-1.5805633,-0.04180181,0.23230721,0.060471922,0.3465376,-0.45264176,0.10283603,0.07554885,-0.23937625,-0.3082876,-0.5607115,-0.13078535,-0.5317499,-0.11449995,0.50930524,-0.18698432,0.26635352,-0.08605767,0.17687736,0.11616234,-0.07179689,0.029755164,-0.15071684,-0.07459001,-0.364557,-0.11634691,-0.6613338,-0.5018293,-0.1281,-0.24204281,-0.42636555,-0.04398811,0.0669625,0.5132898,-0.040243845,-0.09360197,-0.018980319,0.11608979,-0.4592084,-0.5082306,-0.3838666,-0.14388242,-0.20935172,-0.1207747,0.11367757,0.026280256,-0.6266217,0.056162644,-0.37478417,-0.36598194,0.026077004,0.080307916,-0.14970708,0.46588162,-0.46595192,-0.2523042,0.6354563,0.29651028,0.24818686,0.031278696,0.041346416,-0.20305762,0.1389931,-0.4186529,0.22872631,0.5377256,-0.07701611,0.017919963,0.15760306,-0.10144749,0.18337747,0.6839407,0.16767684,0.24980423,-0.1686997,0.104312144,-0.57296056,-0.20930742,-0.4363422,-0.40229502,-0.19771126,0.46417823,0.32787243,-0.2285695,0.1394959,-0.23101261,-0.21638463,-0.11857257,0.1176827,-0.28528926,0.5279874,0.05927345,-0.41844967,0.27515864,0.19103211,0.37522933,-0.419869,0.13658047,0.04149951,-0.20491564,0.51087207,-0.07471845,0.06749872,0.06327059,-0.108066775,0.08880645,0.3866425,-0.29001495,0.37248853,0.30380255,0.06374951,0.02921791,0.36475697,-0.21113391,0.109889604,0.14531386,0.3743015,-0.011407281,0.2754668,0.072277285,-0.25181705,-0.041921087,-0.08010797,0.060592305,-0.19732763,-0.024029704,0.52836686,0.37385708,0.49962416,0.022640765,0.11335506,0.37290397,-1.0249739,0.29668525,-0.0013074911,0.32090867,-0.18587425,-0.06830444,-0.019602839,-0.20814717,0.04952214,0.18208084,-0.3751807,0.3645076,-0.06088402,-0.36382467,-0.22939137,0.07069604,0.2453342,-0.2289023,0.0059207957,-0.2570311,-0.2594429,-0.2942384,-0.19038904,0.03292579,0.16934714,-0.13018636,-0.46084374,-0.4988045,0.12199685,-0.020332243,0.32946455,-0.36601123,-0.12935048,0.17153588,0.14727686,0.40590015,-0.1477984,0.04131653,-0.31160015,-0.28871316,-0.022536766,-0.36224076,-0.1790291,-0.14543271,0.28748047,-0.52579695,-0.32552284,0.41867584,0.016686723,-0.038323756,0.30898908,-0.19118567,-0.14061506,0.12142959,0.34091973,-0.027461555,-0.12936562,-0.35368744,-0.3535955,0.18803592,-0.033222944,0.4084903,0.3565044,0.23385958,0.0155034615,-0.08880904,0.017285703,-0.37533447,0.30154896,0.20606036,-0.026196584,0.015626993,0.03027339,-0.089016914,0.14219558,-0.053058606,0.13082883,-0.3740388,0.4972893,0.08732962,-0.24390896,-0.02370276,0.21492445,-0.015615368,-0.33583328,-0.18880238,-0.08294755,-0.371706,-0.11158193,-0.12865803,-0.14729093,0.3297817,-0.24794778,-0.049728293,-0.3990947,0.32813028,0.1573199,0.0,1,0,1,0,0,0,0,0,0,0,0,1,0,0,3,0,0,0,0,0,0,0,0,0.0,0.0,0.0,0.0
0.3544318,-0.29695746,0.6062205,0.37141007,0.5525361,-0.721338,0.23737854,0.29366156,0.0355972,-0.26565978,0.17514299,-0.42423233,-0.27404478,0.13234049,-0.098616324,0.35739404,-0.1599521,0.4530679,-0.18477562,0.17995621,0.54038036,0.17881112,-0.08227236,0.10305414,0.2570579,0.47514424,-0.009522081,-0.063678965,-0.5123438,-0.004262602,0.37321436,0.17622711,0.086316764,-0.038805086,-0.52191865,-0.19766133,-0.1770825,-0.018173749,-0.0027339796,0.42933047,-0.2978702,0.0119247995,-0.023327531,-0.2744827,0.14026457,-0.062196836,-0.09851118,-0.4927683,0.5345183,-0.5737831,-0.91183233,0.35958466,-0.5792939,-0.21792302,0.16459022,0.3092392,0.25162312,-0.87630004,-0.18685573,0.22425842,-0.38214883,-0.56971043,-0.19953865,0.09578262,-0.15173583,-0.40488505,-0.04449552,0.46610868,-0.8488393,-0.20799527,0.3004234,-0.2091271,-0.09940741,0.024669698,-0.3474496,0.29867208,-0.33279634,0.63414633,0.2933239,-0.145325,-0.37107527,0.47375575,0.13975276,0.23987238,0.7734377,0.20496152,-0.06964172,0.22676983,-0.19474863,0.7147487,-0.08381412,-0.048819616,0.20403042,0.13420859,0.6254373,-0.58795285,-0.6221873,-0.024520185,-0.16686422,-0.16887772,0.6590731,-0.7803489,0.19180913,-0.024705464,0.11754302,0.026304267,-0.680852,-0.034589954,0.14351645,0.1340837,0.51048356,-0.05174679,-0.21781443,-0.3836876,-0.35942933,0.3466748,-0.1559816,0.5318731,0.5000992,0.13932979,-0.21677658,0.5436901,0.12637396,0.42694122,0.043227147,0.4827912,0.1422432,-0.035288528,0.19958968,0.36807826,0.44502017,0.6247807,0.35807475,-0.22948179,0.014760847,-0.22630948,-0.29848537,0.34733433,0.1538096,-0.20277807,-0.056226805,-0.21920091,0.29069307,0.2285839,0.4989511,0.14269327,0.088733286,-0.29231313,-0.27609476,0.22950451,-0.1736573,0.098406926,-0.612205,-0.3382371,0.23786189,-0.24081372,-0.23191509,-0.056956515,-0.086242884,0.39578655,0.3954684,-0.06610789,-0.36619392,-0.11955908,-0.15714106,-0.20555434,0.060683113,0.64089453,-0.053409085,0.054654434,-0.003320881,-0.6339309,0.52630746,0.1172815,0.56536466,0.5308364,0.08640583,-0.2971666,0.09872225,1.2477227,-0.41065198,-0.11247327,0.35034713,-0.10462954,0.016698843,-0.14505196,0.54448473,-0.46300593,0.33032835,-0.16923432,-0.356856,-0.057344034,0.2388398,-0.07725168,0.090363115,-0.2431711,0.11741671,-0.16298932,0.44163844,-0.19449787,0.119080715,0.15979493,0.037084777,-0.7301294,-0.6596529,0.3777597,-0.21209212,-0.4994258,-0.8352279,0.031349838,-0.38539222,0.43460047,-0.3312039,-0.29180804,0.16396421,0.27231732,-0.43074816,0.12178732,0.0081507135,-0.1758501,-0.31768826,-0.35589492,-0.7199119,0.19359732,-0.16927166,1.2577944,0.19234917,-0.6935014,0.53346443,0.117117405,-0.08915391,-0.08380158,-0.21798497,-0.3654259,0.06858535,0.27386078,-0.13381726,-0.5812578,-0.047919355,0.17234531,-0.3733631,0.4019009,0.039299026,-0.29141036,-0.10553024,0.26799887,0.091324046,-0.36609328,0.15131378,0.23361996,-0.21650776,-0.23093231,-0.3006602,-0.4694733,0.4600842,-0.08826177,0.08522523,-0.08730862,-0.53871185,0.31808257,0.3588228,0.14132497,0.153869,-0.20481047,0.22762735,-0.9768486,-0.2046481,0.2917504,0.53017366,0.25421092,-0.04167899,-0.22415483,0.59900737,0.3285595,-0.082724035,-0.49411678,0.346794,0.17340918,-0.05449677,-0.4510865,-0.18534203,0.55492294,-0.14092927,0.01712623,0.025254916,-0.2656864,0.8415231,-0.55962676,-0.31617767,-0.35378385,-0.2833404,-0.37460622,-0.54241645,0.09437762,0.5993708,0.5062511,0.0720541,0.55493706,-0.34030992,-0.4679726,-0.1853656,0.11799496,-0.12796016,0.019804003,-0.22036251,-0.2832811,-0.53452235,-0.34575826,-10.441294,0.1977022,-0.35271236,-0.18716793,-0.08888006,0.1007401,0.22371882,-0.036838453,-0.043091334,0.06494579,-0.110586055,-0.29312065,-0.03585144,-0.26800862,-0.4710673,-0.053022884,0.46107456,-0.0705842,-0.38060457,-0.04912174,-0.4061764,-0.8604606,0.49587905,0.21558337,0.4065903,-0.100492716,0.118061274,-0.063147895,-0.021806369,-0.026666353,-0.21675335,0.16241822,0.0043789893,0.89144456,-0.35474506,-0.19512028,0.3478983,-0.17940152,0.001121928,-0.15245816,0.034174334,-0.04412126,-0.04618692,0.0028205826,0.933675,-0.6735922,0.071725905,0.1909658,0.0031980732,-0.29350495,-0.29915595,-0.1816433,0.004402839,-0.30731228,-0.2617797,-0.22950007,0.27837706,0.65163887,-0.32568988,-0.11797272,0.66874814,-0.46756104,-0.5025344,0.097841054,0.048217025,-0.10727529,-0.69117594,-0.7207001,0.08498521,0.0814399,-0.41158816,0.91254836,-0.0013120575,-1.4283192,-0.2924677,-0.1933146,-0.00048692315,0.14307553,-0.3575659,-0.21134111,-0.6326773,-0.8282931,-0.038472254,-0.18846145,-0.5412987,-0.57616514,-0.2117307,-0.19492641,0.1016514,0.30584472,0.28614625,-0.1509863,0.18981749,-0.011861029,0.22535016,-0.3287001,0.36081877,-0.6481642,-0.12897804,0.652733,0.21933538,-0.088136986,0.59260714,-0.04909194,-0.43923557,-0.022101821,-0.07411119,0.28356853,-0.012835889,0.0146490075,-0.4836539,-0.09512767,0.058448467,-0.15138751,-0.2897242,0.13326608,0.06578506,0.47482297,0.12331356,-0.78521186,-0.3045915,0.3937785,-0.3230251,-0.29319882,0.050200872,-0.114616156,-0.051978398,0.32591748,-0.07245355,-0.67475426,-0.18984877,-0.094103746,-0.08801013,0.05578264,0.25729164,-0.38468146,-0.32886314,-0.07767539,-0.28298518,0.29344213,-0.036332868,0.15303153,0.5663598,-0.11261799,0.48750982,-0.03864442,0.23216599,0.2174859,0.13070756,0.068477586,-0.3735349,-0.93241507,-0.014071419,-0.4421328,0.20581046,0.15320013,0.33666435,-0.031357583,0.16064505,-0.8803111,0.3880206,0.03456415,-0.27073178,0.18705645,0.04941263,0.24524285,0.174237,-0.018248532,-0.050851528,-0.26323155,-0.25806546,0.21404396,-0.07375597,0.0419422,0.19845124,0.2698058,0.40173477,-0.36855438,-0.2769973,0.6026839,0.10662722,0.089966,-0.31414902,0.04253018,0.19406614,-0.23879358,0.1702673,0.4485723,0.23481214,0.31633937,-0.5376457,0.6569494,-0.5013387,-0.5433527,-0.22830766,-0.40095738,0.33124307,0.33453888,0.4059847,0.0070724804,-0.33553642,0.17355414,-0.41177154,0.3350458,-0.23696813,0.23245698,0.07895765,0.679175,0.30749747,0.31399873,-0.118339,-0.3616518,-0.40970647,-0.28392467,0.07364057,-0.17253758,-0.59938186,-0.46198764,-0.8674572,-0.2620687,-0.630439,-0.047568146,0.15918677,0.34111145,0.030665942,-0.019227516,-0.0013389247,0.17234759,-0.33219156,-0.030703675,-0.0067494526,-1.7484666,0.31376114,0.35505053,-0.15711695,-0.09704051,-0.11094859,-0.23008293,-0.06983358,-0.034266602,-0.195332,-0.72193944,-0.3996284,-0.17723215,-0.003763205,-0.10839349,-0.74768555,0.5156837,-0.3351092,-0.08254589,0.289225,-0.2149133,-0.51990855,-0.06815028,0.4059106,-0.57457197,0.20794739,-0.08875619,0.1531194,0.4738148,-0.27570742,0.29996863,-0.028559906,0.025505975,0.09113706,0.14932051,-0.007638804,0.03716231,-0.035614267,-0.54779655,0.17112555,-0.18538718,-0.07186623,0.26628217,-0.44285285,-0.37102675,0.34811366,-0.083775625,0.22857957,-0.15075833,-0.18711944,0.043239865,0.37420952,-0.08850322,0.071290605,-0.025349254,0.045342587,0.13619283,0.33081844,0.06009804,0.040257167,0.6821131,-0.33764645,0.24038477,-0.07583485,0.27640897,0.22941898,-0.15235935,0.16088808,-0.24975325,-0.13950722,0.0160613,1.0213176,0.41639537,0.06733443,-0.08655665,0.5248097,-0.0022358694,-0.21024956,-0.0817476,-0.5805218,-0.18454483,0.4536873,0.5645243,-0.008459177,-0.08679365,-0.14389376,-0.17673111,-0.50520307,0.10374893,-0.4472483,0.14882797,0.39324334,-0.4614724,-0.14820763,0.33285645,0.034350514,-0.039375454,-0.09393141,0.40513825,-0.21988775,0.30982783,0.20860665,0.3330866,0.08608866,-0.13002802,0.26178917,0.17983791,-0.564608,0.47434485,0.474625,0.1337647,-0.017461088,-0.016661238,0.014748562,0.14693579,-0.32858533,0.54472995,0.4355817,0.7098047,-0.17670633,-0.21524425,-0.2497902,0.2625845,0.55424166,-0.38831344,0.16122968,0.105054185,0.41235048,0.31122625,0.2593237,0.29641554,0.4649774,-0.6117419,-0.08377963,0.297075,0.14360416,0.20646454,-0.114118315,0.032102816,-0.09405406,-0.27826932,-0.20554467,-0.3600465,-0.10880681,-0.0005265187,-0.2798531,-0.33163872,-0.32419828,-0.018800369,-0.3517993,-0.0004206527,-0.17847988,-0.2964889,-0.3342252,-0.14297536,-0.5303066,-0.27663785,0.46013746,-0.14678398,-0.40666854,0.38449767,0.127683,-0.2102409,-0.25178722,-0.26081163,0.23762602,-0.0570452,0.22026868,0.103619546,0.3428334,-0.33908588,-0.23914026,-0.5180796,-0.14778261,0.041308347,-0.23280966,0.4216959,-0.37445343,-0.39193767,0.6252531,0.45464772,0.030231439,0.211611,-0.109874256,0.22960606,0.3876463,-0.22071394,-0.12384319,-0.036593493,-0.25014037,-0.10218197,0.053443193,0.087805465,0.03906748,-0.30834,-0.09412072,-0.16717748,0.14156395,0.13267194,-0.22201039,0.38116363,0.2585086,-0.32530916,-0.54305536,0.060602058,-0.13363095,0.2657734,-0.26827627,0.2883585,0.092329524,0.2946942,0.16157612,-0.28456667,0.1598631,0.24621077,-0.14966768,-0.07649694,-0.3497118,-0.2456001,-0.2464778,-0.061013177,-0.14646168,-0.38150433,0.1760503,0.18084092,-0.3132928,-0.5108612,-0.037390657,0.5267114,0.0,0,0,1,0,0,0,0,0,0,0,0,0,0,0,1,0,0,0,0,0,0,0,0,0.0,0.0,0.0,0.0
0.13406175,-0.415531,0.73330057,0.23285761,0.79626215,-0.06589259,-0.0048295497,0.62447363,-0.2126086,0.114744596,0.11287945,0.1258017,0.22356829,-0.018381337,0.32236034,0.22916508,-0.5993622,0.31615663,-0.18827344,-0.18678282,0.23743941,0.17351176,0.45934933,-0.10462662,0.31745598,0.24846695,0.09846952,-0.3781356,-0.7868358,-0.3567373,0.27726737,0.53768367,-0.010539676,-0.046737038,0.11614599,-0.5820183,-0.09880312,-0.20729207,0.36331338,0.125912,-0.33619338,-0.27514535,0.65474075,0.119301274,0.09967477,0.09835131,-0.25718045,-0.55483115,0.20309027,-0.26842177,-0.36192665,0.24892741,-0.45656857,-0.3534302,0.1221637,0.56313014,0.18825048,-0.5546358,-0.14492881,0.18946,0.015688242,-0.31285655,0.13018696,0.2852097,-0.0010155275,-0.0917652,0.3453578,0.43766809,-0.6267946,0.3912698,0.2476703,0.27124256,-0.15566446,0.1088373,-0.12429803,-0.19527239,-0.61187077,0.5151798,0.2249055,-0.21255358,-0.010344884,0.1941911,0.69714355,-0.25341377,0.3407566,0.35603794,0.08749108,0.020889558,0.023405276,1.0123669,0.23018192,0.07015502,0.22225474,0.044921163,0.5293836,-0.5975931,-0.57735384,-0.18302418,0.016255898,-0.026784869,0.82763803,-0.22785972,0.3488005,-0.120083705,0.18881977,0.16059655,-0.36915457,-0.183438,0.44813237,0.5228788,-0.2661585,-0.06315191,0.2154496,-0.40751907,-0.46686307,0.04084814,-0.19542627,0.3761538,0.23077467,-0.109493054,-0.0717983,0.5715554,0.07555621,0.3686924,0.52940774,0.41971362,0.09619799,-0.30806422,0.75295466,0.16544178,0.20102951,0.36170712,0.010434181,-0.1668227,0.21952681,0.09132749,0.28033042,-0.08619461,-0.050980333,-0.34847087,-0.13560572,-0.3013573,0.33790082,0.3235427,0.51173466,0.14181696,0.05111888,-0.29320237,0.033998232,0.31991196,-0.2531361,-0.14101848,-0.24132209,0.19399986,-0.34839198,-0.47150934,-0.48132327,-0.19713666,0.015732987,0.22297975,0.5828165,0.16810091,-0.10004961,-0.024744231,-0.031648096,-0.19811971,-0.23571075,0.29740608,-0.008906726,0.06361614,-0.14389966,-0.14503248,0.34186307,-0.018827775,0.71193063,0.23440744,-0.13397947,-0.014064372,-0.28284225,0.49071276,-0.41975364,-0.017875459,0.24684818,-0.35041946,-0.08477024,-0.26702204,0.3803116,-0.38736483,0.6266936,-0.014608923,-0.23545294,-0.14768343,-0.01478876,0.12289027,0.30139285,-0.58978003,0.29123187,-0.3735144,0.43136498,-0.24498059,0.25761333,0.4256428,0.017438268,-0.265408,-0.6672583,0.33555314,-0.26646155,-0.36319476,-0.54624206,-0.2561804,-0.18411434,0.17075531,-0.3223686,0.19277492,0.2429971,0.21608031,-0.3130902,-0.32572868,-0.10008222,0.4341531,0.014479209,-0.07696998,0.26769844,0.1445302,-0.34958157,1.0955822,0.028858222,-0.5331795,0.18386617,-0.011452385,-0.32288405,-0.2874054,0.15874565,-0.31767917,0.4673834,0.111374244,-0.41026983,-0.4820871,0.11088361,0.27315137,-0.29758036,0.36166343,0.41361892,0.13836192,-0.0727691,0.3768376,-0.3875193,-0.29015434,-0.2708427,-0.3225908,0.07392072,0.16019255,-0.4181588,-0.47350815,-0.08731191,-0.5777598,0.009173836,-0.19746786,-0.1045136,-0.15353128,0.25510594,0.46395263,-0.23811713,-0.40138462,-0.06617019,-1.0372759,-0.16788185,0.34313497,0.5072699,0.059576854,-0.018270822,-0.4324523,-0.2529515,0.4462205,0.0023384942,-0.056390204,0.40549505,0.13010216,0.21360056,-0.21069658,-0.03397075,0.06289284,0.39391398,-0.07083306,-0.15419376,-0.043152045,0.39865124,-0.052300926,-0.21751946,-0.24296536,-0.3034622,0.29541627,-0.40663278,0.20212789,0.7798874,0.41985992,-0.14948788,0.5291576,-0.24060434,-0.6479566,0.79333806,-0.22287378,0.51308596,-0.21893112,0.7683007,-0.19028255,-0.80982363,-1.0118557,-10.972238,-0.28464052,-0.43306783,-0.35349956,-0.019765735,-0.5775751,0.6698173,0.16271645,-0.07364204,0.07335699,-0.18701942,0.023720944,0.42931694,-0.4404759,-0.09044842,0.6076875,0.43740714,0.09205547,-0.13369858,0.21658407,-0.2775786,-0.77950406,0.5131323,0.39347008,-0.02723629,0.027166845,0.021904357,-0.20396402,-0.108189784,-0.42993942,-0.4058355,0.09953254,-0.17382853,0.7807772,-0.118966535,-0.37894708,0.20818914,-0.27886203,0.034956876,-0.119307615,0.10583091,-0.002796468,-0.12510322,-0.21427509,1.0413404,-0.5002539,0.0183845,0.3008783,0.01690935,-0.14949033,-0.2553451,-0.6034641,-0.02005031,-0.3420237,-0.4601115,-0.26675645,-0.062675074,0.7785854,-0.43725154,-0.053658217,0.14021295,-0.23586479,-0.03730108,-0.10153719,-0.28764522,0.00059085543,-0.8515818,-0.6424948,-0.22221966,-0.19903754,-0.4082657,0.21011195,0.13027385,-1.609,-0.4647277,-0.083114855,0.31837547,0.5892641,-0.53155386,-0.21051721,-0.5072988,-0.11200871,0.15881748,0.10388286,-0.36230564,-0.65596086,-0.016451307,-0.75335586,-0.46001065,0.2747314,-0.04979038,-0.18209335,0.53148,0.07421136,0.02545305,0.03871136,0.44034177,-0.7459321,-0.10418889,0.2513539,0.42358616,0.11961228,0.7537858,-0.81258994,-0.5162545,-0.005262305,-0.20176663,0.016979013,-0.127957,0.036044598,-0.19998501,-0.08941554,-0.4892908,-0.08699503,-0.52441907,0.16491467,-0.081943914,0.2529659,-0.059374366,-0.4673997,-0.49090064,-0.17299919,-0.043943334,-0.75047386,0.20436653,-0.20305367,-0.43204686,0.019715657,0.0474775,-0.30677032,-0.3437025,-0.28528053,-0.10116725,0.23504187,0.17308056,-0.32001427,0.056396812,-0.037605714,0.07313087,0.11374436,-0.103930816,0.28934625,0.2418038,-0.22833113,-0.12767678,-0.48219764,0.033681586,0.3526378,-0.14318624,0.22435473,-0.83560014,-0.79748696,-0.03749014,-0.41277084,-0.20375532,0.16302356,0.65165055,-0.22513294,-0.088214874,-0.6006902,0.03624517,-0.07806668,0.13441035,0.42963246,-0.4009733,0.39528728,-0.06297042,-0.17347097,0.35899103,-0.1012127,-0.56633323,0.35680455,0.051394936,0.04286952,0.17029941,0.3545376,0.623781,-0.6338245,0.0752766,0.6919432,0.08853962,0.04090674,-0.18519308,0.23274773,0.50192,-0.10457941,0.4864788,0.19610596,0.88002884,0.15029041,-0.2935406,0.72573495,-0.16422883,-0.47301862,0.4775935,-0.37984872,0.3091783,0.14511505,-0.20335965,0.36537507,-0.30271596,-0.116746284,-0.43830472,0.41740453,-0.21346655,0.34048077,0.57181954,0.64262545,-0.046365086,-0.10137087,-0.32736394,-0.5344439,-0.28023693,-0.23852947,0.23988341,-0.019876707,-0.51073384,0.06588783,-0.7136087,0.28769097,0.11329469,0.07352765,-0.0689337,0.21541832,0.29871976,0.26006904,1.2563143,0.2436021,-0.0037193978,0.08149364,0.0027743203,-1.0852644,0.06624325,-0.100652635,-0.0004475294,0.37817788,-0.60675126,-0.4465855,-0.054863486,-0.2940157,-0.6391299,-0.89032245,-0.313033,-0.6546375,-0.5875402,-0.023522915,-0.14636989,0.08534571,-0.3143006,0.37078506,0.067706496,-0.31669706,-0.2138686,-0.07369913,0.2191695,-0.7037416,-0.1116432,-0.005004795,-0.45260268,0.5686322,-0.4080208,0.2702355,-0.0048250807,0.24337344,0.5085645,0.2635923,0.25614727,-0.043083005,-0.3007666,-0.2939381,0.1837458,-0.2772988,0.005730239,0.3139383,-0.4134506,-0.4587847,-0.13352877,-0.22944279,-0.021372175,0.12870641,-0.27386975,-0.28874135,0.65054303,0.2867978,0.39674893,-0.18130812,-0.5951176,0.095997676,-0.05084094,0.46868312,0.423298,0.34021026,-0.5388111,-0.047077764,-0.3601786,0.34821168,0.6689813,-0.5480953,0.14267011,0.29492408,0.16742802,0.07818082,0.5782035,0.29142445,-0.09047788,0.42060018,-0.14960036,-0.2968211,-0.27843586,-0.3382161,-0.011696747,-0.22980192,0.7538722,0.79308975,-0.17226003,-0.25444707,-0.4642198,0.021662295,-0.69125533,0.20947322,-0.106800646,0.35873628,0.6358146,-0.007279018,-0.06618279,0.27381945,-0.059316203,-0.31698138,0.23602869,-0.014441607,-0.08725402,0.3680917,-0.103959754,0.18789178,0.08411767,-0.39750567,-0.23893963,0.02667766,-0.15192871,0.12595099,-0.025754804,0.2231003,0.06806891,-0.024546212,-0.2020902,0.36592117,-0.37509835,0.12733868,0.6472303,0.58686274,0.43237498,-0.043812763,-0.4065557,-0.13674733,0.068909384,-0.6878793,0.23134363,0.2811449,0.30046958,0.25066814,0.3734938,0.19173497,-0.1922692,-1.113214,-0.22736597,0.069140494,0.36511555,0.1403258,0.007493066,0.27580583,0.21043795,0.0046724766,0.123313874,0.1726318,0.15389079,-0.5578509,0.02998409,-0.17917338,-0.4856607,0.60077304,0.01612259,-0.10909602,-0.59690267,-0.32403418,-0.1224404,-0.44829223,-0.36547577,-0.03538018,0.053247027,-0.51024497,-0.32271707,0.33420485,-0.18568344,-0.14511637,0.053725738,-0.18818882,-0.18108538,0.26417464,0.21716309,-0.31022808,-0.018027784,-0.6518877,-0.14623791,-0.4286713,0.25625974,0.031767175,-0.58456844,0.42123035,-1.180604,-0.24827832,0.061791744,0.23058856,0.030012883,0.3916217,0.18332468,0.0071168733,0.51967466,-0.18235902,-0.40576705,-0.30250612,0.043425184,-0.5372346,0.34368023,-0.2194943,0.14166026,-0.27595368,-0.61855257,0.11156164,0.21916817,-0.07058372,-0.6725373,0.07592106,0.72535187,-0.061709404,-0.2716799,-0.08530425,-0.09025845,0.33193326,0.45857644,0.24671178,-0.34140205,0.027861219,0.4458237,0.11789516,-0.041474037,0.115298375,-0.063205816,-0.27206835,-0.5519212,-0.3307486,-0.07267942,-0.037051804,-0.27130586,-0.1061646,0.4753557,0.4221724,-0.67086136,-0.20641808,-0.090490475,-0.2905775,0.0,0,0,1,0,0,0,0,0,0,0,0,0,0,0,1,0,0,0,0,0,0,0,0,0.0,0.0,0.0,0.0
0.10590789,-0.544996,0.488439,-0.0026807087,0.4205542,-0.7030544,-0.010567464,0.66905,-0.22262262,-0.23983915,0.10688103,-0.10709583,-0.045175605,0.4034394,-0.23121603,0.25384328,-0.062350612,0.51199746,-0.02599453,0.24537411,0.32961968,0.16120547,0.32780147,-0.09702561,0.35749558,-0.29521665,-0.058321215,-0.48936448,-1.0994384,0.3279475,0.46455708,0.26294154,-0.18760332,0.23367766,-0.26309624,-0.18821335,-0.010116924,0.3146841,-0.30079287,0.21888153,-0.513336,-0.07942933,0.62471384,-0.20748791,-0.2328897,-0.35866338,-0.01926823,-0.16811758,-0.029117102,-0.096318185,-0.32040027,0.06153095,-0.4441368,-0.27669305,-0.15003619,0.38560212,-0.28368086,-1.1014823,-0.42469734,-0.23343927,0.056026176,-0.42132095,0.0004848687,-0.6082479,0.29158235,-0.26255277,0.3409045,0.24793126,-0.36285555,0.34779906,0.20507038,0.20017433,0.14336751,-0.049773622,0.18858625,0.04183667,-0.34383523,0.9991163,0.12301773,-0.13013728,-0.02261497,0.12258782,0.017357076,-0.0146640055,-0.03923794,0.47440448,0.52428836,0.27221078,-0.073935345,0.9701502,0.12467475,-0.101150654,-0.4970129,-0.048239913,0.20228234,-0.7475667,-0.31391728,-0.05520241,-0.2707547,-0.060953707,0.35805833,-0.53062135,0.704495,-0.20614079,0.17664957,-0.06331974,-0.7742116,0.29510334,0.18797655,0.019027943,-0.031335708,0.09249291,0.09215171,-0.3270559,-0.59963214,0.28642902,-0.27062404,-0.011530764,0.13798071,0.15327053,0.11528543,0.7192986,0.0549436,0.28139326,0.15074861,0.55588204,0.013737666,-0.093908034,0.13790032,0.13454765,-0.2082023,0.8058184,0.20593868,-0.33697048,0.4243164,0.23650314,0.018153725,-0.70475656,-0.08829443,-0.15426902,0.016753213,0.19340466,0.7293522,0.47907817,0.5807378,0.2573889,-0.5117289,-0.48297864,-0.19902109,0.37102517,-0.59501415,-0.20340797,-0.02064918,0.18952262,-0.2879346,-0.47949994,-0.22625451,-0.36952403,0.376052,0.30918077,0.6418545,0.09675527,0.20348924,0.13834651,0.35714003,0.29649436,-0.051467452,0.8456874,0.14728412,-0.23094785,0.09108881,0.068870366,0.6741932,-0.4499035,0.43308267,0.3449691,-0.15080419,-0.37656048,-0.17814818,1.0024112,-0.40735272,0.3431591,0.05868059,0.017670596,0.41972733,-0.08174651,0.6412371,-0.10391882,0.32737607,-0.047712434,-0.27945197,-0.012097022,0.14514227,-0.035000335,0.19169575,-0.18662703,-0.26094466,0.07256281,0.31932557,0.009148367,-0.19077186,0.21406108,-0.007961574,-0.2591388,-0.005735032,0.44370776,0.06759418,0.026763683,0.15487386,0.4011679,-0.33049378,0.5857793,0.061227374,0.043190498,0.28822988,0.18820281,0.12785345,-0.5737196,-0.1852996,0.5439328,0.41789854,-0.092751786,0.06159457,0.42878592,-0.057233047,0.8875409,-0.23739898,-0.15906857,-0.2584258,0.31296018,-0.3446579,-0.465713,0.43429786,-0.3384814,0.2687499,-0.022737829,-0.4791761,-0.5841392,-0.29596692,-0.072599165,-0.25637436,-0.104552515,0.41921684,0.024794893,-0.6276366,0.2676315,-0.029632818,-0.57750535,0.06991085,-0.14868693,-0.4498027,-0.15682572,-0.45039052,-0.32661605,-0.18310423,-0.13673508,0.029815944,0.12312981,-0.16126005,-0.31088307,0.2890534,0.46725476,-0.1330398,0.34731075,-0.17387848,-0.1576818,0.35226804,0.3939997,0.6906466,-0.2747927,0.1352509,-0.33392984,-0.26986304,0.6201434,0.27602732,0.24237832,-0.05290227,-0.10041243,0.11397559,-0.4616851,0.1397205,0.20923367,-0.0028831386,-0.34038827,-0.31965256,-0.4400403,-0.2741074,-0.5422079,0.24849102,-0.617059,-0.5562947,-0.3521946,-0.3483992,-0.010531643,0.58453447,0.31461295,0.114708535,0.2361254,0.19026037,-0.13999255,0.018457484,0.13445133,-0.28434202,-0.29008168,0.046083808,0.015546677,-0.10113661,-0.00810215,-10.536813,-0.46628773,-0.057613306,-0.26160645,0.14350523,-0.2983445,-0.17964241,-0.11038341,0.3561132,-0.38635474,-0.24453485,-0.57053775,-0.045590714,-0.4713925,-0.23651846,-0.23501946,0.39917442,-0.062218394,0.039067257,0.470737,-0.7693116,-0.3735053,0.45789516,-0.17889416,0.35171756,-0.24030997,-0.18792336,-0.11323621,0.22055054,-0.13467664,0.17200197,0.1510452,0.13373742,0.46811363,-0.81469846,-0.07072452,0.16786832,-0.49864814,-0.10337972,-0.21741802,0.09962396,-0.2707695,-0.14601788,-0.24643563,1.0783203,-0.61904526,-0.028380128,0.19652058,0.11511858,-0.01060802,-0.2870124,-0.44653928,0.151787,-0.74190307,0.021540942,0.4969025,0.17184879,0.73718745,-0.19616184,-0.801145,0.077903055,-0.33963317,-0.54185015,0.42664102,0.08942273,0.105665304,-0.4344017,-0.52379847,-0.3028804,-0.30239686,-0.4266528,0.7070271,0.28547627,-1.3158011,-0.09806218,0.01601791,-0.13865279,0.2798181,-0.28929368,-0.4166584,-0.818046,-0.12079173,0.1419292,0.1124399,0.27319634,-0.29524946,0.5605012,-0.34884778,-0.89423716,0.077654205,-0.101624705,-0.116402015,0.15633287,0.17503372,0.03199338,-0.3815025,0.58736646,-0.46510616,-0.27517635,0.1936976,0.22319889,0.605394,0.3857636,-0.57404965,-0.28000706,-0.37584507,-0.36672157,0.21305542,0.19212613,0.024579713,0.18203297,-0.37020668,-0.007382104,0.30095896,-0.2002163,-0.1293716,0.32283652,0.1232658,-0.22932038,-0.77454567,0.026243063,0.016580349,-0.39180943,-0.5322978,-0.1721794,0.09344903,-0.76146394,0.11726862,-0.14272185,-0.064504854,0.021970406,-0.40337998,-0.02470083,0.053667318,0.37653935,-0.07180817,0.18577076,-0.38110465,0.44709557,-0.05083924,0.26229966,0.15512027,0.032456502,0.25718436,-0.0077116634,0.096681625,-0.24864726,0.17680094,0.1490863,0.65273315,-0.4410541,-1.0075476,-0.04057615,0.34176484,-0.205147,0.18988584,0.6989869,-0.40911293,-0.22566074,-0.48685634,-0.1374841,0.069920406,0.20151706,0.5084579,-0.44284958,-0.03636381,-0.2694845,0.2571118,0.13354945,0.022579297,-0.18873079,0.40243664,-0.18724987,0.25181705,0.39057857,0.42802662,0.07277837,-0.4007446,-0.25077075,0.6704595,-0.071171835,-0.11106805,-0.020707197,-0.0360668,0.056826558,0.37788475,0.2220673,-0.11058313,0.19379717,0.3330365,-0.26533502,0.3997021,-0.35382706,-0.2977706,0.19050512,-0.4318333,0.53866804,-0.14998598,-0.3629635,0.79569596,-0.18375987,0.40177903,0.17560633,0.003160944,-0.15872641,0.45869556,-0.06779203,0.26106623,0.45162544,-0.003967935,0.13949127,-0.5607585,-0.55117697,-0.17614716,0.38949174,-0.3661513,-0.3676524,-0.18400636,-0.8750469,0.25662795,0.23593897,0.04604495,0.16238996,-0.21112667,-0.2669456,0.11232798,-0.348741,-0.13952734,-0.38715,-0.05757732,-0.5495605,-1.497474,0.31922787,0.47927725,0.1732339,-0.028395979,-0.46064025,-0.549408,0.01729726,-0.37594876,-0.22634888,-0.983438,-0.26830223,-0.846271,-1.0843668,0.5236276,-0.43999615,0.71293044,0.016048754,0.5501107,0.12608212,0.07256008,-0.14976676,-0.35122138,-0.20031601,-0.6734954,0.28549266,0.25428018,-0.38550964,0.6224813,-0.27757084,0.12384901,0.08581672,-0.029256107,0.33480775,0.0064865355,0.020882936,0.5682299,-0.20549059,-0.20405962,-0.6907096,-0.26397604,-0.06314535,-0.042864904,-0.3411146,-0.0704115,-0.2717902,-0.41375905,-0.16682735,-0.03394396,-0.34308988,0.0066370447,0.20895597,0.090343416,0.41612637,-0.28420186,-0.54069304,0.32191142,0.23416777,0.030487671,0.30945638,0.23582233,-0.55691737,0.39527413,-0.12481598,0.5576786,0.6694515,-0.30485106,0.11613309,-0.24488975,-0.2988354,-0.47696772,0.52619106,0.21715558,-0.41230962,0.4798677,-0.09995165,-0.26304254,0.28681886,0.15704134,-0.09944749,0.29580873,0.5782221,0.17386423,0.37920702,-0.30954736,-0.49727634,-0.19283724,-0.59887433,0.6034387,-0.043172117,-0.34861335,0.30955908,-0.41864786,-0.351956,0.098262876,-0.13591914,-0.21609287,0.05160155,0.6109636,-0.5005546,0.06694189,-0.14132766,-0.12831493,-0.04480765,-0.38305148,0.39188993,-0.1832612,0.18075787,0.3505236,0.13360654,0.5158473,-0.07508535,-0.003737013,0.31928724,-0.3521412,-0.34906933,0.3484278,0.5562153,0.5409714,0.61445236,0.5504391,-0.4358289,-0.37364972,0.12905765,-0.2981,0.081405975,0.68167526,-0.016887583,0.19360639,0.5105387,0.25255147,0.31530356,-0.33368298,0.23674871,-0.20174839,0.14522697,-0.040074658,0.004807353,-0.51031864,0.3422989,-0.5370167,0.024317317,-0.17082344,0.07010135,-0.12291673,-0.029205848,-0.17836721,-0.46958295,0.015347247,-0.13528123,-0.13437346,-0.061442647,0.29698285,-0.16647957,-0.48612174,-0.41878438,-0.22401239,-0.118621215,-0.0015837055,-0.41711938,0.31311917,-0.16010347,0.1538253,0.13414292,0.0111671975,0.039417163,0.23701482,0.3982672,0.04137942,0.15060833,0.00063521863,0.22970602,0.18280274,0.007445123,-0.22485556,-0.3620018,0.34898773,-0.68205833,-0.6836994,0.11959403,0.7521532,-0.14783335,0.48659152,0.02206631,-0.02757936,-0.15720657,-0.15639286,0.2877488,-0.59978527,-0.67100936,-0.729526,-0.31763747,-0.033278577,0.05593637,-0.76842713,0.059923433,0.043631315,0.2637615,0.21526523,-0.31574568,0.3703149,0.71793616,-0.41831765,-0.51501274,-0.1992263,-0.060146026,0.4670879,0.1613966,0.24662565,-0.15245248,0.64149374,0.11170959,-0.3944066,0.28161508,0.07694356,0.068916366,-0.24616857,-0.7499212,-0.6442863,0.37697235,-0.07152333,0.05111288,-0.29684955,0.18055941,0.06633126,-0.0803147,-0.48543018,0.148709,-0.03063891,0.0,0,0,1,0,0,0,0,0,0,0,0,0,0,0,1,0,0,0,0,0,0,0,0,0.0,0.0,0.0,0.0
0.2360908,-0.6134274,0.2585738,0.026059551,0.5373022,-0.24392788,-0.414399,0.6812025,-0.28683454,-0.001665138,0.03578638,-0.15218829,-0.17233497,0.21538277,-0.041617714,0.59155023,-0.3731309,0.19171494,0.06318546,0.43784156,0.43698806,0.30827832,0.010175862,0.14725523,0.5533999,-0.17050183,0.09510723,-0.46452308,-0.7035435,-0.24726127,0.12049392,0.041116595,0.2430736,-0.14520517,-0.37522498,-0.73046654,-0.21368122,-0.42167145,0.18006848,0.8443069,-0.20927459,-0.12917362,-0.03728618,0.111082174,-0.11838907,0.3257376,-0.042242337,0.0031440782,-0.0039800657,0.019707453,-0.41548944,-0.06165893,0.17841311,-0.0418436,0.2192859,0.5203466,0.57044363,-0.42316467,-0.4105012,-0.14739233,-0.2059429,0.36764237,0.00082792045,-0.47552186,0.030382976,-0.09229776,0.096192606,0.5659925,-1.1516802,0.24030769,0.44895476,0.19621222,-0.23185112,0.41853303,0.49681637,0.18329962,-0.297776,0.9237463,0.31027287,0.0024794745,0.14106673,-0.015598118,0.5214435,0.1866113,0.068731755,0.33191517,0.08592987,-0.105947934,-0.39741054,0.82587713,-0.27985233,0.12579215,0.27270064,0.19725862,0.41473374,-0.33391693,-0.11643144,-0.32015857,-0.35012507,0.10601535,0.17557444,-0.24531633,-0.24666466,-0.20899734,-0.31042427,0.07658652,-0.5635006,-0.28446174,-0.2739152,-0.025742158,-0.40556648,0.18272632,0.23686008,-0.94378966,-0.25642797,0.06401093,0.19981958,-0.010340513,0.322598,0.02297451,0.30185786,0.42625043,0.25895348,0.2274681,0.61976314,-0.06279767,0.40574738,-0.16307458,0.26621607,0.22744818,0.46376804,0.22084188,0.0016543615,-0.24304302,0.25724584,0.25150204,-0.020051856,-0.20390122,0.24723126,-0.02307643,-0.17179862,-0.4377272,0.060803443,0.110819966,0.43922094,-0.1387186,0.10440258,-0.47811687,-0.450198,0.29400468,-0.5458407,-0.31290406,-0.2923454,0.25959295,0.100065194,-0.10737134,0.08187726,-0.57090193,0.2413229,0.22074807,0.17870398,-0.028585382,0.00644616,-0.08762609,-0.15089977,-0.013818067,0.3571937,-0.09098757,-0.15485607,-0.18289587,-0.052985393,-0.29949614,0.47604156,-0.07544276,0.62447447,0.7531521,-0.053649142,-0.26915333,0.18521532,0.7358185,-0.735699,-0.12027679,0.41819346,-0.6012149,0.38043967,0.024955235,0.45716226,-0.38831374,0.8915648,0.2061025,-0.38396972,-0.21866629,0.015975986,-0.051220905,0.21114555,-0.16146462,-0.017365685,-0.40266746,0.043073893,-0.3797128,0.15671644,0.037615955,-0.21995981,0.029407928,-0.5234027,0.1595807,-0.1557909,-0.5038514,-0.261982,-0.3203137,-0.07313129,0.4309026,-0.08369084,0.45748425,-0.12027692,0.16258363,-0.22997944,-0.22818394,-0.21258421,0.3233549,0.16899046,-0.04740267,0.19421811,-0.22029613,0.14620674,1.2009504,0.051534943,-0.25927016,0.44602752,0.34009397,-0.43074286,0.019584725,0.16872936,-0.1865959,0.43053237,-0.03942188,-0.45101973,-0.40102395,0.33802304,-0.074264705,-0.29706794,0.62161463,0.21842125,0.43420437,-0.12568012,0.19286995,-0.035965197,-0.45451438,-0.39129955,-0.21131672,0.1189114,0.09628521,-0.584732,-0.1934638,-0.116722316,-0.097162016,-0.17952564,-0.050666407,-0.0012816834,0.047260296,0.304171,0.04221734,0.24854928,0.095317915,0.26141605,-0.5031283,-0.014564012,-0.21343742,0.59867465,0.07423831,-0.075134285,-0.4204166,-0.07398805,0.57087076,0.23165701,-0.49239475,-0.12949444,0.06901016,-0.19181162,-0.059623934,0.2786623,0.42177802,-0.01601086,-0.19427711,-0.13535029,-0.056280788,0.0051212963,0.17297138,-0.34343663,0.047546968,-0.45940313,0.009673289,-0.40803137,-0.049291912,0.5313005,0.6043729,0.38185853,0.0755638,-0.35072228,-0.044785976,-0.10839882,0.019185571,-0.04935741,-0.5801671,0.18396807,0.46183807,0.058284473,-0.42278558,-4.9735613,-0.4867971,-0.09312155,-0.33174682,0.10561573,-0.50493664,0.115822,-0.1177012,-0.0020977962,-0.010684861,0.050770544,-0.50026834,-0.09739078,-0.45952797,-0.08730011,-0.06310098,0.36407542,-0.27226582,0.12797453,0.23324572,-0.19920315,-0.43819886,0.04083659,-0.10876341,0.4812162,0.330821,-0.2408168,-0.1240931,0.25763145,-0.37179616,-0.23400623,-0.10778513,-0.01977725,0.9748382,-0.23224314,-0.39892268,-0.094585285,-0.14824769,-0.1212636,-0.23997429,0.24897495,-0.03413405,-0.45011634,0.005782398,0.9834086,-0.6625153,0.2420792,0.32215306,0.1563076,-0.041132536,0.14179549,-0.5451928,-0.10786384,-0.28005275,0.17105778,0.01995724,0.07173646,0.7689321,-0.03785865,-0.12988453,0.46275884,-0.33057418,0.16165942,0.15492062,-0.21140614,-0.45919564,-0.8473724,-0.72444326,-0.14072128,-0.25263575,-0.3184287,0.17857304,0.08539918,-0.95563173,-0.18456763,-0.28298262,0.44402874,0.20050249,-0.48658887,-0.6941584,-0.30555415,-0.0985322,-0.008564682,-0.24856964,-0.16264832,-0.33338788,-0.051866222,-0.33935997,-0.94318545,0.08843347,-0.15076603,-0.11021163,0.46807805,0.09534203,0.17424433,0.24457183,0.42769623,0.02355596,0.05231326,0.14516355,0.1232453,0.02304186,0.46115795,-0.26651627,-0.32749984,0.013953119,-0.27897456,0.11931399,-0.095351465,-0.15599869,0.12013394,-0.13525604,-0.4358623,-0.40973938,-0.30458573,-0.17980507,0.09638071,0.16634503,0.2859438,-0.39654654,-0.29785433,-0.040717296,-0.4015414,-0.51802295,0.20986685,-0.022520056,-0.3353131,-0.23392656,-0.17045847,-0.1289135,0.0038842175,0.09479576,0.19647631,0.11055317,0.15290749,-0.22091947,0.30497268,0.07276628,-0.1096544,-0.105302356,0.37467083,0.48518592,-0.15354595,-0.09683155,0.22349669,0.14376397,0.035791945,0.5357708,0.102690704,0.07996487,-0.41771632,-0.6813259,0.0027637528,0.0330141,0.1094404,0.15288359,0.41406062,-0.06564136,-0.58591723,-0.62885594,0.3275768,-0.14493425,-0.11427873,-0.046467207,-0.16057016,-0.05350934,0.44967204,0.28267503,-0.0046416535,-0.6299479,-0.17364153,0.37825432,-0.15106788,0.053151578,0.11143235,0.4743935,0.32945955,-0.4455275,-0.11854328,0.5549443,-0.05388341,-0.0105006555,0.0035038185,-0.011237405,0.052209225,-0.36052796,0.3140496,0.24772444,0.06260769,0.8032006,-0.6287717,0.4590229,0.10056499,-0.69369006,0.30284953,-0.71910703,0.5543679,-0.5156799,-0.36320105,0.36103526,-0.6441106,0.04068456,-0.77993333,0.28195715,-0.13002047,0.09596906,0.032881323,0.17641512,0.45836422,-0.074673705,-0.21617086,-0.55507106,-0.3848899,-0.49162146,0.39810342,0.06001225,-0.38760224,-0.20131055,-0.54981047,0.2504776,0.014554325,0.086681776,0.536084,-0.050629627,-0.20658849,0.5610968,0.14074932,-0.3060753,-0.30058458,-0.1514368,-0.08459811,-0.9429463,0.116849184,-0.17282028,0.07126053,-0.22582196,-0.5982811,-0.17544322,0.06287755,-0.47441238,0.11485989,-0.5937954,-0.30769336,-0.37317482,-0.369412,0.34906206,-0.031722713,0.12667549,-0.05778687,0.068739556,0.39105502,-0.38385627,-0.051304437,-0.34836024,0.087751925,-0.47013938,-0.20623192,-0.57909185,-0.12139978,0.0367485,-0.2466184,0.4145919,-0.0035609484,0.21394816,0.19725418,0.061948285,0.040687837,-0.014423739,0.11221149,-0.6879256,-0.31150982,-0.2816765,-0.056010555,0.5860188,0.05170587,0.09300923,-0.2784864,-0.9389861,-0.17909996,-0.47325245,-0.6390034,0.20200607,-0.009798076,0.05895512,0.17535509,-0.31447756,-0.24048485,0.37765253,0.13359925,0.1268866,0.101231925,0.6451337,-0.16636126,-0.036048114,-0.47052974,0.30250382,0.7618177,-0.039245564,0.22344537,0.60688287,-0.409311,-0.22307561,0.6777504,0.39276955,0.06983538,0.18692482,-0.06919506,-0.29835495,-0.12819989,-0.5057261,-0.33617893,-0.2932374,0.5936243,0.7656668,0.08322698,-0.33108315,-0.90173364,0.12047694,-0.45728242,0.05250837,-0.20902172,0.17914009,0.2718062,-0.20690766,-0.33722696,-0.14975458,-0.051417664,-0.057934478,0.23792261,-0.2094873,-0.545999,0.17656852,0.015294167,0.3892832,0.34337926,-0.33019435,-0.087905034,-0.26441482,-0.22626087,0.24444775,0.16575451,0.21519138,-0.17320174,0.4280559,-0.47365376,-0.08992985,0.08103319,0.43419093,0.21682236,0.12477002,-0.1860691,0.24187574,0.022727663,0.16129628,0.24856289,0.266918,0.38894427,-0.19743904,0.08618206,0.643347,0.25391003,0.25497198,0.24161287,-0.67786276,0.10330371,-0.09117172,-0.12982552,-0.25424024,-0.0012596083,0.24678065,0.26452968,0.11591895,-0.09756372,-0.3400856,0.012086992,-0.3077956,0.032348022,0.05266409,-0.21453577,-0.108897515,-0.38586453,-0.17058352,-0.8783014,0.11528703,0.041640673,-0.25568092,-0.23296252,-0.020668803,-0.058624763,-0.5645153,-0.07875468,0.38389912,0.33977005,0.61789995,0.07627692,-0.17798716,0.12907696,0.054654714,0.34171143,-0.05070863,0.28020215,-0.38080063,-0.03879344,0.20898266,-0.03510834,-0.42045784,-0.16248477,0.20731905,-0.6149474,-0.17218958,0.12746026,-0.1052268,-0.00560915,0.19280607,0.11155489,0.041054077,0.38770115,0.09085721,-0.5050332,-0.10510248,-0.29220647,-0.38218006,-0.027458362,0.27703097,0.11949195,-0.077887155,0.019247247,0.12413307,-0.025638944,0.19660614,-0.5941172,0.014425259,0.45548272,0.14462258,-0.55275327,-0.17226416,0.19556639,0.13436869,0.08238036,-0.11175544,-0.53249735,0.07832388,-0.021205988,-0.5007115,-0.32673275,0.3681675,0.3204938,-0.26561064,-0.4180831,-0.2571335,-0.400398,-0.17936836,-0.18529949,-0.22212009,0.65078425,-0.13963927,-0.38003576,-0.52980334,-0.0013914716,0.3085856,0.0,0,0,1,0,0,0,0,0,0,0,0,0,0,0,1,0,0,0,0,0,0,0,0,0.0,0.0,0.0,0.0
0.30915073,-0.26433915,0.3093691,-0.107967965,0.56161106,-0.543039,0.18568186,0.90882635,-0.22513105,-0.48840213,0.1456545,0.13475479,0.09871967,-0.18933135,-0.24651209,0.38864326,-0.7346733,0.6056848,0.13323884,0.3797765,0.23506443,0.111782655,0.085945226,-0.08807234,0.49463502,0.3652296,-0.39451587,-0.43911672,-1.1369516,-0.3594246,0.62429446,-0.06462641,0.4678878,-0.05306829,-0.25392228,-0.4469301,-0.08350874,-0.009018626,-0.1976654,0.30491868,-0.09288131,-0.17022665,0.061009273,-0.26720557,0.01745999,0.042487208,-0.070758134,-0.24311823,0.16642378,-0.28446874,-0.30581826,-0.24539313,-0.1667353,0.013999014,0.27122313,0.075668216,-0.28575367,-0.3985302,-0.64085984,-0.05163547,-0.35915843,0.3422813,-0.020888744,-0.0033206248,0.15278812,0.25920168,0.23551746,0.2960055,-0.45944586,0.03687302,0.12709734,0.04540447,0.21577357,-0.052264765,0.41058704,-0.029939406,-0.5624166,0.97450083,0.08179357,-0.14985113,-0.2144668,0.3467189,0.10486426,0.070885845,0.29029962,0.062163528,-0.2711049,-0.057504945,-0.53244597,1.05396,-0.37762108,-0.24105626,-0.28988576,-0.149267,0.31338885,-0.77133995,-0.402456,0.025242286,-0.36802024,0.1775503,0.5267363,-0.1972636,-0.31455597,-0.13023269,0.13064247,0.005379096,-0.086882375,-0.19898063,0.13277131,0.30209598,0.13816166,0.0024633212,0.07007784,-0.71076035,-0.01977406,0.29228324,0.21781124,-0.32851696,-0.32145733,-0.22945668,-0.014751029,0.388328,0.028895622,0.19968659,0.44725966,0.21622783,0.48441324,-0.57737035,0.07351659,-0.8252371,0.20916018,0.7833391,0.100719,-0.36938694,0.36042386,0.1796415,0.2057329,-0.44424385,-0.04070985,-0.11120104,0.21119164,-0.13294078,0.22195825,0.3459121,0.30608398,0.083567105,-0.1719894,-0.3861979,-0.060127415,0.30271333,-0.49325973,-0.23449019,-0.0011456398,0.20877117,-0.48796955,-0.4178013,-0.0005397708,0.11130132,0.35322648,0.1306687,0.2789625,0.019419685,-0.31072438,0.27791524,-0.11959914,0.5380881,-0.44736797,-0.43351474,0.08147921,-0.15406945,0.35394725,-0.12324274,0.6030171,0.12650849,0.546365,0.28519544,-0.20631447,0.29144368,-0.23632991,0.5667228,-0.564904,-0.36651465,0.091106795,-0.41487327,0.09359649,0.027321475,0.8143063,-0.14987515,0.41600892,0.38509938,-0.5534718,0.2249164,0.4050416,-0.06316564,0.09799345,-0.1572159,-0.27957007,-0.08692587,0.18418686,-0.3514368,-0.08536553,-0.023218,0.15491521,-0.1890643,-0.64590895,0.045415487,-0.4189369,-0.15281776,0.12519497,0.27326643,-0.58603656,0.37299106,-0.26756567,0.406263,0.20714746,0.1871777,0.102479555,-0.12530635,-0.36129212,0.07745323,0.3326376,-0.001038507,0.23796761,-0.23740299,0.03858019,0.9247993,-0.33538142,-0.21870427,0.5161661,0.26856986,0.024095746,-0.4446795,0.18490928,0.17304154,0.7970971,0.45955372,-0.575874,-0.80199844,-0.34464213,-0.11824868,-0.35133636,0.013722344,0.58181155,-0.08822989,-0.32286537,0.2798558,-0.06443017,-0.48652634,0.3437695,0.03328506,0.060425486,-0.40076315,-0.4239339,-0.78567034,0.08814387,-0.26004982,-0.44689846,0.120826356,-0.28833497,0.020263007,0.6304792,0.03303013,-0.08716491,-0.15258078,-0.22695358,-0.67340094,0.50829774,0.5848205,0.14611602,-0.27422434,-0.24244791,-0.2965841,-0.14141051,0.8535534,-0.10992493,-0.02888772,-0.06982484,-0.21683562,0.37094918,0.013915228,0.30212507,0.061416835,-0.13135958,0.1137989,-0.47479156,-0.15293334,-0.13447331,0.08845678,-0.65387106,-0.49686456,-0.38327587,-0.011787973,-0.62073374,0.19155946,0.6876515,0.56241125,-0.043059386,0.79359215,0.0447535,-0.4543229,0.18087462,-0.8413018,0.08596297,-0.2784819,0.1540578,0.46212634,-0.7023686,-0.70902747,-6.3878703,-0.30215237,-0.33975056,-0.15220772,0.2685488,0.076056875,0.27596456,-0.13098638,0.056688234,0.10324277,0.018673208,-0.020904884,0.27473137,-0.38833103,0.052804645,0.34871492,0.80296296,-0.20642847,-0.25439394,0.26267982,-0.43807113,-0.38147363,0.17295735,-0.13459791,0.23932178,0.43514428,-0.2092335,-0.19952616,-0.050481,-0.43743145,-0.18557054,0.0384835,0.15959491,0.5580774,-0.1459612,-0.44219136,-0.39181724,-0.24348427,-0.27457574,-0.47823375,0.5582964,-0.16573437,-0.41574237,-0.3936172,1.0632304,-0.50351816,0.14324422,0.15674937,0.10666322,0.47369114,-0.07502326,-0.43157867,0.54023486,-0.64002824,-0.35114878,0.24811465,-0.19386306,0.88879174,-0.13526383,-0.51605105,0.60701704,-0.5440661,-0.19896199,0.17396754,-0.35357597,-0.62117624,-0.6872221,-0.40603584,-0.09326509,-0.07687591,-0.19859697,0.7577152,0.18731314,-0.8324891,-0.038503524,0.24557507,-0.11149995,0.36448833,-0.59481335,0.07432109,-0.47522408,-0.14027195,-0.11321796,0.29466462,-0.084872276,0.06867858,0.23213106,-0.22153816,-1.0600454,-0.13397716,0.35512516,0.07946607,0.52359384,0.13195229,-0.42053854,-0.19371834,0.47083947,-0.8003188,-0.44402465,0.6359277,0.7615869,0.33325607,0.3589516,-0.27225536,-0.4901747,-0.17582902,-0.47404274,-0.20525783,-0.11236076,-0.33031532,0.04908917,-0.13484302,-0.40331638,0.055715803,-0.4747772,-0.56333905,0.24586086,0.24375479,0.23480844,-0.9473703,-0.22772123,-0.091078684,-0.41120422,-0.14182732,0.56218153,-0.32049674,-0.05421775,-0.037449833,-0.24666461,-0.29686603,0.021980233,-0.23055246,0.17730357,0.6257663,-0.16776875,0.10877119,0.26438907,-0.2489737,0.11810152,0.1456481,-0.24276653,0.69532716,0.2487686,0.061917022,-0.094591826,-0.12216564,0.4580125,0.32371366,-0.27935782,0.44175908,-0.42521608,-0.65446436,-0.058087625,-0.28242782,0.13396752,0.47559878,0.4686306,-0.35023686,0.3859801,-0.63188285,-0.4027354,0.11811978,0.34433147,0.18707262,-0.39160916,0.28841364,-0.009074551,-0.067637704,0.011056416,-0.31483647,-0.45076752,0.3225752,0.23595448,0.06812565,0.6655897,-0.22881365,0.3084012,-0.4577687,0.34918416,0.39438865,-0.1538934,-0.3104018,-0.033635333,-0.3753661,-0.14256194,0.026325518,0.13616687,0.12043792,0.33824658,0.2039581,-1.0284466,0.44961,-0.07310566,-0.7272465,-0.05982773,-0.3631551,0.33316445,-0.30630863,0.21455511,0.89728546,-0.05361601,0.1580226,-1.3074208,0.33551922,-0.28796238,0.29210448,-0.09234145,0.18653248,0.15601999,0.11350893,-0.44364423,-0.70343953,-0.16268757,-0.35465515,0.65997696,-0.49561012,-0.48443696,0.049511176,-0.5309032,0.4856907,0.2803345,0.37071922,0.7924898,-0.17598416,-0.15458265,0.30742398,0.19164455,0.23305748,-0.47137558,0.22376494,-0.10714142,-1.1935992,0.26577264,-0.31446576,-0.3127029,-0.13029876,-0.509361,-0.497154,-0.15444891,-0.8241513,-0.47538093,-0.85439944,-0.4041514,-0.65405214,-0.64323825,-0.08544115,-0.18369302,0.24814981,-0.11678348,0.29243568,0.2046445,-0.16505009,-0.2114561,-0.1602675,0.48410738,-0.6979549,-0.41605404,0.22554512,-0.0016172486,0.48318824,0.22872023,0.38667706,0.2579621,0.71661425,0.18087453,0.10735264,0.20294149,0.44074285,-0.19797973,-0.6244615,-0.42223492,0.06419152,0.10636513,0.39686435,-0.18184654,0.123791635,0.3547495,-0.5226711,0.055549555,-0.36296523,-0.5995582,-0.3731525,-0.17167386,-0.044991784,0.5308982,-0.40351573,-0.64254594,-0.029091213,-0.06827723,0.47266757,0.03316705,0.7768636,-0.26212862,0.5662056,0.07769442,0.464567,1.1250515,-0.1460819,0.33627415,0.4626337,-0.3915159,0.3584788,0.75157034,0.41382527,-0.0078192325,0.4934504,-0.10866061,0.12985288,-0.35525346,0.056628376,-0.31700534,-0.24542116,0.46158454,0.62071794,0.11117447,-0.23022078,-0.6995016,-0.365341,-0.96453357,0.03169365,0.07109881,0.28092125,0.5221842,0.09489086,-0.5245316,0.22019775,-0.13956629,-0.17470968,0.13513158,0.08776167,-0.4341416,-0.08011678,-0.003195262,-0.073134005,0.49157226,-0.1675334,0.40140378,-0.060501326,-0.07855278,0.30749202,-0.44918728,0.5286858,0.38512003,0.7514138,-0.03213524,-0.0426272,-0.33997226,0.3213449,0.8692654,0.25609347,0.026107531,0.10315319,-0.34842473,0.2754727,0.3889502,-0.33578205,0.8462529,-0.31743884,-0.08809157,0.39153135,0.46784633,0.18187094,-0.28502318,-0.82593644,-0.2960725,-0.45939025,0.4299883,-0.25123242,0.21708757,-0.10092062,0.28090513,0.23147802,-0.090027034,0.22056334,-0.050838675,0.35433814,0.37162673,0.061191894,-0.6035487,-0.20229413,-0.43010062,-0.046169434,-0.85735774,0.20096913,-0.06778159,-0.2989808,-0.06881787,-0.31216887,0.1640982,-0.60571635,-0.5477738,0.14941882,0.013525006,-0.005648336,0.3758377,0.22040537,0.17100838,0.58084714,0.27372685,0.058621783,-0.061616264,-0.60912067,0.29932943,0.2424332,0.23981375,-0.14200363,-0.29744494,-0.022784568,-0.73903596,-0.564024,0.0729523,0.9396416,-0.113236904,0.28693354,0.26326737,-0.33134976,0.50573933,-0.4591054,0.18353498,-0.6586443,0.3941425,-0.17569324,0.011124478,0.29306734,-0.10053932,-0.89959913,-0.07707697,-0.27225947,0.01877782,0.27860856,-0.37569302,-0.5804993,0.24890643,0.101579845,-0.44607148,-0.8049507,-0.4644654,0.7986276,0.78261733,-0.2652183,0.04592155,-0.06491081,0.2764114,-0.19586623,-0.28213364,0.53907347,0.26676628,0.026507346,-1.0026107,-0.19851513,-0.23950118,-0.067703746,-0.5573437,-0.13511187,0.22459182,0.02215675,-0.60647357,0.021149388,-0.11976985,-0.5668495,0.2,0,0,1,1,0,0,0,2,0,2,0,1,0,1,0,0,0,0,0,0,0,0,0,0.0,0.0,0.0,0.0
0.25050038,-0.64085096,0.6728165,0.13311473,0.2501475,-0.29920024,-0.1875972,0.6750046,-0.37493852,-0.26056156,0.10720801,-0.14449263,-0.023140144,0.018045213,-0.2716887,0.4367144,-0.35335797,0.12962268,-0.09071653,0.40601513,0.38334674,0.11321348,-0.21807516,0.05881931,0.32999364,-0.13853724,0.030785501,-0.32587874,-0.87442315,-0.12949058,0.08556445,0.06465932,-0.03133367,-0.22757,-0.41914788,-0.74166864,-0.3999101,-0.26350448,0.0017548532,0.51262164,-0.14966428,-0.391799,0.558774,-0.0055709137,-0.32775608,0.46222562,-0.28562078,0.012880303,-0.010891547,-0.047865666,-0.61470664,-0.14492673,-0.30822486,-0.22094183,0.4783336,0.15867896,0.5830538,-0.49688998,-0.28839844,0.23599803,-0.07560131,0.1578019,-0.0066054477,-0.2653514,-0.024548061,-0.051811133,0.0956252,0.47674048,-0.71089995,0.29109848,0.50566006,-0.18159658,0.045512237,-0.13863859,0.18815628,0.42288208,-0.30166087,0.7687175,0.28720635,0.015524087,0.080056995,0.30444625,0.37754056,0.1797083,0.30460227,0.507303,0.1262873,0.08504581,-0.52482873,0.72782844,-0.14550744,-0.22734872,0.21303748,0.2202056,0.89161414,-0.47367108,-0.56828505,-0.41232812,-0.1377927,-0.2585644,0.13177441,-0.25736853,-0.2785864,-0.27898315,-0.19614089,-0.015127474,-0.57107276,-0.015090747,0.0061152256,0.30653536,-0.1941491,0.28802323,0.21904212,-0.3987727,-0.119242184,0.32129928,0.06164062,-0.15766302,0.41330716,0.14972495,-0.10988875,0.52594614,0.04730678,0.1652734,0.44774753,0.11570591,0.018111154,0.05659676,0.11991386,0.06093627,0.49604332,0.3438029,0.4256461,-0.19772074,0.2555606,0.071939036,-0.058693133,-0.16797815,-0.13064761,-0.35051617,-0.25259763,-0.13814735,0.29189128,0.23057984,0.3430924,0.3097188,-0.04403736,-0.22914588,-0.30051827,-0.037209425,-0.3060708,-0.12884806,-0.38585788,0.16577648,0.058295302,-0.02798633,-0.10434274,-0.39169478,0.1383912,0.21439566,0.25839052,0.14962678,0.033874277,-0.050597414,0.07698803,0.0883379,0.14633848,0.20464338,0.1179831,-0.18416366,0.08142642,-0.36497915,0.1098997,0.26598552,0.4564621,0.65297586,0.15851483,0.0401908,0.058316156,0.5814485,-0.57560873,0.004245883,0.12005043,-0.57888883,0.1347212,0.25639477,0.5401935,-0.2000328,0.35074824,-0.030370902,-0.4846246,0.054261107,0.01700625,-0.33620435,0.5687672,-0.250436,-0.40129972,-0.34854144,0.34500012,0.05808513,0.16095364,0.08303128,-0.20637101,-0.07913675,-0.5315578,-0.027456993,-0.23729448,-0.3159167,-0.38422424,-0.21468508,-0.34342304,0.50009465,-0.04418243,0.2931093,-0.09219079,0.38689515,-0.055252906,-0.52813905,-0.10736275,0.11233981,0.013116998,-0.22813502,0.018925283,0.11736222,-0.018699788,1.2548174,-0.04690346,-0.38354886,0.77343214,0.2658883,-0.28567946,-0.16763838,-0.08656085,-0.30750558,0.32913825,0.40479565,-0.18847317,-0.19957066,0.17434753,0.008681418,-0.24853446,0.5267617,0.37316477,0.0561524,-0.33002785,0.20669909,-0.055359192,-0.5495713,-0.08547807,-0.39545846,-0.053125575,-0.028987613,-0.2915263,-0.39584082,-0.011996588,-0.135832,-0.21138789,0.0046040323,-0.307961,0.3871535,0.3448104,0.16900572,-0.27540642,0.14994664,-0.18165226,-0.29013547,0.17769437,-0.10033447,0.51697004,0.17251144,-0.34678176,-0.40694302,0.011303289,0.5432971,0.19214691,-0.09995325,0.021827564,0.13995278,0.11285592,-0.29001305,-0.029944256,0.4740543,0.17396878,0.06271269,-0.118381806,-0.14363693,0.23716225,-0.24230155,-0.2799617,-0.13544363,-0.46446472,-0.18094425,-0.31515214,0.16784312,0.877887,0.42600635,0.29727513,0.33068407,-0.44846246,-0.26416844,0.14618978,0.10283876,-0.10616339,-0.38678756,0.35036826,0.18767032,-0.48386523,-0.27421057,-7.838774,-0.25068107,0.13096735,-0.07782661,-0.20335692,-0.49823856,0.07320199,0.0038615707,0.38845944,-0.42251337,-0.00056854147,-0.26434568,-0.0043291175,-0.11219042,-0.25724736,0.38683918,0.44825336,-0.04875555,0.06059214,0.08035654,-0.59824497,-0.4803006,0.31776437,-0.26763013,0.4557426,-0.064718254,-0.4479828,0.10395464,0.077186175,-0.2899938,-0.28606126,0.0063233585,-0.079812616,0.6629571,-0.29988635,-0.22589307,0.16172238,-0.43211627,0.13045226,-0.29498476,0.25096372,0.11578705,0.10878092,-0.052021816,0.8207055,-0.62027586,0.20846851,0.041863184,0.143933,0.0427467,-0.21212046,-0.7746317,-0.076211974,-0.2098283,-0.06411936,-0.2439899,0.18061726,0.8772589,-0.28587243,-0.27450588,0.32033932,-0.5382642,-0.088077396,-0.09138653,-0.20262678,0.013490237,-0.6432216,-0.7157509,-0.17589755,-0.021701746,-0.46074936,0.3789665,0.16934383,-1.4211891,0.078872606,-0.37312293,0.07579362,0.34574378,-0.41619986,-0.03185544,-0.4815783,-0.4260589,0.1059276,-0.029506307,-0.6001991,-0.20764624,0.15700716,-0.74117064,-0.5060099,0.28483254,-0.2009757,0.018712461,-0.088678285,0.22059946,0.074553296,-0.00059740426,0.7936917,-0.40694696,0.049655017,0.29905295,0.22431529,0.24339464,0.07348851,-0.15831928,-0.3203989,-0.15982954,-0.46633002,0.016921135,0.23945974,-0.21397427,-0.016015485,-0.2069113,-0.6768952,0.050121747,-0.22277084,-0.25011453,0.19361939,-0.12952957,0.17795452,-0.56730205,-0.12073005,0.01504471,-0.31375587,-0.3057502,0.36991996,-0.13124104,-0.4220858,-0.21869537,-0.29915002,-0.0029549547,0.065936856,-0.13885675,0.05860135,0.2182648,0.08623324,-0.017225184,0.009732065,-0.107028484,0.4130129,-0.09721769,0.15852371,0.48300228,0.019386616,-0.14149922,0.35840923,-0.14368308,0.06584465,0.38630992,0.01541543,-0.06561659,-0.38608566,-0.6923658,0.032575056,0.06253729,0.18908519,-0.23570667,0.24847256,-0.16022573,-0.51603436,-0.24037315,0.04747743,-0.1623444,-0.09465702,0.3759821,0.06892599,0.025674548,0.40842426,0.071108125,0.23073553,-0.60896176,-0.07947831,0.57837576,-0.5074074,-0.037251767,0.36250854,0.24173844,0.058763474,-0.56637675,0.08910567,0.7535611,-0.0405349,0.20029366,0.32908124,-0.032001,0.416545,0.13230889,-0.10674578,0.19321068,0.20802055,0.6172106,-0.4209354,0.69360846,-0.19318119,-0.51819205,0.02630827,-0.9438771,0.6342749,-0.18553872,-0.077834606,0.47672,-0.4373236,0.15070324,-0.5085791,0.31303048,-0.31649533,0.2138841,0.1683836,0.17881511,0.42192954,-0.1790599,0.036371298,-0.5269564,-0.22146393,-0.2973803,0.24187128,0.06646147,-0.36921993,-0.28223914,-0.5762071,-0.004107119,-0.0815825,0.36868775,0.44001725,-0.022365203,-0.14796661,0.09373185,0.37964272,-0.21733981,-0.4071211,-0.10767033,0.071349405,-0.8044411,0.1231182,0.15274219,-0.19034874,-0.22791529,-0.625417,0.09744388,-0.20362473,-0.27018887,-0.3002509,-0.54804415,-0.4910276,-0.39451718,-0.4519983,-0.14331019,-0.3165646,0.29385176,-0.29575208,0.025895538,-0.08453176,0.10415723,0.006399038,-0.37202764,0.46384335,-0.8037136,0.095238015,-0.1005117,-0.2881453,0.054774366,-0.19567025,0.5662215,0.15734854,0.20709983,0.010231812,0.034703255,0.0090438835,-0.015546725,-0.1649646,-0.45941383,-0.4703975,0.11541787,0.09837063,0.49436674,0.18062878,-0.148256,-0.41258454,-0.48696283,0.0059098722,-0.29174528,-0.22986867,-0.032359093,0.12927517,0.015185297,0.26860392,-0.15919432,-0.122378804,0.2985283,0.45461237,0.37184808,0.17798473,0.73222077,-0.094804674,0.28089303,-0.06029134,0.2511269,0.3202949,-0.26794726,0.2930738,0.2025865,-0.2588346,-0.10391095,0.60304093,0.45724204,-0.23277678,0.33272752,0.1326526,-0.080659255,-0.13470504,-0.0022615485,-0.09531995,-0.032761768,0.5540821,0.73625565,0.088181,-0.24313462,-0.55758053,-0.14203358,-0.55503935,-0.107837915,-0.0014835525,-0.110767275,0.08074974,-0.16048743,-0.43353513,0.10380078,-0.025312388,-0.18530326,-0.0074855722,-0.055022936,-0.3434099,0.27451903,-0.17910378,-0.05816894,0.23379624,-0.46864453,-0.18505855,0.17887151,-0.021248918,-0.007920164,-0.39492944,0.4539483,-0.026358593,0.36414564,-0.04276839,-0.11315297,-0.36375293,0.06177044,0.39663094,0.21715078,0.12348379,0.36149314,-0.39192933,0.09965682,0.10070794,-0.04313179,0.258641,-0.12320547,-0.19463375,0.7018827,0.39355615,0.061450016,0.022412451,-0.28886002,-0.04660211,0.13357364,0.27179152,-0.18953227,0.15062405,-0.14577103,0.29516947,-0.015015733,0.4869728,-0.16961472,-0.2121372,-0.03192987,0.45242307,-0.102510326,-0.7216228,0.102374576,-0.3349632,0.00019981996,-0.6148516,0.23935115,0.22037883,-0.3155655,-0.06802636,-0.088363886,0.020514073,-0.3551648,-0.29910147,0.21065168,0.24135292,0.2478616,-0.06323259,-0.18322611,0.023188371,0.427978,0.1595404,0.02287251,0.32330075,-0.16491275,-0.10164382,0.07062869,-0.029837763,-0.19203785,-0.21308225,-0.16453856,-0.33582032,-0.15509719,0.28873053,0.35218635,-0.10460742,0.27890605,0.09479904,0.074828155,0.3578273,0.047604352,-0.33530304,-0.13908951,-0.48630282,-0.4915242,0.11190884,0.06447104,0.31339523,-0.18772328,-0.41114122,0.1369384,0.0024692626,-0.09422749,-0.26650313,0.2556307,0.42232272,0.33635068,-0.45503727,-0.4054617,0.059593733,0.13261461,0.06751937,0.17629038,-0.7662765,0.19154042,-0.1288079,-0.054230686,-0.106001064,0.067008495,0.17710677,-0.1594617,-0.4934623,-0.5710375,-0.023693798,0.077583104,-0.18949227,-0.5007547,0.28206792,0.23138183,-0.33660096,-0.52788275,-0.0852784,0.27493912,0.0,0,0,1,0,0,0,0,0,0,0,0,0,0,0,1,0,0,0,0,0,0,0,0,0.0,0.0,0.0,0.0
0.5620441,-0.21863148,0.28477037,0.3010186,0.7864941,-0.3291897,-0.54463446,0.3217156,-0.31164515,-0.20379075,0.34440774,-0.10620823,-0.25529477,-0.10526776,-0.124926716,0.010548156,-0.22310162,0.30756813,-0.022770025,-0.06626517,-0.377797,-0.12839395,0.33314982,0.10857788,0.19947542,0.08362356,0.051189996,0.17389494,-0.76258814,-0.33586085,0.35778657,0.6484708,0.3782503,-0.32694903,0.23311502,-0.07949687,-0.333846,-0.32401994,-0.3963015,0.06990922,-0.35525113,-0.14459246,0.3012977,-0.13476586,0.050301872,-0.04539285,-0.0045782225,-0.6918491,0.09991151,-0.29343042,-0.76012963,0.09492007,-0.08424068,-0.22099009,0.35874814,0.62928766,0.5632116,-0.65557265,-0.043397482,-0.043453425,0.1325831,-0.08157266,-0.2040864,-0.11509102,-0.17327642,-0.20700017,0.2789619,0.2220316,-0.5059705,-0.15486567,-0.20134047,-0.1656415,-0.09419761,-0.18400456,-0.23878601,0.12335426,-0.27119428,0.06746117,0.08757558,0.10538337,-0.4486057,0.52428144,-0.15958126,-0.08900077,0.5291118,0.15141103,0.06453622,-0.34117076,0.08320462,1.1852862,0.08296984,-0.1356211,0.40820113,0.23455246,0.29821602,-0.43047607,0.05943772,0.36389476,-0.075076975,0.48829547,0.7919595,-0.82598627,-0.21728306,-0.40278378,0.15340595,-0.11237924,-0.40266475,0.043919075,-0.18175575,-0.079837166,0.120544024,-0.06983129,0.31498653,-0.2073172,-0.09229504,0.11868345,-0.50047433,0.37814167,0.15790719,-0.060493037,-0.10781996,0.7481741,-0.19331242,0.20542695,-0.011606984,-0.1668843,0.23618984,-0.11390976,0.42592263,-0.32610673,0.23414885,0.2440112,0.5062101,-0.49788463,0.10782697,-0.018214837,0.15436739,0.0067587066,0.2926144,-0.42233834,0.053768195,-0.33894357,0.55865115,0.25519565,0.17034638,0.009547039,0.4130481,-0.4589288,-0.17096953,-0.02819617,-0.43464112,0.5983838,-0.5662935,0.37679154,-0.4993768,-0.065406255,-0.34605563,-0.15508537,0.17355438,-0.082235165,0.10624044,-0.19493268,-0.2401116,-0.13779512,-0.45061204,0.029770495,-0.033391215,0.65614164,-0.33763328,0.35357377,-0.21702816,0.41246495,0.36742672,0.123432495,0.39149734,0.32299694,-0.4312668,0.035473827,0.22361279,0.36849022,-0.3924029,0.19637078,0.5083607,-0.16875212,-0.10289134,-0.28025773,0.016662365,-0.43091178,0.17257991,0.17634997,-0.4905047,-0.10770208,0.037904847,-0.45334518,0.05740856,-0.7416872,0.01326996,-0.0030071032,-0.09137825,-0.38183576,-0.27325943,0.585726,-0.2939265,-0.55259717,-0.02796507,0.05851724,-0.15233317,-0.50970685,-0.36073494,-0.22773999,0.19921622,0.16355924,-0.1442688,-0.042546704,-0.03779336,0.1927405,-0.2579508,0.079919904,-0.13063085,0.18065417,0.706629,-0.32314792,0.09244676,0.5156316,-0.71792656,0.924319,0.18030448,-0.9122296,0.59873503,0.15807894,0.1422668,-0.07798627,0.08737228,-0.50062734,0.6437754,0.31542113,-0.70442426,-0.8501129,-0.057352,0.24141975,0.017554548,0.353303,-0.24781406,0.43272942,0.00061536225,0.26030532,-0.011765933,-0.35235527,-0.058778986,0.2996792,-0.21145602,0.061799377,-0.43092978,-0.40006706,-0.12509513,-0.6554397,-0.3529854,0.39294174,-0.4234442,-0.14470175,0.30626652,0.5654408,0.099817745,-0.24051297,0.012451578,-0.727427,0.035419628,0.13224468,0.2456184,0.16349134,0.36446396,-0.29093522,-0.047148634,0.75636756,0.096709415,-0.1401064,0.09574403,-0.0048182337,0.047550622,-0.010527266,0.1229108,0.14390416,0.008338431,-0.15044513,-0.43972668,0.10448561,0.112224795,0.2839048,-0.1610413,-0.28033608,-0.15825059,-0.10178883,-0.5102354,0.27948087,1.0390639,0.47637233,-0.15920167,0.38258243,0.101333186,0.080076724,0.055686604,-0.3671373,0.14835349,0.039761666,-0.39857212,0.05909246,-0.23571035,-0.70478874,-10.888057,-0.27177763,-0.6810951,-0.32936788,0.025479008,-0.25822526,0.3368165,0.080266505,-0.10116527,0.10797423,0.083791316,-0.2901769,-0.08429496,-0.3096692,-0.01153627,0.3343192,0.7085413,0.15205538,0.04628447,0.10082823,-0.031523712,-0.6323481,0.30842477,0.56393945,0.11466507,-0.14410494,-0.005033924,-0.2548958,-0.35122257,-0.3280326,-0.10562036,-0.116247505,0.087441266,0.8666043,0.013165977,-0.25968605,-0.27490053,-0.0043764985,-0.15260541,0.16136219,0.0022026035,0.225863,-0.014187916,-0.06357901,0.2780994,-0.44452134,-0.108871825,0.12200195,0.26858574,-0.19305407,0.060882863,0.12227403,0.10189074,-0.38786548,-0.26725873,-0.051697407,0.05862153,0.95364714,0.016890354,0.24165979,0.2573515,-0.23702654,-0.30608222,0.025278978,-0.45490438,-0.15931942,-1.0541312,-0.5862203,0.23353678,0.08363047,0.027120477,0.15399617,0.34897745,-1.6467165,0.023572013,-0.2750767,0.48834142,0.50345814,0.04146126,-0.2124103,0.15752544,-0.10039387,0.14617515,-0.23852947,-0.1601486,-0.32335448,-0.10772115,0.013090367,-0.40831086,-0.20381394,-0.014556391,0.104965575,0.6100313,0.04718424,-0.0067983074,-0.33875093,0.35256374,-0.22485809,-0.71474165,0.06892129,0.07377253,-0.28315502,-0.0748256,-0.053048987,0.013307592,-0.03067403,-0.059821215,0.017722573,-0.11734889,0.5616681,-0.061594367,0.10230036,-0.3137548,-0.06786366,-0.52269465,-0.19444232,-0.046854064,0.011529105,-0.2704523,-0.2754711,-0.01360944,0.10921524,0.34390342,-0.5997742,0.08399956,-0.20670441,-0.11296523,-0.11537411,-0.15627168,-0.3932084,-0.0012388651,-0.15050326,-0.28344056,-0.26005006,-0.10255614,-0.13540535,-0.20709169,0.14880735,0.014207678,0.111596555,0.35481974,0.5716864,0.7458246,-0.0091073625,-0.5095596,0.013346353,0.11963779,0.19157866,-0.013069156,0.26999986,-0.5238407,-0.4217888,-0.29274884,-0.12276118,0.013022547,0.2435251,0.58225757,-0.5693949,0.20101954,-0.6295294,0.1528222,-0.038219005,0.008659653,0.54949564,0.14221422,0.26458082,-0.3446405,-0.02952981,-0.25042462,0.38297272,-0.56934905,-0.114990816,0.5102312,-0.26453716,0.16436096,0.2490359,0.47562963,-0.077559866,-0.269464,0.31194648,0.23260505,-0.33404905,-0.22575596,-0.08443496,0.46946183,0.1737346,0.4149238,0.103548795,-0.24623679,0.13036202,-0.19754401,0.38749254,0.037249308,-0.42187324,0.2248634,-0.51466036,0.08363682,0.1122205,-0.30016282,0.26683486,-0.12228308,-0.4220142,-0.6678679,0.027353108,-0.4287186,0.16394967,-0.22327587,0.25163054,-0.008919278,0.07399548,-0.9034999,-0.41491854,-0.42977768,0.2585609,-0.018497014,0.120747365,-0.2797059,-0.3062912,-0.60986483,0.33619174,0.2496181,-0.19870801,0.11898535,0.37189823,0.0027884692,0.30402806,-0.294643,0.23798543,-0.28469762,0.42136896,-0.25783098,-1.7627558,-0.045011833,-0.01500105,-0.059941344,-0.032850135,-0.38893083,-0.0120779155,-0.11014598,-0.36421815,-0.4635112,-0.42011955,-0.13218851,-0.20612228,-0.5241699,0.082707785,0.04058708,-0.20343092,-0.7950811,0.072634585,0.09727543,-0.3972148,-0.20573097,-0.37439385,-0.00882682,-0.16013542,-0.3015041,-0.4270024,-0.2105832,0.15829721,-0.16638595,-0.13624942,0.15497781,0.13843194,0.43806085,0.36493838,0.14485101,-0.054522023,-0.08610069,-0.20722757,0.11132247,0.028096057,0.06883386,0.26201388,0.11212042,0.10253192,0.34112585,-0.74322045,0.23512502,-0.31755078,-0.1553801,-0.15129265,0.45993915,0.0009701081,0.48442346,-0.08321009,-0.2674472,-0.20147134,-0.23459142,-0.17159523,0.44786128,-0.06793656,0.0086620115,0.45182845,-0.6944428,0.33577374,0.83793634,-0.41798142,0.078446165,0.35712186,0.0038856503,0.095765345,0.65585303,-0.0029248106,-0.16642225,0.1116752,-0.12455283,-0.095068224,0.16390945,-0.56344336,-0.21713859,-0.17511097,0.6729496,0.5097419,-0.06352943,-0.20321685,-0.4869468,-0.18758407,-0.05308759,-0.0580286,-0.27069905,0.76603967,0.49961418,-0.39716682,0.3127715,0.32416847,-0.003775624,-0.25706166,-0.18381746,0.19158432,-0.20023061,0.11781741,-0.3313467,0.048859973,0.121498175,0.26477325,0.10919965,0.12387684,-0.16168731,0.49742696,0.08933738,-0.18537976,0.045343336,0.24667415,-0.23714095,-0.20944351,-0.032804113,0.5627757,0.42932972,0.581951,0.2975783,-0.3730219,0.16795915,-0.017968653,-0.00015386462,-0.47729796,0.032292936,0.3880393,0.37638935,0.30932868,0.7840459,-0.03199066,0.03322352,-1.0478619,-0.07831341,-0.16491336,0.35801396,-0.14028195,0.19609231,0.101563655,0.25523832,0.20784189,0.42466605,0.10440304,0.06265112,0.13588351,-0.12919296,0.090530336,-0.2647762,0.1407353,-0.14715849,-0.51584595,-0.30705157,0.43337372,-0.17125599,0.23750427,0.037335817,0.06492457,0.10565203,-0.5952043,-0.16833712,0.073551476,0.04138313,-0.020905921,-0.06990743,0.27603933,0.17045839,-0.20360069,0.46601787,0.22529423,0.2907391,-0.25580233,0.39602816,-0.12927578,0.077941455,0.14688712,-0.13050091,0.43733832,-0.58960265,-0.42081696,0.38517842,0.38175392,0.03145344,-0.08158062,-0.19527754,0.34404323,-0.09380761,-0.1589097,0.16880411,0.0475321,-0.018992081,-0.08742211,0.54103667,-0.8622044,0.20363612,-0.15647995,-0.27277026,0.10400528,0.30889812,0.51151556,-0.46130726,-0.1415278,0.26609328,-0.3102919,-0.32532492,-0.37013572,-0.113892995,0.06404292,0.1887705,0.1340023,-0.12642771,0.17135191,-0.09813291,0.016534261,0.4394831,0.3265315,0.2922486,-0.14874081,-0.6356181,-0.19138752,-0.36489648,-0.60870886,-0.16228034,0.02124799,0.0837308,0.40540013,0.13322525,-0.6949242,-0.010450809,-0.23815176,0.5,0,0,1,0,0,0,0,0,0,2,0,3,1,3,2,0,0,0,0,0,0,0,0,0.0,0.0,0.0,0.0
0.43106824,-0.3652361,0.6338833,0.13858691,0.3696798,0.049713187,0.044219375,0.35075656,-0.2872058,0.2542329,0.07126671,-0.13786906,-0.05301958,0.11180649,-0.061246775,0.49609414,-0.21261026,0.27312908,0.050578777,0.06758562,0.21355993,0.31080553,-0.31877652,-0.18600334,0.21125434,0.5896464,-0.6618985,-0.5040909,-0.7828416,-0.36278972,0.4498027,0.0011606733,-0.21822141,0.084818564,-0.44057325,-0.14627059,-0.15405527,-0.33360344,-0.1721562,0.18366367,-0.48379838,-0.35440728,0.09855233,0.06235182,-0.046710454,0.35219654,-0.14497848,-0.37984696,0.24565035,-0.38860828,-0.61308426,0.014790206,0.033254772,-0.24412689,0.13323028,0.56793207,0.713598,-0.6182889,-0.08168357,0.24021667,-0.28271732,-0.087319404,0.05280599,0.24143377,0.0075739343,-0.03386731,-0.10737946,0.57618296,-0.17857498,0.3532075,0.20619604,0.22480066,0.3146962,-0.52115244,0.0964621,0.07713371,-0.11362017,0.5174106,0.0952898,0.11591402,-0.3445817,0.109994285,0.06533748,0.06271973,0.4064841,-0.012523718,0.15408231,0.0977982,-0.099571064,0.45610636,-0.0706274,-0.29779124,-0.1922509,0.039741036,0.47977844,-0.6294155,-0.8465709,0.070126966,-0.082796,-0.0733564,0.17720695,-0.27947703,-0.11200074,-0.051183067,-0.2854547,-0.03986061,-0.5123755,-0.14783363,-0.023824468,0.09472705,0.14128016,-0.051486753,-0.12179889,-0.15021002,-0.11226698,-0.141565,-0.10027612,0.18318509,0.30606854,-0.13545659,-0.16191137,0.34124467,-0.15217392,-0.01233213,0.41737965,0.14599131,0.3983379,-0.44930544,0.35982892,-0.118226804,-0.0021861715,0.5779594,0.27751574,-0.33138674,0.18140282,0.1403957,0.26994097,-0.14517507,-0.14061639,-0.2942505,-0.11884744,0.2488216,-0.053768855,0.31101733,0.49423474,-0.00018632383,-0.2989005,0.08804089,0.16911247,0.2536885,-0.011625043,-0.049334172,-0.23038784,-0.03456537,-0.4837833,-0.26002333,-0.15297326,-0.16534464,0.13829872,0.15096271,0.33488274,0.19208279,0.16731852,0.10525892,0.22858498,-0.14326513,0.082237825,0.09210914,0.22499965,-0.37576213,0.013411761,-0.19755417,0.45171502,0.3574974,0.11710982,0.28572488,0.19103089,0.023766592,0.011257257,0.58895487,-0.50675136,-0.08458147,0.24126202,-0.121642895,-0.10927957,0.25105387,0.3099741,-0.08317702,0.5475574,0.40983987,-0.19351879,-0.26141036,0.30801424,0.065984696,0.16693597,-0.26769054,0.118654296,-0.19601427,0.20390093,0.028774677,0.3206955,-0.2583708,0.033400472,-0.2883702,-0.23443861,0.36949155,-0.04985922,-0.12746222,-0.60666335,0.09229374,-0.57909256,0.6266511,-0.00031085045,0.075974144,0.16658308,-0.15532328,0.30069062,-0.21614641,0.107763536,0.1888682,-0.1422759,0.1324371,-0.22314735,0.3048083,-0.15197839,1.1804719,0.08914115,-0.4092419,0.50942236,-0.0035967678,-0.15553296,0.12752467,-0.060446672,0.2288277,0.34719974,0.40339717,0.049993936,-0.3987931,-0.28687325,0.16887785,-0.27195698,0.2980435,-0.08107183,0.35878646,-0.5485353,0.31691283,-0.11783927,-0.20665592,-0.050328933,0.1628594,-0.43856254,-0.34092838,-0.3311235,-0.14458843,-0.12828416,0.087089,-0.13619977,-0.09587471,-0.12542866,-0.067281425,0.6196859,0.25454178,0.15575582,-0.15857327,-0.16649038,-0.30766115,-0.073260345,0.2241036,0.39537513,0.20987335,-0.17906687,-0.28068298,0.0964564,0.4693887,-0.090769224,-0.18989296,0.27485216,0.016339459,0.17765093,-0.1741762,-0.19586289,0.28761163,-0.37238038,-0.09291038,-0.0118848225,-0.16593134,0.5601091,0.03053528,0.015259876,-0.25875202,-0.18749471,-0.19931734,-0.34226334,-0.021534171,0.70600647,-0.16706806,0.2175551,0.30380684,-0.15508467,-0.10090296,-0.07232921,-0.22249769,0.22677465,-0.0559051,0.0917255,-0.29928225,-0.6097009,-0.18391484,-9.44632,0.04417532,0.11391734,-0.24488714,0.018563053,-0.09694054,0.20197318,0.09203648,-0.033829097,-0.09248397,-0.089763,-0.2176846,-0.28595132,-0.21897814,-0.09745816,0.064111024,0.4777681,-0.050946817,-0.3302766,0.28552237,-0.41655147,-0.19074704,0.52264863,-0.080317646,-0.026678812,0.48565185,0.08310908,-0.0057282858,-0.15733817,-0.16182864,-0.45822656,0.1265741,-0.045774203,0.8506489,-0.22895703,0.13755225,-0.010961547,-0.5308785,0.02693396,-0.08681865,0.1626051,-0.21720701,-0.1431862,0.11846669,0.83447045,-0.37917545,-0.2600894,-0.0020062777,0.0348204,-0.089076966,-0.34763205,-0.20391594,0.054593347,-0.4305166,0.27674612,-0.14947747,-0.08413079,0.2495193,-0.40783864,-0.26772133,0.26388878,-0.12458004,-0.21243767,-0.084933214,-0.23440707,-0.16497925,-0.38057423,-0.60343057,-0.19272444,0.07323837,-0.32501614,0.5134318,0.033291105,-1.4767609,-0.24321136,0.21248032,-0.12183653,0.41946122,-0.042861875,-0.13979371,-0.7716024,-0.3664853,-0.050901666,0.26879048,-0.5411441,-0.57144445,-0.089845285,-0.46011674,-0.36915353,0.29543486,-0.03252821,0.11563906,0.14968956,0.20376167,0.081098996,0.3075502,0.5598324,-0.33871582,-0.07114074,0.27357188,0.32425195,-0.025076749,0.5023318,-0.19689383,-0.083258115,-0.03077335,-0.52617323,0.22540297,-0.04990648,-0.32101336,0.029196644,0.063823424,-0.3062673,-0.11739901,-0.49645078,-0.5015828,-0.019030921,-0.006401671,-0.025623595,-0.5271141,0.034128644,0.22312889,-0.022296907,-0.48434344,-0.20570174,0.08206197,-0.21095203,0.13243839,-0.2626051,0.1454657,0.18743223,-0.3142079,0.124196075,-0.17329378,0.13264443,-0.042218037,-0.07966134,0.12658894,-0.29196683,0.23870693,0.19178706,-0.046211876,0.2160297,-0.105641015,0.049731065,-0.16351646,-0.28167918,0.09172824,0.1932856,0.2519253,-0.37225097,-1.0948812,0.26029786,0.030208908,0.25703838,0.6530658,0.53916097,-0.789822,-0.3266436,-0.20950404,0.04951169,-0.21275008,0.10910058,0.26042622,0.030361425,-0.15832105,0.03762535,-0.044043392,0.4849412,-0.6022014,-0.13058732,0.28864017,0.26060325,0.023112569,-0.046510145,0.17299761,0.3456857,-0.2823662,0.22523172,0.38195238,-0.38328794,0.08772272,-0.1774655,0.0060991333,0.32959014,0.060383987,0.1799821,0.014639721,-0.009709975,0.42465225,-0.54190326,0.54902,-0.27550438,-0.6278782,-0.022644024,-0.48491782,0.46283612,0.29314345,-0.118321486,0.41435027,-0.1554862,0.23615764,-0.21275498,0.13432258,-0.31465155,-0.017294958,0.14775513,0.20958687,0.5550075,0.16607147,0.20024866,-0.3869237,-0.44393182,-0.47829068,0.2650605,-0.38729355,-0.37392563,-0.6357176,-0.6551897,0.07047423,0.25692365,0.42730957,-0.0028347042,0.24816997,-0.20421459,-0.040876042,-0.10208328,0.10795003,-0.2873646,0.0039598322,-0.045766853,-1.4703126,0.49383602,0.23645483,-0.2031929,-0.6662783,-0.24109831,-0.18391661,-0.27145323,-0.00040699737,-0.2267779,-0.56862086,-0.08826687,-0.27431613,0.1357446,0.19829129,0.089813225,0.008838125,-0.11975415,-0.07309366,0.3385428,0.26839742,-0.30113626,-0.09408226,0.0007218152,-0.53916097,-0.2746238,-0.16808774,-0.060011502,0.35984036,0.05130346,0.0075653465,0.1158345,0.35890064,-0.098749295,0.17367655,0.18128572,0.22000799,-0.14349341,-0.36684686,-0.3712271,-0.10521556,-0.061949633,0.24900042,-0.1139981,0.00010242313,-0.16441531,-0.26754436,0.3283892,-0.383631,-0.28290966,-0.40073094,0.15680698,-0.16042908,0.23782021,-0.081970595,-0.28625077,-0.032932308,-0.12853724,0.18702543,0.36963868,0.6589655,-0.21011093,0.30852214,0.13451871,0.46450755,0.39469635,0.04145222,0.19313006,0.38547614,0.03500079,-0.18370944,0.62333584,0.2525507,-0.14902425,0.038261406,0.33503944,-0.49277046,-0.48401222,-0.039959013,-0.485413,-0.018801829,0.586131,0.12159258,0.041639477,-0.19982572,-0.31472564,-0.61126894,-0.55304915,0.24439718,0.16921945,-0.014862881,0.6384037,-0.16647814,-0.15056834,0.17084746,-0.11810188,-0.12004594,0.15354009,0.36548188,-0.2212618,0.22436164,-0.09773749,0.13860132,-0.092818834,-0.1164671,0.23249435,-0.34046537,-0.2437228,0.08496357,-0.44090953,0.48889744,-0.051750537,0.06555123,0.0017167241,-0.10454706,-0.004781602,0.2757168,0.5553032,-0.014750843,-0.054435454,-0.024996834,-0.39934912,-0.012409779,-0.019517943,-0.13506877,0.17724118,0.2506386,-0.26709172,0.20750238,0.3011766,0.19700961,-0.023090906,0.024731673,0.05937161,0.11419249,0.38537198,0.3443117,0.3478304,-0.24539456,0.03946414,0.13124327,0.20051895,-0.064849585,-0.39736104,-0.07414095,-0.02921386,-0.07238401,-0.5488749,-0.16708821,-0.23121603,0.2925466,-0.35959187,-0.2846697,-0.01942084,-0.62227285,-0.20695326,-0.096735194,0.043215826,-0.43925473,-0.17010254,0.009185115,0.034755446,-0.18681929,0.3182909,0.107317895,0.14794903,0.08616602,0.2657986,0.007580478,-0.06667448,0.06516179,0.058618654,0.14895006,-0.40009835,-0.020027708,-0.26236612,0.17876177,-0.24032074,-0.24548021,0.01959597,0.12082446,-0.06707546,-0.04131666,-0.09439362,-0.34079638,0.61875135,-0.33713692,-0.4470471,-0.025121048,-0.04970992,-0.15119061,0.045778565,0.040653445,0.12185874,-0.23357521,0.05245016,0.15842102,-0.075997114,-0.089030005,-0.3451632,0.2256548,0.3019804,-0.5864989,-0.403144,-0.3606409,-0.25529563,-0.005188632,0.056376953,0.17621163,-0.08404487,-0.2315327,-0.21380813,-0.12816423,-0.22319664,0.17654595,0.39369908,-0.20451425,-0.6345796,-0.36942905,0.104279414,-0.3316398,-0.17619151,-0.060520824,0.15505593,0.06408375,-0.3104948,-0.14094593,-0.07769653,0.24313101,0.0,0,0,1,0,0,0,0,0,0,0,0,0,0,0,0,0,0,0,0,0,0,0,0,0.0,0.0,0.0,0.0
0.48608205,-0.4215663,0.3423272,-0.20218067,0.19312347,-0.28666067,0.044149138,0.6249085,-0.2847518,-0.08215684,-0.12254186,-0.040018883,-0.05731864,0.43159866,0.11140074,0.62494296,-0.20521633,-0.06059543,0.3617022,0.4060524,0.23265882,0.1605632,-0.035550937,0.2398797,0.55819297,-0.24046507,0.1953463,-0.23483935,-0.45966762,-0.031317588,0.055752106,-0.22467795,0.13499196,-0.21857645,0.14169769,-0.6625805,-0.32020584,-0.12590979,0.034767196,0.46176642,-0.3356293,-0.3985559,0.13304347,-0.11342403,-0.22827359,0.34970614,0.05534318,-0.19353849,0.11687169,-0.2670228,-0.5136885,-0.25639957,-0.20744343,-0.3553577,0.15853451,0.034671176,0.1607974,-0.31464225,-0.4010566,0.05916991,0.080224,-0.13366194,-0.27158755,-0.12383512,0.0379605,-0.004772544,-0.06952909,0.32141027,-0.5760438,0.121461265,0.28105474,0.22397213,-0.066919215,0.30000317,0.04783468,-0.05969254,-0.17484215,0.35165244,0.22457275,0.12892659,-0.006191601,0.28274503,0.058988735,-0.21544963,0.3789259,0.33252156,0.029715795,0.27555612,-0.551664,0.6889354,-0.22459012,-0.16326004,-0.024982521,-0.18711971,0.67016494,-0.4167975,-0.05433993,-0.29613784,0.2059925,-0.3816367,0.41205093,-0.21203817,-0.09446621,0.17664805,-0.38129368,-0.08597544,-0.44624007,0.17255795,0.06452324,0.0032462447,-0.2771529,0.39423874,0.08424146,-0.6485452,-0.18906847,-0.28852513,0.13744383,-0.010972925,0.5835387,0.013009968,-0.021802807,0.31642303,0.2551477,0.20263705,0.31685597,0.17868531,-0.04562143,-0.035406638,0.070932604,0.29486686,0.5061476,0.5378871,0.21842854,-0.37652397,0.27871478,0.26907855,0.08279344,-0.14499505,-0.07583661,-0.17340955,-0.25999862,-0.2904123,0.0036128282,0.42390338,0.11465814,0.05964599,-0.5160539,-0.10412151,-0.24471016,0.12245788,-0.29323587,-0.054158363,-0.23817877,0.2725363,-0.18579762,-0.029292116,-0.13510804,-0.13335924,0.13629445,0.27332038,0.19639446,-0.009791032,0.26645368,0.059751242,0.1368374,-0.23466519,0.20085342,0.06182477,0.19985953,-0.29731005,0.055723805,-0.5206071,0.14524777,0.040696416,0.15986924,0.4881717,-0.118574485,-0.15327147,-0.0531592,0.50955135,-0.58494616,-0.02240695,0.16581947,-0.3434272,-0.22563785,0.5165241,0.23871626,-0.30668616,0.5342095,0.29183036,-0.021355644,0.23488466,0.10897214,-0.1715711,0.3530156,-0.1702681,-0.1416838,-0.45196423,0.23422849,-0.17290157,-0.17025036,0.07611513,-0.12891191,-0.10433523,-0.28412017,0.27187333,-0.098208256,-0.39874363,-0.21030955,-0.50044656,-0.30536658,0.24071291,-0.2186337,0.091394976,0.10400976,-0.09042901,-0.30726236,-0.37647545,0.07676672,0.08597462,0.07942147,-0.33186364,0.0636548,0.16851562,0.083614826,1.2712593,0.33418864,-0.18891749,0.6392203,0.16721208,-0.2678884,-0.25610292,0.05561082,-0.19750963,0.08334476,0.279938,-0.1903809,0.026510863,0.26727414,-0.26312765,-0.33770332,0.19656914,0.35470906,0.26432043,-0.3131039,0.26340622,0.0409209,-0.6091327,-0.10131275,-0.21759896,-0.22129145,0.050484348,-0.55623645,-0.31955215,-0.0047009992,-0.313277,-0.04259699,-0.20811403,-0.16438422,-0.2654522,0.15297313,-0.45228252,-0.11819608,0.0365856,-0.05413207,-0.26405743,0.34376577,-0.02892324,0.6831614,0.1335044,-0.16655998,-0.247791,0.39142933,0.357103,0.071029276,-0.05656888,0.35439733,0.38558728,-0.036623325,-0.096291035,0.12877674,0.004716449,-0.03143438,0.034923125,-0.18665615,0.103474684,0.22832695,0.17259654,-0.095204994,-0.2692812,-0.74487334,-0.46751267,-0.124630585,-0.014422618,0.41216484,0.27383175,0.0051204767,0.14525002,-0.28289473,-0.12869745,-0.035513908,0.22225866,-0.45482555,-0.27584216,-0.092390746,0.33145297,-0.24586189,-0.1253713,-8.024044,-0.5419541,-0.39895108,-0.25918758,0.07288678,-0.40687302,-0.26108283,0.15823077,0.2176251,-0.12767245,0.2000306,-0.34460488,0.0028697026,-0.31569833,0.11244097,0.20352077,0.5875569,-0.40285835,0.13392496,0.12505639,-0.43565208,-0.33238056,0.14642332,-0.2743933,0.49872062,-0.14071222,-0.2865996,0.063426025,-0.083569154,-0.33882532,-0.09104105,0.090398036,-0.02910652,0.6765981,-0.06810331,-0.22532056,-0.12223857,-0.18259539,-0.046163343,-0.1981076,-0.031614803,-0.13574743,-0.2292774,-0.20321028,0.551943,-0.6135293,0.26838735,0.14211364,-0.10740944,0.18969986,-0.099994086,-0.5522753,-0.0876859,-0.48612157,0.15624784,0.15032542,0.14789316,0.99997276,0.012636703,-0.36540926,0.21721317,-0.3439431,-0.016989501,0.025863327,-0.12295011,0.13154715,-0.3452279,-0.75961804,-0.0580272,-0.21474198,-0.26286516,0.4913021,0.17652942,-1.3358823,-0.26909682,-0.5546812,0.17583634,0.31170365,-0.20987342,-0.17335983,-0.3991006,-0.37993973,0.26416638,-0.028865905,-0.40436134,-0.18834102,0.14777425,-0.28067115,-0.18381079,0.32089013,0.056224003,-0.03788377,0.33505356,0.114976175,-0.012190041,-0.049738854,0.34947693,-0.20397806,0.039001536,0.09292113,0.32754663,-0.03273845,0.25671518,-0.19423328,-0.047863226,-0.33006442,-0.04365404,0.014740206,0.29899928,-0.41157046,0.057918757,-0.10281545,-0.28927976,-0.15056108,-0.115415074,-0.34540766,0.205813,0.20192944,0.33174163,-0.4213334,-0.20370443,-0.09795415,-0.39217305,-0.29620075,0.17404816,-0.1074882,-0.4512734,0.35445675,-0.21733736,0.21171293,0.3019768,0.16693926,0.19491093,-0.08495018,-0.08789846,-0.030604841,0.18513739,-0.1156936,0.19864511,-0.20385975,0.14562602,0.6084086,-0.024286924,-0.10927385,0.011959238,0.0930723,-0.19284438,0.4842438,0.16892727,-0.22346312,-0.107674256,-0.7038037,0.02194532,0.016631939,0.25036564,0.124599926,0.28199106,-0.38908124,-0.1701748,-0.3280202,0.26914307,-0.16758281,-0.19608694,0.23521537,0.23575857,0.3831774,0.46422395,0.16203249,0.44287616,-0.4045776,-0.10228836,0.40032983,-0.05180921,0.06800608,0.30264744,0.27924034,0.19570798,-0.47845286,0.41653866,0.33651492,0.0074912272,0.11504007,0.3342018,0.09391668,-0.014405127,-0.2222671,-0.13345176,0.14041124,0.45007205,0.70359886,-0.14889164,0.13832825,-0.12125656,-0.34782773,0.5499256,-0.7564879,0.3113955,-0.49821243,-0.11242635,0.8025778,-0.19230354,0.017766334,-0.30809352,0.12707652,-0.370559,0.002060436,0.06614106,0.11187497,0.2993861,-0.35633695,0.06812407,-0.1829889,-0.38648576,-0.04817085,0.0358419,-0.12690024,-0.12907554,-0.18112594,-0.5322878,0.15445736,-0.18657988,0.22445211,0.3810325,-0.16507925,-0.011121236,0.084423885,0.36366555,-0.3752456,-0.32257885,0.11412983,-0.22060499,-0.75532264,0.19273418,-0.1329421,-0.03572736,-0.3648307,-0.17279746,-0.36431542,-0.15061677,-0.4655196,-0.35371673,-0.6913175,-0.3762031,-0.6651186,-0.38112032,-0.017482942,-0.04577086,0.35385594,-0.25721353,0.21020664,0.22829762,-0.16781738,-0.19386488,-0.71318936,0.33775422,-0.5837049,-0.09576064,0.10248749,0.0062483014,0.086931966,-0.19872169,0.045143124,0.32453278,-0.048758306,-0.18389618,-0.054460503,-0.25132626,-0.18063554,-0.10916232,-0.4261742,-0.25271657,-0.04411909,0.2517233,-0.219453,0.45850456,-0.18716027,-0.40363607,-0.2541393,-0.15647675,-0.3338897,0.008614633,0.033972908,0.13693044,0.39222294,0.3960052,-0.27972433,-0.18275411,0.27339292,0.055702485,0.109765604,0.29130498,0.46639964,-0.3787132,0.065703385,-0.088039875,0.31222823,0.59540427,-0.04200869,0.307524,0.18160863,-0.3106818,-0.26806644,0.32519546,0.37109792,-0.12987526,0.21974528,-0.027423203,0.1406036,0.0018805951,0.24183893,0.16800725,0.29780555,0.3102883,0.8219569,-0.1281811,-0.27379668,-0.7455254,0.06567836,-0.5322152,-0.29005775,-0.11407528,0.14687863,0.05427442,-0.23303695,-0.15623318,0.037050102,0.009374224,-0.0023032285,0.036750644,0.03462907,-0.48680124,-0.066828534,-0.23490115,0.03440525,0.2226839,-0.6269822,-0.15569848,-0.09543484,0.17111963,-0.21228176,-0.20942995,0.5047708,-0.048716232,0.115194924,-0.10176467,-0.15167892,-0.14787048,0.17223796,0.18315466,0.2765872,0.040011182,0.16401556,-0.30132276,0.019268349,0.27727893,0.06181214,0.042486116,-0.1504436,-0.017434932,0.7878406,0.47345647,-0.040753268,0.13506097,-0.43044412,0.16190721,-0.0044573457,0.44597736,-0.5345041,0.18439335,-0.042336516,0.47686538,-0.20284037,0.13724227,0.11857816,-0.13355511,-0.07880079,-0.05689531,0.047374167,-0.29902047,0.005171695,-0.6148162,0.044198304,-0.29644173,-0.13281925,0.35821667,-0.44859365,0.083925046,-0.25080237,-0.29117525,-0.26897338,-0.19118695,0.2508358,0.2972986,0.33354768,0.15610088,-0.2187303,-0.24302353,-0.3275153,0.26096123,-0.057534266,0.073015325,0.049436416,-0.13573824,0.17511825,0.060242247,-0.39870462,-0.16522633,0.2613728,-0.3084911,-0.14302436,0.11405792,0.14343488,0.012586093,0.4896133,0.19493589,0.47299886,0.21094453,-0.0757355,-0.26311243,-0.11681138,-0.5829973,-0.79421294,0.050585594,0.014573347,0.051645555,-0.8006542,-0.096282415,0.18260336,-0.061668687,0.028180098,0.00076752185,-0.04445593,0.3605219,0.2947504,-0.8653924,-0.30361792,-0.07538996,0.15234151,0.16921392,0.067967884,-0.46400028,0.03507308,0.095989816,-0.25130165,0.17124149,-0.033322867,0.19168513,0.01236506,-0.23562774,-0.027022833,-0.4062552,-0.24927421,-0.08487862,-0.31484482,0.14707099,0.017262325,-0.33675253,-0.311874,-0.040548936,0.40679887,0.0,1,0,1,0,0,0,0,0,0,0,0,24,0,1,1,0,0,0,0,0,0,0,0,0.0,0.0,0.0,0.0
0.09970054,-0.1631343,0.52900887,-0.4411352,0.6415098,0.113235444,0.06353238,0.27747798,-0.30000687,-0.22637579,0.28954947,0.0016984004,0.13552196,0.46444178,0.19860762,0.026957236,0.13476008,0.27117237,-0.21676104,-0.2141309,0.03319049,0.1156764,-0.40885857,-0.5652848,0.12198777,0.40165862,0.0375838,-0.11921099,-0.50673085,0.012850292,0.051777408,-0.10231558,-0.39560944,0.06496321,-0.62777776,-0.100015655,0.109302595,-0.030240754,0.07532978,0.15048611,0.085220486,-0.09479412,0.29387075,-0.086286195,-0.61851096,-0.6040448,-0.07531883,-0.94229865,0.07622258,-0.6723961,-0.491229,0.41874883,-0.54344165,-0.69763994,-0.20713146,0.58957374,0.4235152,-0.523805,0.27735388,-0.310875,0.07112372,-0.035473127,0.027363768,-0.19198994,-0.5404599,-0.26283038,0.12148568,0.41829872,-0.9262264,0.39611056,0.20547646,0.19928387,0.32469505,0.03762961,-0.086087495,-0.24810481,-0.33982837,0.6156226,-0.43583667,-0.10199648,-0.46208346,-0.35297328,0.57007784,0.20605163,0.55185926,-0.03473125,0.18341024,-0.04487901,-0.11261148,1.0730283,0.13210851,-0.15499485,-0.5688775,-0.14352113,0.63071954,-0.5382445,-0.2467323,-0.123625174,0.15287012,0.070906244,0.50797206,-1.0126208,0.4667387,-0.3155755,-0.03010241,0.4292448,-0.2231527,-0.18642075,0.1293256,-0.033985212,-0.04470635,-0.044112597,0.5332783,0.012722818,0.32668567,-0.038495623,-0.27334988,0.33400235,-0.1812395,-0.09615654,-0.40227404,0.0009610174,0.43030944,0.18327378,0.87737745,0.46086162,-0.0007070125,-0.18239795,-0.15000711,0.20443663,0.28478807,0.46993577,0.34716395,0.03092946,0.1729392,-0.465577,-0.13299426,-0.031557627,-0.18417852,-0.27322373,-0.12193522,0.75566095,0.25944906,0.10947426,0.7214656,-0.42380127,-0.5884145,-0.15452598,0.112343006,0.50079656,-0.3164222,0.12113372,-0.051186536,-0.56618524,-0.22820446,-0.36551973,-0.7553026,-0.12754214,-0.093165174,0.42021304,0.240642,0.20258941,0.022387195,-0.18057428,-0.2826697,-0.15795057,0.06628577,0.45168558,-0.6022533,-0.0068131024,-0.101039134,-0.36448485,0.6712439,-0.12192386,0.35562932,0.3330995,0.043737825,-0.4342876,0.030725887,0.6245542,-0.690464,-0.050647493,0.09525885,0.29162538,0.27052647,-0.3279556,0.94877076,-0.8125836,0.5983072,0.40065864,-0.2535428,-0.31596458,0.0578285,-0.4192796,0.3067099,-0.61234593,0.070791446,-0.5407676,0.6921128,-0.37705395,-0.041449506,0.6053154,0.35601676,-0.47793293,-0.15739596,0.90191376,-0.2969152,0.35771412,-0.63926756,-0.23506348,-0.3160267,0.53941226,0.10640296,-0.13722916,-0.3162396,-0.7552231,0.67922425,-0.2694269,-0.24544583,0.1967425,-0.20820649,-0.84866214,-0.055125833,0.22816133,-0.50420326,0.9278094,0.7374614,-0.22984335,0.7372224,-0.4950022,-0.13985303,-0.5605061,0.597966,-0.21051615,0.020991648,0.28717595,0.16756049,-0.37126282,-0.14853975,-0.10640617,-0.89570385,0.18361494,0.4271508,-0.14835757,-0.027244205,0.72356886,0.47416654,-0.61055446,-0.49192652,0.16924812,-0.10668293,-0.022296995,-0.22870572,-0.4249825,-0.0997081,-0.47912562,0.1572569,-0.060690947,-0.19687048,-0.47235388,0.64714533,-0.028576417,1.1476599,-0.11857506,0.20922178,-0.035509124,-0.2907654,-0.0885089,0.33386505,0.20681696,-0.42427856,0.5858237,-0.12452851,0.50307965,0.021452473,-0.38048053,0.5112391,-0.018566033,0.3643554,-0.22058165,0.2047974,-0.05960106,-0.5062806,-0.344918,0.4920836,-0.2449194,0.40263954,-0.14183922,0.00014812706,-0.46308824,-0.23840594,0.15904577,-0.19880046,-0.16603996,1.0107278,-0.21915653,-0.53997374,0.71517056,-0.16053478,-0.5179286,0.2559431,-0.25557673,-0.31967556,-0.19820973,-0.46902555,-0.4342543,-0.5205977,0.0840184,-9.827971,-0.3230263,-0.4380416,-0.034121092,0.12630802,-0.3518959,0.082608774,0.35160998,-0.63583934,-0.15097028,-0.2117549,-0.4352811,-0.09804498,-0.28392988,0.17383553,-0.056593105,0.91027,0.30778885,-0.71792394,0.39086393,-0.6728906,-0.57514113,0.539402,0.45146957,0.5035036,0.08679938,0.18566094,-0.04252457,-0.16816884,-0.15644401,-0.54780954,-0.14710747,0.32638308,0.987639,-0.10012275,0.28158346,0.40866324,-0.37183744,0.20033781,-0.14122869,0.033050455,0.36539352,0.13834457,0.20415787,0.70248085,-0.29453307,-0.23480076,0.023088975,-0.22516023,-0.47263902,-0.46011353,-0.08839355,-0.25669152,-0.70901436,0.000272809,0.33204544,0.2347091,0.7797392,0.47531816,-0.15439057,1.1533531,-0.020081265,-0.5577638,0.7066524,-0.5509701,-0.04062379,-0.7904624,0.17709424,-0.064792626,0.18392843,-0.39719316,-0.07448079,0.4624657,-1.3283774,0.02774002,0.43921852,0.16714391,0.74287283,-0.49613652,-0.015012454,-0.8324082,-0.7060347,-0.004545973,0.29114932,-0.7288172,-0.7364058,-0.2265279,-0.59028363,-0.13678676,0.9011275,0.27440733,0.42718998,0.1191347,0.12234296,0.09007177,-0.1909036,0.48777655,-0.8742626,0.18550155,-0.15797961,-0.21593602,0.20270537,0.3571748,-0.1379469,-0.99679005,0.53988886,-0.34432015,0.3660734,-0.18698978,-0.15229371,0.3259712,-0.25427616,-0.42692912,0.43005937,-0.09024457,-0.21945018,-0.42034975,0.039072398,-0.40737957,-0.046409197,-0.5902059,0.28038433,-0.8580597,-0.72708446,-0.2955599,0.6261188,-0.15131827,-0.18911333,-0.021064721,0.20781603,0.15366775,-0.5542231,-0.093780056,-0.5481491,-0.24089558,0.23582686,-0.040818665,-0.097447924,-0.5811063,0.22500409,1.0469757,0.15590191,0.4272725,0.24060504,0.14092699,0.20590246,-0.06307568,-0.37040466,0.41986758,0.7694037,-0.29231608,-1.0352892,0.4664795,-0.3526959,-0.099144265,-0.16516931,0.6566031,-0.6942162,0.17029026,-0.41094634,0.20268044,-0.048681363,-0.31020308,0.51250315,-0.15979747,-0.08093993,-0.15307899,0.07318055,0.02551082,0.16047452,0.20949745,0.24482329,0.08646875,0.407969,-0.06406648,-0.029264914,0.2835033,-0.59500957,-0.046988457,0.19418566,0.3555245,0.36127928,0.04566822,-0.6572307,0.08391898,-0.53729856,-0.06554221,0.5566428,0.46293402,0.16630921,-0.6954823,0.43213573,0.09200951,-0.25691545,-0.04583397,-0.3578265,0.45119974,0.2973724,0.14541945,1.1792383,-0.28081477,-0.121269,0.4135879,-0.08081073,0.30732843,0.05958834,0.28669423,0.281709,0.5209172,0.057047434,0.42085755,-0.13099432,-0.7895588,-0.37201816,0.24000618,0.15636054,-0.26513138,-0.3228827,-0.3255848,-0.21890771,-0.41049147,-0.30540332,-0.8442236,-0.19278146,-0.2630155,-0.4040497,-0.3594532,-0.46393272,-0.012875297,-0.004934869,0.061937537,-1.4976629,-0.3240368,0.0829537,0.37773243,-0.20407689,-0.08177862,0.039797764,-0.3781768,-0.043294128,-0.29375085,-0.656087,0.44279417,-0.46054316,-0.26450756,0.30055013,-0.39715046,-0.28243193,0.22424418,0.18771109,0.6039771,-0.1498163,-0.3879362,-0.15338705,0.29397535,-0.44362447,-0.13986638,0.04791093,0.1499383,0.8587687,-0.5750041,0.13660814,0.4399838,-0.29358104,0.060555093,-0.040632173,0.37326688,0.5230329,0.22263704,-0.27420723,-0.15979795,-0.34370175,0.26430625,-0.1310611,-0.21438566,-0.22353336,-0.51241094,-0.7235184,0.10572592,-0.27994287,-0.18757616,0.23010117,0.20941773,0.6513406,0.40374306,-0.015622239,-0.41033342,-0.09201138,0.12731719,0.7504703,0.2504994,0.85600495,-0.38713276,0.6432081,-0.12125942,0.85167426,0.543101,-0.5542526,-0.5345118,0.0607344,-0.052262332,-0.36732417,0.29948032,0.17609243,-0.048357524,0.23395747,-0.23498419,0.15470776,-0.16946882,-0.17907023,-0.9195384,-0.24892624,0.19779335,0.309304,0.9342162,-0.8139375,-0.12523001,-0.66604185,-0.39993772,0.28168035,-0.4944495,0.437861,1.2639472,0.18842436,0.14643516,-0.10440196,0.27656257,-0.2631337,0.19122194,0.6308353,-0.14523204,0.28788754,0.1731768,-0.079896785,0.29100075,-0.5601398,0.035622172,0.054819584,-0.0021411637,0.43983588,0.23684269,0.51201946,0.13197005,0.18827589,0.17807867,-0.03386086,-0.16886832,-0.54636866,0.53340316,1.0115656,0.08606028,0.036447316,-0.30150548,-0.35007364,0.5787378,0.27263317,-0.4397158,-0.12293205,-0.0007615071,0.9794069,0.0034078981,0.50606316,0.57094437,-0.5710286,-0.053418282,-0.06843775,-0.49156898,0.058444627,-0.09065145,0.2209577,0.03318968,-0.19242722,0.3265843,0.6340626,-0.46787247,0.14017817,-0.11786326,0.21112585,-0.5245147,0.6283319,0.028603517,-0.044545207,-0.49787077,-0.31925118,0.5419753,-0.46808794,-0.110811,0.0663469,-0.39628127,0.04442452,-0.0029868744,0.16072018,-0.18905158,-0.27536935,0.41219628,-0.4633757,-0.20271392,-0.12306959,0.75768024,0.4748012,0.595443,-0.24979278,-0.103903204,-0.47699806,-0.3781203,0.23109399,-0.24040124,0.44562614,-0.35842073,-0.27454603,0.08250649,0.08773473,-0.08411535,0.32992783,-0.30932298,0.1547623,0.099857025,-0.37074935,-0.30811587,0.10973626,-0.22594346,-0.6864951,-0.44719929,-0.06336239,-0.009464225,-0.20285015,-0.15837766,-0.22192426,-0.24502747,0.029794127,-0.33792204,1.0078502,0.5294041,-0.6516706,-0.42025232,-0.3393563,0.097195536,-0.6478364,-0.15761596,0.07205878,0.4588418,-0.056405306,0.25789666,-0.2761499,-0.13972281,0.27707377,-0.20236522,0.13802932,-0.9827201,-0.604305,-0.249578,-0.10024338,-0.20593874,-0.4008985,-0.21107414,0.4077384,-0.20549032,-0.40762538,0.1425533,0.14220375,0.0,0,0,0,0,0,0,0,0,0,0,0,0,1,0,0,0,0,0,0,0,0,0,0,0.0,0.0,0.0,0.0
0.10909959,0.26540416,0.5989546,0.16642265,0.60333294,0.07480373,-0.06643996,0.50452626,-0.4301859,-0.34144875,0.048209675,-0.09174592,0.013177681,0.47255936,0.12733218,0.46588597,-0.16467722,0.064156465,-0.011741696,-0.0008785568,-0.009136248,-0.015617639,-0.36077902,-0.25581226,0.28959897,-0.009804296,-0.29994237,0.06719479,-0.2936338,0.0293268,0.5036647,-0.2406782,0.23490344,0.0473013,-0.5201842,-0.027550705,0.23519534,0.012001165,0.16260259,0.1992455,0.15286283,-0.15147549,0.11935046,-0.12868592,0.144284,0.11992652,0.086333275,-0.9638132,0.34700495,-0.7845017,-0.0369694,0.2837365,-0.30408746,-0.4159246,0.09048292,0.60531354,0.30870152,-0.33870712,0.11421319,-0.15155102,0.0052414685,-0.11851667,0.21445526,-0.33521274,-0.47159767,-0.32330883,0.3644906,0.08420636,-0.6740764,0.33028203,0.056274388,0.20763694,0.5383788,0.038315255,-0.31775704,-0.19494829,0.35802868,0.60289377,-0.21685356,-0.35578468,-0.50642794,0.10488322,0.48608017,0.43459707,0.4649616,-0.023533233,-0.2618059,0.028557934,-0.24579233,0.45074496,-0.7097951,-0.23677833,-0.45634586,0.2238043,0.5984594,-0.408675,-0.40731728,-0.29264387,-0.21990749,-0.43965462,0.17153801,-0.83161694,0.29129016,0.038595162,0.27144006,0.20683326,-0.07446095,0.60719997,-0.076943286,-0.07438815,0.16313328,-0.18434788,0.419257,-0.48510164,0.38342825,0.21688801,-0.012031258,0.22594741,0.31941774,-0.15256925,-0.15392448,0.0781984,-0.08758981,0.059222046,0.6246416,-0.08233533,-0.018676793,-0.099230684,0.114066236,0.021747988,0.41460952,0.44066036,0.030575808,-0.36624253,0.15793595,0.25495896,-0.07285896,-0.0064347484,0.05039561,-0.03133129,0.08875561,0.03565221,0.17216413,-0.064761735,0.44308046,-0.6161419,-0.5755025,0.20226532,-0.28542092,0.5486168,-0.22235377,-0.008231749,-0.4567996,-0.38326567,0.34956995,-0.24178252,-0.590747,-0.12420681,0.50352293,0.06736375,0.02845139,-0.01701096,-0.13838944,0.09530166,-0.022136854,0.1191938,0.14798072,0.17186137,-0.20253706,-0.16611785,0.20216209,-0.4194544,0.32262143,0.17617592,0.31080353,0.37793598,0.43037415,-0.28153256,0.40809742,0.9095265,-0.52732646,-0.4054106,0.38354248,0.2891236,-0.014804635,-0.41055483,0.543248,-0.7984529,0.36273634,0.32485542,0.23305975,-0.17183103,0.1909371,-0.47136784,0.18706805,-0.09150692,-0.10147402,-0.60469615,0.29559198,-0.12835905,-0.24250498,0.19537349,0.26306206,-0.23352055,0.33758977,0.8780769,0.048544724,-0.17364095,-0.36665726,0.15905419,-0.4858389,0.7015311,-0.38394257,0.096182324,0.1996259,-0.06538484,0.22966816,-0.21159205,-0.3715535,-0.124575496,-0.57016253,-0.094398715,-0.13141204,0.04267206,-0.5340297,0.95893925,0.23459238,-0.3964338,0.8530473,0.16916232,0.1619475,0.066857256,0.07774881,-0.15771265,0.059772328,0.29399613,0.22758335,-0.42876083,0.09841918,-0.017120952,-0.61544716,0.08275426,0.23813906,0.07118085,0.16964102,0.39522758,0.16460648,-0.56784797,-0.635325,0.40100256,0.086816914,-0.09122235,-0.20447117,-0.519822,0.01833263,-0.40043062,-0.023901941,-0.40936163,-0.33950102,-0.1346036,0.30667087,-0.17886141,0.3861758,-0.23681292,-0.15608,-0.1430146,-0.42768824,0.3178422,0.5096776,0.64715385,-0.1415665,0.138967,0.3801801,0.37712944,-0.11607135,-0.7216581,0.1981872,-0.34771177,0.5212491,-0.51380324,0.08639241,0.5168193,-1.0033678,0.25310624,0.2170117,-0.4090301,0.89491177,0.049814604,-0.2348534,-0.3203708,-0.18773235,-0.26641223,-0.50072306,-0.17121579,0.6605907,0.048857614,-0.4975093,0.6795722,-0.3409725,-0.16037242,-0.20331594,0.38090461,-0.0038369147,-0.2950525,-0.07317107,0.039984424,-0.64661664,-0.4533981,-9.295218,0.12285038,0.22542329,-0.15843683,0.61392987,-0.29084578,-0.13585454,0.20933346,-0.756642,0.21607468,-0.2929055,-0.2800759,-0.022245672,-0.61296105,-0.26793453,-0.5647315,0.23201886,-0.23514205,-0.24464768,0.20625168,-0.07539641,-0.4311209,0.5743133,0.097751826,0.5650702,0.16960286,0.01828471,-0.2879946,-0.091489464,-0.39471227,-0.52025396,0.46399584,-0.064182006,0.58278143,-0.12130864,0.4510871,0.3730119,-0.671006,0.2886905,0.26629457,0.06964566,-0.38939247,-0.24363786,0.13586313,0.39908925,-0.17261544,-0.54962695,-0.10211726,-0.06552334,0.053896178,-0.025700513,-0.050730288,-0.038693238,-0.47832146,0.2788711,0.37015966,-0.24377844,0.7214255,-0.032359023,-0.5327767,0.6195239,-0.27602088,-0.72842157,0.14776863,-0.10455186,0.15631346,-0.5235368,0.13442403,0.029669462,-0.13658322,-0.2821316,0.37538832,0.08422234,-1.3464524,-0.2842243,0.29583994,0.27117378,-0.25072998,0.21948999,-0.3192625,-0.67608505,-0.69050556,-0.048783902,-0.11275883,-0.50769347,-0.3664098,-0.564117,-0.09292841,-0.19516388,0.31675205,0.19580944,0.37282875,-0.07705199,0.24204956,0.19720778,-0.21289292,0.32655436,0.0337707,0.20266095,0.21292837,0.10757561,0.0698982,0.4978533,0.33250743,-0.25781134,0.038810685,-0.379632,0.317433,-0.25879762,0.2805432,-0.10497637,-0.12500103,-0.27550238,-0.039844852,-0.144669,-0.10551929,-0.051352475,0.5936545,-0.024667628,-0.6098845,-0.4730031,0.23636971,-0.41113788,-0.59005934,-0.07384538,0.311473,-0.12066195,0.05611945,-0.34076977,-0.20987146,0.022939378,-0.058718655,0.08916775,-0.48594874,-0.1499073,-0.06849026,-0.33925548,-0.48186442,-0.42749345,0.7196466,0.16830087,0.35207906,0.35202184,0.06210075,0.08547898,-0.10046883,-0.05052098,-0.32516992,0.09607516,0.37031904,-0.34548962,-0.6384897,0.22988223,-0.35823673,0.4345133,0.161726,0.6717221,-0.21553193,-0.09197329,0.15908846,0.56195205,0.030056994,0.17211685,0.15307878,-0.30708504,-0.046341695,0.24423923,-0.014879248,0.12006291,-0.115931645,0.37378135,0.4024448,0.3347238,0.028340159,-0.11290447,0.1932678,0.29130456,-0.32281786,-0.10489716,0.5325466,0.02225277,0.09170878,0.21009947,-0.50402176,0.10208489,-0.39265794,0.14202172,0.28403923,0.34603852,0.18847221,-0.6884728,0.5319122,-0.32656437,-0.22247937,-0.33192444,-0.46942145,0.35425314,0.13174973,-0.070683554,0.17470454,-0.21438183,-0.3170683,-0.06330829,0.050832223,-0.2923009,0.21786928,0.3028455,-0.06285417,0.3180872,0.3103196,-0.04072394,-0.2195566,-0.44191554,-0.59597915,0.020817786,-0.17952377,0.07707197,-0.11967395,-0.6747018,0.16641521,-0.43161598,0.22481693,-0.5275714,-0.2848964,-0.5277462,0.073992886,-0.053798802,-0.028922172,-0.12492189,0.15986814,0.06571463,-1.4045221,-0.02710515,-0.3022235,-0.16983159,-0.46557575,0.13447975,-0.027165134,-0.11068811,-0.0638831,0.2081818,-0.3603285,-0.2525687,-0.43162787,0.2704328,0.48776588,-0.1901078,-0.28820106,0.11526514,0.083830684,0.691476,-0.4119936,-0.31565973,-0.285476,0.18264061,-0.2779773,-0.24952778,0.1068971,0.26594496,0.8245832,-0.4464458,-0.13104242,0.06902197,-0.098363064,-0.21518573,0.04877803,0.2296821,0.45313463,-0.1991446,-0.11885498,-0.17663702,-0.43172368,0.53402954,-0.21086837,-0.06895631,-0.1362369,-0.75157684,-0.8418647,0.5340444,-0.21315055,-0.6428995,0.40768704,0.050611608,0.056264196,-0.2977308,-0.20268854,-0.13291182,-0.005982251,0.08470799,0.30856284,0.04536379,0.75351834,-0.56371504,0.38230804,0.06936507,0.3505831,0.5021164,0.30266765,-0.18575878,0.46954024,-0.3508554,-0.57353824,0.17902857,0.3834081,0.017363962,0.07066034,-0.18642348,0.09824995,-0.057530355,-0.23896112,-0.614238,-0.26014906,-0.027112711,0.07276039,0.19182253,-0.2207004,-0.06557624,-0.19797005,-0.6731047,0.34793323,-0.22025296,0.15151192,0.8060959,-0.11283059,0.30089626,-0.21125843,0.16059302,0.012881482,0.1926751,0.25241077,-0.35821027,0.43983027,0.10315884,-0.13732113,0.10360594,-0.48019344,0.07005585,-0.78402925,-0.16076209,-0.03242327,0.1966611,0.2559358,-0.119837366,0.16879573,0.22272448,-0.5624173,0.05226338,0.35314348,0.18938807,0.3201519,-0.35426393,0.21535124,0.45268896,-0.30335662,0.96052915,-0.14750749,0.25515193,-0.0022279003,-0.1348663,0.73051995,-0.009611815,0.35955402,0.53478026,-0.6131316,0.44300976,-0.02475016,-0.27228555,0.085301,0.0941852,-0.22486517,-0.02593012,-0.36602184,-0.0028268322,0.30224463,-0.29812372,0.11371171,-0.070117846,0.17843987,-0.0025121921,-0.17346103,-0.28608638,0.03951512,-0.27826616,0.12653163,0.31515947,-0.23531958,-0.28202805,-0.15756315,0.00878878,-0.0065040323,0.10449423,0.028070262,0.09231861,-0.29278776,0.17522334,-0.4212838,0.16628686,-0.110715635,0.25473183,0.24451576,0.27460426,0.052498404,-0.041845508,-0.18212639,-0.08938947,-0.12917396,-0.43048462,0.035130657,0.23678592,-0.20666313,0.16104789,0.26123625,-0.05449785,0.40221387,0.16589297,-0.118851826,-0.008611918,-0.3973136,-0.025997724,-0.4403189,-0.26911667,0.0008310185,-0.34498212,-0.093175545,-0.009030596,-0.92516357,0.13889953,-0.41130093,0.017575724,-0.47824997,0.16835871,0.2845378,0.49872747,-0.5132604,-0.43072054,0.005902635,-0.55989486,-0.14469697,-0.32191005,-0.0191391,0.21262051,0.02313139,0.33558318,-0.19024196,-0.28489363,0.11425681,0.11501157,0.33005673,-0.3732362,-0.2313986,-0.49890602,-0.27654406,-0.7421376,-0.14010629,-0.19298725,0.18404749,-0.5173868,-0.28025642,0.05916203,0.33240846,0.0,0,0,0,0,0,0,0,0,0,0,0,0,0,1,1,0,0,0,0,0,0,0,0,0.0,0.0,0.0,0.0
0.13735744,0.31852317,0.35182324,0.03308212,-0.19539645,0.101313256,0.09219467,0.6377673,-0.2201772,-0.01318026,-0.011355652,-0.600212,-0.13456938,0.5280503,-0.20123498,0.6641921,-0.3036402,0.18514355,0.083732784,0.03240313,0.25170958,-0.055788785,-0.57312155,0.009290241,0.14010501,0.107206754,-0.05276455,-0.08525172,-0.27906537,0.072140485,0.5378529,0.20898683,-0.1842503,-0.17825612,-0.5083162,-0.30349937,-0.41553268,-0.10318545,-0.30263272,-0.0665735,-0.07756159,-0.37649608,0.24293788,-0.3909554,0.0012523327,-0.0051545817,-0.27477676,-0.26984313,0.00432219,-0.52482414,-0.44968992,-0.055738438,-0.32787055,-0.13357724,0.08163932,-0.051351532,0.09321408,-0.94280076,0.2118857,-0.25306755,-0.23735209,0.10968306,0.00081282173,-0.38835007,-0.029736266,-0.19809233,-0.15651712,0.2595857,-0.41501895,0.19297285,0.13095202,0.20149165,0.1965872,-0.36619902,0.09621388,0.16731007,0.01892304,0.3811523,-0.23164403,-0.13619809,-0.1270243,0.37419128,0.2327201,0.21410964,0.43640867,0.67729235,0.1804594,-0.17445552,-0.35060686,0.54304796,0.044566087,-0.21740964,-0.30002746,0.00080631266,0.8222618,-0.6037936,-0.111237906,-0.23079717,-0.052106824,-0.60565925,0.10934749,-0.8631644,0.10797561,-0.45903942,-0.18955457,0.11980933,-0.10394357,-0.1893605,0.17924,-0.34252027,0.04944715,0.24854682,0.028688882,-0.10362041,0.1395275,0.56268996,0.078315705,0.1614691,0.042939886,0.0859069,-0.25662044,-0.090402134,-0.024450667,0.09386496,0.29657602,0.09795131,0.3288218,-0.37781298,0.0004825939,0.21160583,0.31752947,0.33677515,0.59583414,-0.32356632,-0.09691237,-0.123504244,-0.26853034,-0.4054901,-0.12679185,-0.1806902,-0.05893187,0.04349812,0.08010837,0.09261824,0.2245546,-0.22381033,0.007715985,0.43832326,0.10641297,-0.25769484,-0.14180261,-0.19172852,-0.3980202,-0.3328746,0.024903437,-0.016225418,-0.3507763,-0.15356846,0.30138606,0.6275152,0.40922108,-0.12409285,-0.18543531,0.2713134,0.6317223,-0.17897028,0.38221186,-0.106693,-0.20264709,0.12053898,0.21683007,-0.23875418,0.64101315,-0.25273204,0.79687977,0.18854181,0.2131131,0.21488467,0.33880392,0.94549894,-0.598174,-0.33988175,0.16364402,0.19487076,0.4221768,-0.55231094,0.5406211,-0.583476,-0.07688399,0.5947182,-0.03845496,-0.11568268,0.41432393,-0.17286757,0.20208089,-0.038555063,-0.09953407,-0.39189267,0.65436727,0.18987069,-0.08849501,0.019328536,-0.057431467,-0.12884165,-0.5213419,0.6954665,0.09234947,0.17568666,-0.40989858,0.14133471,-0.095336676,0.622437,0.15683217,-0.27162078,0.46086082,0.022774912,0.5527921,-0.22912233,-0.2460954,-0.19921683,-0.14432254,-0.40943995,-0.30686182,0.081364796,0.05435702,0.69566095,0.4423735,-0.3126274,0.7478682,-0.4135652,-0.0183679,0.13721412,-0.13498545,-0.00732502,-0.0043176403,0.15561359,0.07361537,0.0216219,-0.21518025,0.24585721,-0.41184494,0.74292475,0.14585665,0.22435668,-0.0926906,0.5340444,-0.15940209,-0.4566732,-0.07248849,0.36882582,-0.39448437,-0.1699352,-0.18069543,-0.19759308,0.10464386,-0.1622273,-0.4061319,-0.087974735,-0.22097456,-0.15983652,0.08275939,-0.062647864,0.23903163,-0.063466586,-0.16065079,-0.023719698,0.0651884,0.367363,0.0048633753,0.27176055,-0.41073835,-0.08311832,0.2191131,0.14984158,0.006409772,-0.58941054,0.19471262,-0.04720622,0.13430361,-0.3379388,-0.4680925,0.32015032,-0.6218219,-0.2939143,-0.015866088,-0.3634801,0.20387006,-0.086174734,-0.25130165,-0.15341644,0.23518188,-0.0442866,0.011082876,-0.4449779,0.7017046,-0.33818513,0.30744514,0.36998236,-0.81950027,-0.09078812,-0.62786406,0.32959607,0.08586091,-0.010494009,-0.47899482,-0.16899662,-0.3747355,-0.47334537,-7.405266,-0.20861319,0.08216987,-0.25966159,0.30583003,-0.25148115,0.109503545,-0.05766045,-0.38906622,0.005421811,-0.16831945,-0.31472754,-0.072717704,-0.40741953,-0.21746558,-0.40666416,0.82914513,0.11728656,0.15363482,0.6433374,-0.5280558,-0.30116594,0.31576702,0.14987269,0.47425422,0.13772511,-0.007897563,0.055299092,-0.39410767,0.15393166,-0.35196656,-0.447984,-0.028218783,1.0625839,-0.5084415,-0.098580845,-0.15047526,-0.44816414,0.036586095,-0.20955905,0.36218524,-0.23910844,-0.10962154,-0.13293187,0.48543644,-0.81406176,-0.27197525,-0.2326995,0.06720883,0.03581908,-0.19485588,-0.67962086,0.29072532,-0.5108388,0.29105642,-0.25370798,0.15078294,0.75509125,-0.097294465,-0.26076245,0.4638026,-0.065669365,-0.3282781,0.24959603,-0.02336477,0.054966565,-0.54764044,-0.3005536,-0.4585292,-0.3793894,0.09900604,0.26009265,0.108026214,-1.5877975,-0.21911538,0.3140797,-0.061080735,0.023012565,0.15397012,-0.072580144,-0.63278,-0.8893676,0.111893155,0.16391383,-0.009307007,-0.469257,-0.3414635,-0.18769021,-0.013103364,0.2908074,0.17166682,0.22177017,-0.1769187,0.70901304,0.12167691,-0.19522841,0.5271487,0.06804139,-0.1530513,0.41768336,-0.038109902,0.15522076,0.6563648,0.7520796,0.011626591,0.10910082,-0.21613324,-0.15051615,0.2120206,-0.046597168,-0.06868471,-0.16534972,-0.5731416,-0.227254,-0.1255254,-0.12126102,-0.11752871,0.21912938,-0.17541307,-0.4431797,-0.04370555,0.4216155,-0.5375519,-0.241336,0.02382625,0.06455953,-0.10873128,0.088514626,-0.0932937,-0.17374048,0.20076191,-0.19404224,-0.00067448267,0.1664386,0.2071935,0.1857165,0.1836172,-0.13057025,-0.34696206,0.14906545,0.53449947,0.10744719,-0.29571575,-0.07452422,0.081619464,0.12558046,-0.010235393,0.29176533,-0.042272903,0.35499164,-0.25463837,-0.63533163,0.117351644,-0.23120558,0.3331441,0.2226817,0.13827886,-0.18428855,-0.25724414,-0.2254956,0.21431497,0.1018296,-0.14903015,0.36687836,0.37386146,-0.40244803,-0.0642392,0.21820891,0.12460887,0.040021528,0.18190973,0.61563605,-0.1772531,0.24098702,0.13107982,0.17961872,0.10899052,-0.084052086,-0.036187686,0.11847367,-0.040931318,-0.027266065,0.028360803,-0.39784673,0.2156215,-0.16540803,-0.106197685,0.15123141,0.12749587,0.18496947,-1.0885736,0.6233108,-0.32866246,-0.2105072,-0.35186467,-0.6333274,0.38456786,-0.3722098,-0.19644591,0.19088528,-0.22261788,0.08704012,-0.25480875,-0.030755326,-0.5756087,0.07497251,-0.10064787,0.42870808,0.17590593,0.21267803,0.4872465,-0.2527794,-0.10512301,-0.18053989,0.21177492,-0.35703105,-0.03450068,-0.36243412,-0.5632362,0.19684888,-0.4904309,-0.13342889,0.041844837,-0.04981133,-0.2480871,-0.5311442,-0.24702403,-0.10256692,-0.12472218,-0.40078282,0.16553831,-1.2263824,0.60923517,0.2671834,-0.6711434,-0.024260283,0.2829936,0.2827919,0.12611082,-0.16393425,-0.17691836,-0.716002,-0.4561382,-0.054821867,0.11309468,-0.11803072,-0.21975386,0.24285361,-0.29196748,-0.03865544,0.444138,-0.137129,-0.5209452,-0.06753201,0.09994474,-0.52713597,-0.4014678,0.23405379,-0.16958629,0.42075825,-0.18215351,0.19659209,0.19961447,0.3917246,-0.27955377,-0.2918393,0.5419602,0.16362453,-0.3517813,-0.21025763,-0.18416108,-0.1235222,0.03317538,-0.35227978,0.22680195,-0.39153588,-0.4007488,-0.55550474,0.36925152,-0.4155673,-0.23862371,-0.023187852,0.1989134,0.34737813,-0.02387938,-0.03752369,-0.13672929,0.41636387,0.14970577,0.459158,-0.08746633,0.50660855,-0.59026134,-0.033445995,0.29227751,-0.13241746,0.31385034,0.100578696,0.1129297,0.15164523,-0.28205943,-0.38290033,0.4178211,0.10892759,-0.66834074,0.00015368356,-0.024723066,0.29090554,-0.053193193,0.121684834,-0.2581987,-0.12029297,0.6123905,0.23641284,0.22660685,-0.14063884,0.08933927,-0.24462831,-0.1215933,0.37233678,-0.12631552,-0.3935204,0.23225412,-0.27986485,-0.05368242,0.14294499,-0.13438025,-0.09692605,0.37974718,0.8076164,-0.10967412,0.31649432,-0.10760993,0.06915459,0.24913362,-0.3121967,0.27582642,-0.17779094,0.21700627,0.30258197,-0.39088133,0.53645384,0.06823949,0.20777321,-0.15891635,-0.004733341,0.031122018,-0.2040753,0.18030986,-0.13654616,0.018458396,0.13266394,0.10539216,-0.42986462,0.619969,0.0026358077,-0.13160503,-0.03779337,-0.41526538,0.38648608,0.4188261,-0.10207432,-0.019412903,-0.31708926,0.19116221,-0.13903995,0.0389269,0.26931727,0.43029767,0.077869505,0.036041424,-0.15744299,0.48972085,0.211071,-0.5759069,0.06687232,0.33206528,-0.1857013,-0.21778367,-0.1784921,-0.0773926,0.09865275,-0.8006466,0.020310009,0.20500304,-0.20689592,0.13658766,0.047737233,-0.22090459,-0.009673682,-0.033831954,0.18020026,0.11330867,-0.01041055,0.23905957,-0.4719309,0.1860737,-0.13076417,0.4815478,0.05107507,-0.0757518,-0.024276473,0.18707909,0.10775228,-0.2086242,-0.16105047,-0.081219554,0.43502706,-0.15175574,-0.4857304,0.07953736,0.4149693,-0.19901256,0.30527937,-0.13123856,-0.20719853,0.19338718,-0.36423963,0.080074176,0.022531543,-0.34535986,-0.07403967,-0.38390803,0.15240382,-0.07188738,0.012740461,0.37250522,0.0022897997,-0.10968286,-0.2600574,-0.016938437,0.21105714,-0.24918722,-0.14453043,-0.46693918,-0.14451852,-0.08731541,-0.18500637,-0.29772225,-0.013879413,0.33247522,-0.057781868,0.022889538,-0.19873074,0.265626,0.5408238,0.24196981,0.066805966,-0.31968182,-0.44850138,-0.23869568,-0.0038819145,-0.50034446,-0.44148108,0.24904004,0.11891522,-0.12732822,-0.08878503,0.36485252,0.46140566,0.0,0,0,0,0,0,0,0,0,0,0,0,0,1,0,1,0,0,0,0,0,0,0,0,0.0,0.0,0.0,0.0
-0.033322774,-0.24782783,0.893891,-0.15809229,0.5732452,-0.23616457,-0.04680852,0.5363157,-0.23791742,-0.13920195,0.17165579,-0.299077,0.17910278,0.3632392,-0.20969498,0.42626137,0.010110608,0.21563393,-0.2219397,-0.032766577,0.28821865,-0.2957165,-0.050163575,-0.15404838,0.017760923,0.4290164,0.16258565,-0.14363481,-0.7273635,0.11992266,0.18015243,0.20910633,-0.24394369,-0.18871817,-0.12349892,-0.7272533,0.04256461,0.15895508,0.049218077,0.12783651,0.14273894,-0.17720544,0.43436855,0.10266652,-0.3645149,-0.2900111,0.10436113,-0.6998236,-0.15217453,-0.22257349,-0.56897956,0.038794234,-0.36072704,-0.67889917,0.09371659,0.3787729,0.37288302,-0.59786,-0.025049109,-0.0112765,0.52701503,-0.7150449,0.21656772,0.0642096,-0.34513757,-0.06401475,0.24357523,-0.2551109,-0.46194527,0.3689567,0.38330433,-0.20423923,0.47158632,-0.07137209,0.047281202,-0.057726894,-0.2379482,0.31163013,-0.21573508,-0.13234659,-0.32833385,0.1228548,0.44946992,0.1675203,0.47546056,0.3575644,0.08984265,0.07377233,-0.04376832,0.67389375,0.4219359,-0.12953033,-0.009917265,-0.14238137,0.5027742,-0.66763544,-0.5901294,-0.058117148,0.21369109,0.12642342,0.3937318,-0.339333,-0.006905006,-0.34628817,-0.048116814,0.062554486,-0.29348788,0.12419233,0.49671,0.120292254,0.027610995,-0.04042845,0.66188806,-0.3322509,0.06286264,0.038564302,-0.21720308,0.31785858,0.37472382,-0.01911,-0.3518388,0.026808592,0.3636273,0.17475653,0.5113085,0.37847382,-0.17411965,-0.28626916,0.30062234,0.534505,0.38292542,0.11274355,0.15944853,0.014343585,0.30015707,0.060253028,-0.05685115,-0.15578124,-0.062465377,-0.41567898,-0.09815183,0.1518903,0.28671184,0.1654455,0.13963221,-0.2302781,-0.014899977,-0.01700375,-0.37637338,0.58142054,-0.18234742,-0.2732712,-0.17098019,-0.16447476,-0.025288278,-0.3380354,-0.66935104,0.1120548,-0.07020065,0.29232904,0.18492848,0.31179702,0.045464545,-0.1347511,0.21854156,-0.32456407,-0.092430726,0.2531946,0.05450773,-0.030163469,0.095052764,-0.40458056,0.56011194,-0.008415622,0.31389308,-0.21117394,0.31271154,-0.21372786,0.064778276,0.4540211,-0.47015172,0.041716002,0.0033869764,-0.13591179,0.4635958,0.06850945,0.4828926,-0.51305425,0.597971,0.10072549,-0.113366574,-0.29028597,-0.07758097,-0.022961598,0.24154691,-0.42972893,-0.1706237,-0.4706266,0.6206186,-0.22580807,0.17174762,0.080921195,0.038450833,-0.30392084,-0.2077198,0.5361192,-0.12808867,0.01994212,-0.52838725,0.11036315,0.087085135,0.038206052,-0.21673101,0.05756283,-0.115055345,-0.28145635,0.23239468,-0.09990657,0.13207717,0.119904734,0.06023991,-0.4206245,-0.15478636,0.102260314,-0.42456666,1.013951,0.5300133,-0.4387256,0.65769696,0.10420453,-0.045184217,-0.43955094,0.51831454,-0.24963282,0.2793544,0.6066911,-0.2728859,-0.16765304,-0.0135544,0.3396271,-0.80162996,-0.054931294,0.460366,-0.15615793,-0.16535348,0.63684446,-0.16011374,-0.60474646,-0.4338883,-0.100674525,-0.0012661011,-0.081085965,-0.093453884,-0.4338848,-0.036940746,-0.23537081,0.038858794,-0.60985863,-0.26246625,-0.079449415,-0.099388056,0.0065246355,0.3984447,-0.0744374,0.061761927,-0.07514972,0.16505614,0.15516627,0.3176729,0.29879498,-0.21679999,0.18070675,0.13087885,0.6638352,0.0872546,-0.31043512,0.37138718,0.057176452,0.19267017,-0.50461423,-0.16560291,0.34363097,0.47908765,0.046978027,-0.09257061,-0.21217692,0.6567657,0.04661145,-0.22158158,-0.6054312,0.05357485,0.26981947,-0.42429885,-0.059864856,0.6389331,0.24153475,-0.42230883,0.36548823,-0.771444,-0.5737003,0.0040021427,0.02218933,-0.092038065,0.119799174,0.24797118,-0.16404764,-0.6630532,-0.3921058,-11.42782,-0.2071074,-0.2611105,-0.0017411825,0.020457616,-0.465665,0.1654471,0.010858,-0.43860665,-0.15574972,-0.18160452,-0.2818525,0.26581624,-0.61355245,-0.09077576,0.14188421,0.71086156,0.30553257,-0.42429525,0.19257043,-0.40253097,-0.5176177,0.61226153,-0.08576022,0.63709736,0.39362648,0.28550482,-0.1386139,-0.43870422,-0.3234045,-0.41685146,-0.0091479905,-0.022074873,0.6897744,0.19307297,0.049675222,0.2290156,-0.41972926,0.63009244,0.027636232,0.40974668,0.05319996,-0.19616514,0.09369941,0.50111943,-0.16470762,0.1662902,-0.03270411,0.08423176,-0.08330795,-0.13061425,-0.51777816,-0.14489052,-0.55664533,-0.18725672,-0.06755685,0.042613268,1.0486561,-0.45513898,-0.42915195,-0.12327896,-0.0045477487,-0.578346,0.33880904,-0.34567624,0.35736293,-0.51509625,-0.04970535,-0.20753302,-0.16739312,-0.034590676,-0.029098842,0.52078116,-1.6782037,-0.039905105,0.16093948,-0.18676595,0.43452245,-0.37107295,-0.17679888,-0.43859184,-0.8489984,0.06831727,-0.110964425,-0.44443676,-0.8337517,0.053206813,-0.17773327,-0.5109544,0.38627416,-0.051994804,0.09467192,0.2920288,0.31041995,0.08323069,-0.33124483,0.65939337,-0.76088876,0.22129357,0.15990706,-0.0070627914,0.4614619,0.4377612,-0.16609594,-0.26133063,0.32258794,-0.07699771,-0.048157126,-0.12012772,-0.15657085,0.2722376,-0.7264105,-0.26744822,0.18263869,-0.19423933,0.041421227,-0.12731634,-0.08680996,-0.42598233,-0.10564434,-0.59044737,0.29138583,-0.53025687,-0.6005968,-0.2592274,0.38163793,-0.5398634,-0.055928577,-0.5080672,0.115836,-0.20149092,-0.45227346,-0.039392587,-0.28965095,-0.13885133,0.085494,0.09694786,-0.3545414,-0.23812623,0.0865499,0.5790367,0.33391324,0.4302521,0.39395615,0.12989312,-0.058018293,0.0403465,-0.26897672,0.10080817,0.28710818,-0.29021278,-0.9789489,0.22129887,0.068090566,-0.09766171,0.2969208,0.26434934,-0.35984978,-0.30501077,-0.4733433,0.33959255,-0.111555606,-0.16798526,0.467943,-0.022664122,-0.0057917936,-0.049237475,0.16838573,0.16337346,-0.077055566,-0.029810438,0.62823194,-0.13271676,0.058387138,0.08671873,0.47783065,0.22413193,-0.3755815,0.10306144,0.41222274,0.2131778,0.24873872,0.09246126,-0.15531917,0.24635684,-0.013853643,0.064272135,0.3487234,0.46648538,0.52532446,-0.24534015,0.5306683,0.006450759,-0.10825589,0.20258489,-0.068849936,0.5007153,0.2527039,0.08972814,0.4505085,-0.15264592,0.023080261,-0.31867105,-0.012777536,-0.37634945,-0.22855566,0.55226344,0.25250193,0.22225893,0.25496998,0.027459469,-0.19223125,-0.19769743,-0.35259044,0.011776786,-0.036572523,-0.28331113,-0.26911834,-0.7391014,0.0438262,-0.3141676,0.059689153,-0.5536788,-0.0020089117,-0.16799091,-0.29310393,0.13521415,-0.27177602,-0.055216204,-0.1112753,0.454014,-1.5019244,0.12182062,-0.1445505,0.20676184,0.16234887,0.17079641,0.10908516,0.089054815,-0.3528822,-0.62655336,-0.73862267,-0.17803854,-0.6325967,-0.4343123,0.3832227,-0.5653591,0.030368684,-0.236137,0.385787,0.20496176,-0.73042846,0.052946113,-0.28250557,0.2494707,-0.6266891,-0.20201382,-0.120786354,0.013117776,0.78109056,-0.30716145,0.34929457,-0.02369175,-0.120325826,-0.12777388,-0.027241834,0.3951105,0.21642676,0.12419455,-0.63610405,-0.3465252,-0.28624505,0.13860099,0.016931344,0.26882413,-0.36507344,-0.48481438,-0.4594682,0.19017391,-0.13774168,-0.26078063,0.0129626,0.22708248,0.4160726,0.048797652,-0.3507516,-0.26890498,0.20881389,-0.038528863,0.18581077,0.28940907,0.24565533,-0.6439593,-0.10420527,-0.11474661,0.29464152,0.124387644,-0.66735786,0.24728352,0.45002213,0.1222444,-0.36106202,0.15693188,0.33187783,-0.102644205,0.43785325,-0.13878347,0.12740321,-0.10426258,-0.0768696,-0.47076398,-0.3459151,0.7265224,0.5127349,0.084120534,-0.5192914,-0.40230447,-0.027237639,-0.15417963,-0.074423425,0.31943083,0.24121891,0.7407929,-0.006951679,-0.2792713,0.25850338,-0.12469662,-0.3527252,0.052891973,0.24116412,-0.09925205,0.072568916,-0.1214977,-0.24506712,0.34805065,-0.21285744,-0.17533247,-0.1261145,-0.08779179,-0.022200098,0.033992212,0.20198388,-0.05600729,0.25299913,0.24535552,0.012663074,-0.14297432,-0.036298506,0.6185245,0.4457173,0.2816099,-0.13770479,0.018985055,0.07555509,0.19477502,-0.06462349,0.046429873,-0.07804458,-0.18780136,0.89217025,0.4251996,0.22216515,-0.09894648,-0.4227877,0.07884784,0.03326327,0.0059654526,-0.034474894,-0.20234904,0.04704182,0.35900813,0.022319935,0.09253127,0.44795078,-0.033728912,0.042028338,0.01183376,0.018120414,-0.3458511,0.29299158,-0.22928971,-0.22259554,-0.34552956,-0.14726141,0.4865988,-0.71374476,-0.39625344,-0.14047477,-0.10316545,-0.0590672,-0.13558358,0.30260438,-0.40647587,-0.021980412,0.23654068,-0.34418035,-0.09096713,0.19761597,0.20898813,0.042261876,0.12937972,-0.08503018,-0.32541087,-0.32154506,0.028626215,-0.17375712,-0.0954889,0.3709192,-0.30012095,-0.30747983,-0.05663541,0.6924378,0.04327636,0.50916445,0.19911627,0.26038504,0.20721519,-0.23571783,-0.6205971,-0.04101631,-0.28823426,-0.4683338,-0.04664183,-0.29224607,-0.053933755,-0.332991,-0.38545495,-0.113568366,0.094421215,-0.37677556,0.03383062,0.82396525,0.43875697,-0.10676278,-0.1294617,0.13035561,-0.25549906,-0.21060523,-0.023006378,0.47313732,-0.03284818,-0.17773397,-0.009490226,0.04852893,-0.0983263,0.6729873,0.124678716,-0.24286447,-0.6901606,-0.65814596,-0.36463365,-0.07122176,-0.21361683,-0.12841381,0.07371173,0.09544949,-0.57764494,-0.41733986,-0.0205063,-0.11240301,0.8,0,0,0,1,0,0,0,0,0,2,0,3,2,2,1,1,0,0,0,0,0,0,0,0.6,0.0,0.0,0.0
0.39811245,0.05675343,0.868427,0.13172898,0.5440294,-0.12638691,-0.025593167,0.748609,-0.55611014,-0.29047826,-0.104454234,-0.31303382,0.23259729,0.5372703,0.32615596,0.66133606,-0.2524044,0.6469477,-0.013500189,0.09676049,0.662996,0.115434304,-0.094800465,0.03510273,0.4592258,0.12904985,-0.023734083,-0.26322344,-0.64413375,0.01616713,0.3924848,0.25121918,0.32271263,-0.15785001,-0.44498727,-0.7650733,-0.24530266,-0.32956657,0.4487227,0.41957158,-0.114104845,-0.1626771,-0.040318657,0.18395296,-0.44657397,0.25621068,-0.20770386,-0.29296812,0.37887597,-0.28004307,-0.68688375,0.1912284,0.0014661986,-0.43101132,0.1047787,0.48258126,0.7195093,-0.38063896,-0.4470613,0.08308748,-0.31173295,-0.4282067,-0.027754147,-0.02475293,-0.30549237,-0.26726824,0.14439581,0.5771486,-1.2598721,0.054172408,0.25386685,-0.27136853,0.20176485,0.36964652,0.03498807,0.5249907,-0.26772124,0.8022791,0.16506363,-0.23193204,-0.004062306,0.29428348,0.5955011,0.35147727,0.5212614,0.17285757,0.20304094,-0.07956856,-0.5210201,0.6322563,-0.19449143,-0.030767959,0.07631847,0.039878603,0.6540325,-0.8468113,-0.6057806,-0.33343938,-0.3077662,0.26839688,0.3981781,-0.56941396,0.14477532,-0.19896193,-0.56164503,0.0012270967,-0.5210009,0.07988628,0.34137142,0.22333594,0.24207097,0.1828309,0.13828643,-0.6072915,0.22608343,0.27547872,-0.17372201,0.52029026,0.18615124,-0.21336174,-0.11660307,0.43966648,0.03277232,0.24319732,0.2194894,0.3255648,-0.1976493,-0.50031036,0.16560622,0.48737353,0.52566314,0.6702717,0.016884206,-0.28632042,0.29636163,0.08974606,-0.028189057,0.1370136,-0.05453745,-0.31367925,-0.2035094,-0.26560694,0.03866008,0.22062713,0.62326646,-0.38302186,-0.17533655,-0.3683844,-0.117724836,0.57422495,-0.35832405,0.13693088,-0.3677529,0.15116242,0.041251,-0.55870277,-0.12879544,-0.18315609,0.46414414,0.34624806,0.09592097,-0.10073366,0.026469441,-0.22906901,0.080945194,-0.20907056,0.20575823,0.18872342,0.0011079591,-0.21481979,-0.078124434,-0.8778328,0.12899871,0.17116807,0.5638675,0.58693415,0.29218015,-0.51266986,0.3158175,1.0080944,-0.43157288,-0.075967096,0.39134848,-0.26901957,0.13546748,-0.11248574,0.8357846,-0.2846459,0.73652804,0.19592708,-0.64626473,-0.33674023,-0.00094448595,-0.090813935,0.6950514,-0.47681862,0.09188822,-0.1083778,0.41884527,-0.27275434,0.16732453,0.24745892,-0.14684594,-0.31100333,-0.8397046,0.34340194,-0.18009384,-0.3141715,-0.8108689,0.09712706,-0.30320373,0.50014204,-0.087615415,0.11499003,-0.14440078,0.08047489,0.04350236,-0.46461934,0.053152982,0.5108179,-0.26949042,-0.5256471,0.0006654975,-0.1996857,-0.36246493,1.2714028,0.42918202,-0.53162986,0.5454402,0.20372501,0.15864025,0.10150008,-0.021763435,-0.44953492,0.25804803,0.4057901,-0.21661043,-0.65481657,0.1629813,0.03876449,-0.36408427,0.60418296,0.5643415,0.039344598,-0.23892146,0.034324095,0.0302542,-0.4937621,-0.10824847,-0.08500745,-0.027996307,-0.05805914,-0.42779395,-0.23519407,-0.21980074,-0.13188854,0.10155463,-0.18874747,-0.2824721,0.6217849,0.5262061,0.046197996,0.1623634,0.049117535,0.50530106,-0.41514304,-0.10910416,0.087292664,0.49017745,0.26592186,-0.33388957,-0.29142696,0.18910015,0.63960284,0.13361724,-0.580132,0.28918752,-0.115801916,0.30631417,-0.037568673,0.09330754,0.5729407,-0.15033683,-0.25915337,-0.08328238,-0.44430792,0.4630468,0.21392746,-0.13603432,-0.039339438,-0.18314943,-0.09284505,-0.093532145,-0.24350521,0.9008193,0.6068794,0.12714475,0.12977524,-0.7885134,-0.3261149,-0.16118082,-0.008189439,0.04236477,-0.018559705,-0.03205597,-0.22430082,-0.5744743,-0.26669472,-10.079384,-0.26389092,-0.3090046,-0.37348634,-0.045799848,-0.6142828,-0.23150669,0.07042268,-0.1747767,-0.12276262,-0.01237148,-0.08167846,0.21209355,-0.30912727,-0.52834475,0.1832828,0.8988299,0.47908127,-0.71675754,0.2517056,-0.62291706,-0.11712455,0.5598526,0.22245291,0.5893936,0.14691362,0.009071583,-0.16712394,-0.031162687,-0.13815701,-0.16171572,0.1929127,-0.05305972,1.0686108,-0.26854172,-0.16278854,0.2337724,-0.51836514,-0.18514366,-0.30968472,0.0927619,0.046079345,-0.2931647,0.39623258,0.9779154,-0.56180817,-0.21709722,0.31077176,-0.007490906,0.14331588,-0.3721559,-0.21348898,-0.15379646,-0.7154587,-0.22058317,0.119787045,-0.090845935,0.88321036,-0.0014721202,-0.13629834,0.47848007,-0.23083885,-0.26336357,-0.05579258,-0.25999907,-0.4203885,-0.86678344,-0.46190488,-0.34862515,-0.2301537,-0.2829066,0.40086123,-0.09545463,-1.1944096,-0.35771808,-0.14105237,0.37680027,0.10541644,-0.14231552,-0.4938864,-1.2803825,0.07414674,0.12006682,-0.29618573,-0.56938446,-0.62749666,-0.11887449,-0.6895676,-0.42332503,0.33577,-0.006057769,-0.10702218,0.419976,0.2575938,-0.1645897,-0.12800772,0.6030827,-0.2778984,0.0130249895,0.40093765,0.3098117,0.38659382,0.63029313,-0.38779095,-0.1392998,0.16812967,-0.39336684,0.09397977,0.040028714,-0.3219998,-0.3450459,0.0837647,-0.4999508,-0.21551767,-0.6810295,-0.18952954,-0.0077267103,0.2818681,-0.19801714,-0.532483,-0.34439167,0.43484196,-0.5237869,-0.7255494,-0.013117894,0.09116942,0.11442565,-0.0028208534,0.0047528883,-0.30312726,-0.15174197,-0.24971607,-0.13004276,-0.4128505,-0.07438809,-0.4324196,0.047537856,-0.22418438,-0.3831129,0.3600047,0.4152472,0.39620113,0.05531828,0.058316942,0.38484505,-0.054910257,0.18715496,0.12302914,-0.010261224,0.39050496,-0.79833573,-0.8873078,0.07284508,-0.17353006,0.30691192,-0.276469,0.63819975,-0.23547882,-0.6564409,-0.6710688,0.15846872,0.008724929,-0.073109195,0.2462284,0.1702261,-0.28118992,0.20243426,0.37553683,0.2101062,-0.64310354,-0.13288486,0.60904163,0.35611805,0.32691216,-0.14385608,0.34236163,0.73565066,-0.4441571,-0.4555682,0.37417185,0.1665845,0.5175738,0.10407904,0.00038900308,0.37048644,-0.21473794,0.46351215,0.5052574,0.57638824,0.48332256,-0.5856784,0.4449376,-0.04362137,-0.6839534,0.32402134,-0.47404507,0.7916846,-0.22871403,-0.11274151,0.33256257,-0.5513612,0.2029879,-0.7306567,0.17547375,-0.21742989,0.1366421,0.29948607,0.27691954,0.823631,0.27011642,0.09282504,-0.300953,-0.44692382,-0.46412703,0.44420388,-0.17395757,-0.18003124,-0.5822338,-0.49432957,0.11609534,-0.22441846,-0.0035790708,0.17796066,0.007633897,-0.18117027,0.3750907,0.08653853,-0.10605147,0.04133749,-0.26293227,0.18770736,-2.0608063,0.18092138,-0.061826054,-0.10463065,-0.12050963,-0.26653397,0.13981773,-0.033478636,-0.14016362,-0.3528272,-0.6452347,-0.23268381,-0.82543105,0.03364234,0.18344602,-0.56918466,-0.023787536,-0.30335477,-0.05576277,0.38841212,-0.32156548,-0.14848891,-0.31958136,0.3424279,-0.5431323,-0.31788188,-0.028322695,-0.3027767,0.28931218,-0.39356446,-0.11790159,0.07889031,0.34972814,0.16230789,0.15754022,0.06192374,0.24018492,-0.09185826,-0.7096254,-0.53064257,-0.15466422,-0.057437047,0.40792325,-0.11086699,-0.51279426,-0.6183466,-0.22216608,0.06949627,-0.36274043,-0.5860327,-0.24351543,0.2713305,-0.050391577,0.19374393,-0.34838638,-0.35042217,0.39558136,-0.08108997,0.15270872,0.054691967,0.49753997,-0.35076168,0.06297131,-0.19263096,0.36848256,0.58313006,-0.115538746,-0.012546331,0.0361234,-0.29096934,-0.39920592,0.59935594,0.17534555,0.13843657,0.0113940425,-0.17103666,-0.18661048,-0.09741007,-0.70036733,-0.6444413,-0.16162963,0.7256416,0.82682455,-0.19888324,-0.41543952,-0.6728108,-0.1544007,-0.25505477,0.08487912,-0.49402976,0.25694135,0.86676335,0.087239444,-0.075681165,0.21637413,-0.029270528,-0.1241128,0.19079043,-0.1249159,-0.46742126,-0.0021355867,0.075012185,0.32234347,-0.099050045,-0.48213333,-0.35839745,-0.24318478,-0.61286676,0.17101873,0.241788,0.28167123,-0.3965564,0.03664861,-0.11481854,0.10876884,-0.24556768,0.41813836,0.14587672,0.22209732,-0.073792055,0.21969743,-0.05157564,0.29219806,0.2155594,-0.04873747,0.31227574,-0.10219856,0.40801564,0.6601609,-0.0015363779,0.39046815,0.32168907,-0.37341267,-0.15251108,0.25305593,0.09606105,0.113296434,0.28159854,0.37556162,0.092035286,-0.2757586,0.35166836,-0.072908886,-0.2325451,0.28886813,0.0314865,-0.05785945,-0.25326413,-0.21143132,-0.4063751,0.077157825,-0.2128283,-0.09618299,0.5227588,-0.46090627,0.16719803,0.34240663,-0.37129956,-0.26068106,0.06749989,0.19855002,0.095457375,-0.03163885,0.15667318,-0.21210839,-0.17797066,0.27624166,0.30915192,0.08295992,-0.09019819,-0.5193718,-0.280865,-0.3501312,0.13825502,-0.3508072,-0.33217973,0.32771876,-0.4923827,0.0381836,0.27264094,-0.063650504,-0.014748855,0.20485161,-0.07216519,0.06648676,0.37049088,-0.21708927,-0.46824712,0.19592224,-0.18030168,-0.201456,-0.23253316,-0.019662261,0.31868535,-0.20726812,-0.2732609,0.067980796,-0.06806001,-0.17448029,-0.39279717,0.52043045,0.45130536,-0.07101331,-0.8128918,-0.15925497,-0.026408482,0.11493714,-0.08896208,0.37048802,-0.11780746,0.11383383,0.2066784,-0.06357537,-0.12771407,0.3140604,0.41357037,-0.21963215,-0.48377278,-0.7199701,-0.1572355,-0.2685093,-0.38753483,-0.3240999,0.39020774,0.27785882,-0.28468278,-0.67550033,0.5118457,0.15912749,0.0,0,0,1,0,0,0,0,0,0,0,0,0,0,0,1,0,0,0,0,0,0,0,0,0.0,0.0,0.0,0.0
0.41735202,0.06838336,0.74934554,0.13718556,0.45554292,-0.30652773,-0.19612974,0.4595547,-0.31855753,-0.47176018,-0.090146646,-0.12743302,0.0968163,0.37047622,0.4611278,0.5231739,-0.36358112,0.42326012,0.17409442,0.010317857,0.77015424,-0.052041695,-0.00024016887,-0.11620623,0.1843739,0.018370321,0.07216327,-0.31186086,-0.5123955,0.092725955,0.04206894,0.42569518,0.049431175,0.07990127,-0.41060233,-0.2730664,-0.41930744,-0.10452057,0.50927275,0.37577453,-0.21279392,-0.3776187,0.3796316,0.12652317,-0.5644536,0.19254585,-0.06295169,-0.1944026,0.3165194,-0.32570848,-0.6338442,0.26749894,0.075748,-0.5971341,0.08080741,0.52060676,0.78065825,-0.50933063,-0.5100037,0.137232,-0.13374166,-0.3555885,-0.030726671,0.036612004,-0.23388562,-0.33143795,-0.0243783,0.5196078,-1.1346288,0.017590482,0.07084275,0.19045705,-0.07660992,0.37583613,-0.34955692,-0.057464525,-0.29037383,0.7905011,0.29042637,-0.318538,0.14614703,0.13006505,0.7466894,0.28558528,0.39717752,0.36675,0.16529088,-0.08063801,-0.83852476,0.831001,-0.034702376,0.19448559,0.009783175,0.12393031,0.463714,-0.725177,-0.49420306,-0.50329006,-0.44668704,-0.069423765,0.6346894,-0.41961354,-0.03941573,-0.39417267,-0.31328735,0.028067328,-0.44519293,-0.3433387,0.1727634,0.101288706,0.0018625217,0.22635105,0.3020404,-0.4207149,0.123131044,0.032830924,-0.3408388,0.77634925,0.491733,-0.31701568,-0.053840682,0.4976687,0.0922165,0.25424647,0.359789,0.2599314,-0.26208475,-0.39085552,0.15192099,0.41357955,0.40160698,0.37659132,-0.12744938,-0.4549517,0.10594706,-0.12690334,-0.22353439,0.04630942,0.07136616,-0.07567525,-0.023831017,-0.46923715,0.120563895,-0.10457963,0.42267027,-0.19424261,-0.052149102,-0.39063764,-0.3574432,0.37379616,-0.48497254,-0.10829483,-0.30939493,0.118188895,0.30003932,-0.32850972,-0.30614442,-0.09124838,0.402653,0.15279433,-0.1279269,0.26357102,-0.0067225304,-0.09936196,-0.121325485,0.0475503,0.1896635,-0.06393518,-0.14953856,0.105742455,0.08111706,-0.52810746,0.38856208,0.24107,0.43410984,0.46979323,0.17137748,-0.4685869,-0.12592724,0.8298669,-0.42475182,-0.48433307,0.5433907,-0.33559403,0.23079108,-0.26583132,0.604356,-0.3754784,0.84672564,0.124675214,-0.33148193,-0.062867716,0.11107438,-0.19961868,0.51190484,-0.3398007,0.15820588,-0.045301996,0.16439757,-0.4187773,0.15532093,0.12778568,0.17997055,-0.31765243,-0.65682083,0.3718598,-0.20826305,-0.24482985,-0.74210876,-0.23090307,-0.16006736,0.45745793,-0.27336472,0.07626189,-0.07786868,0.1801277,0.028249169,0.060711805,0.17832738,0.2580711,0.03712587,-0.50987273,0.048652764,-0.08825933,-0.2096148,1.2963758,0.2763741,-0.68241954,0.24812146,0.07385187,-0.12550619,0.08864027,0.34036842,-0.43561372,0.4298782,0.20326963,-0.29401752,-0.3444433,-0.17888916,0.04440888,-0.2694293,0.1849977,0.2684375,0.22262445,-0.37620527,0.051958065,0.28023958,-0.15285484,-0.28156564,-0.13079272,-0.048831943,-0.09520994,-0.39210427,-0.14133726,-0.04455562,-0.2705661,0.11587271,-0.4232344,-0.41933337,0.14391077,0.5125747,-0.081332296,0.06516947,0.07140705,0.5169598,-0.52191824,0.043250646,-0.1868521,0.55826163,0.2941038,-0.1594311,0.040916786,0.24212182,0.904855,0.13413972,-0.6808415,0.15863866,0.16998184,0.25775173,0.059979264,0.012122287,0.5780542,0.102465175,-0.11566161,-0.107366964,-0.48273063,0.4015327,0.22845478,-0.04691989,0.20806646,-0.2979921,-0.07498768,-0.26678848,-0.3731209,0.84828025,0.37053862,-0.05473195,0.18682426,-0.64426476,0.121389955,-0.10918689,0.34069732,0.09006867,-0.4531538,-0.20422678,0.31049028,-0.5333264,-0.22659719,-11.553832,-0.43367016,-0.02993392,-0.44922,-0.14221121,-0.26251733,0.22628579,0.06967659,-0.19772708,-0.19406296,-0.023132937,-0.030146439,-0.17343226,-0.19514178,-0.34034976,0.28286952,0.7038932,0.35875553,-0.3823279,0.51032615,-0.49663985,0.06435766,0.21329455,0.23055504,0.52881324,-0.19581372,-0.37813243,0.045371816,-0.086379625,-0.24583007,-0.10701608,0.31964633,-0.15975882,1.0938412,-0.21893214,-0.2924696,0.2607261,-0.3963505,-0.3500744,-0.29869294,0.1565039,-0.02124072,-0.52637863,0.07818737,0.8140825,-0.6128342,-0.27789474,0.47381145,0.017704584,-0.15140443,-0.16200632,-0.2285816,-0.21804795,-0.5965439,-0.15281586,0.13624834,-0.06230472,1.0867095,-0.19610439,-0.13962917,0.6903804,-0.1514765,-0.044853523,-0.17202112,-0.24893637,-0.24960345,-0.8405677,-0.200133,-0.53903586,-0.12613651,-0.20859975,0.22532749,-0.026768677,-1.2177914,-0.010729802,-0.1252382,0.39624694,0.23510659,-0.22232538,-0.31361884,-0.9644959,-0.33353624,-0.020653106,-0.118956596,-0.2674466,-0.7366004,-0.00806864,-0.74487543,-0.51768494,0.24208185,-0.082709014,-0.20655607,0.44125068,0.07428964,0.29344213,-0.12638748,0.42014366,0.04234649,0.048517607,0.36193863,0.24506412,-0.076692894,0.40049195,-0.41638747,-0.47002456,0.27278593,-0.07410142,0.369803,0.10178553,-0.23663317,0.08284389,0.2608601,-0.38209516,-0.16638336,-0.19696331,-0.11469564,-0.021239884,0.47207612,-0.27875665,-0.2835294,-0.4869947,0.018458307,-0.617849,-0.5623487,0.21887934,0.095396996,0.0038351875,-0.30343577,-0.18994145,-0.35876217,0.10376075,0.08230732,-0.057199173,-0.30159062,0.13136515,-0.3318432,0.043685745,-0.4921664,-0.28530812,0.00038770138,0.32793438,0.16515604,0.08869722,-0.054803833,0.07080564,0.18257804,0.27839538,0.34035304,0.19833265,0.2892205,-0.6056425,-0.848423,0.06273878,0.02199898,0.16957854,-0.10444225,0.65849096,-0.12353243,-0.5267506,-0.70483315,0.4791656,0.044767994,-0.45080677,0.10100937,-0.10193674,-0.08067031,0.11673691,0.281925,0.00097041123,-0.6652962,-0.03388471,0.49567086,0.04645791,-0.10291168,-0.07691807,0.0048153247,0.41109094,-0.09023496,-0.15682413,0.7773514,0.11674449,0.6415316,-0.008808307,-0.18839554,0.46348053,0.1342423,0.25202674,0.5642813,0.4499014,0.7181017,-0.7929018,0.70832247,0.10178835,-0.7499994,0.26011145,-0.41727337,0.73707986,-0.0016951956,-0.15906808,0.10301024,-0.59376657,-0.0013710019,-0.8150406,0.104299575,-0.04818385,-0.0052963924,0.16028136,0.4161081,0.8074624,0.09845014,-0.10568454,-0.52895325,-0.47038585,-0.41042504,0.39999297,-0.21144596,-0.26023704,-0.7350428,-0.65466386,0.24361572,-0.30688563,0.014710059,0.062911965,0.021108473,-0.29257825,-0.06820121,0.11497913,-0.3024758,0.008774511,-0.11530521,0.13477214,-1.8099605,0.28887334,0.30238906,-0.089222096,-0.0472896,-0.40035453,0.15120788,0.17274423,-0.0162575,-0.48643538,-0.5766348,-0.21526267,-0.722053,-0.018825103,0.040878735,-0.422583,0.40368378,0.036059726,-0.2478282,0.4434447,-0.40700758,-0.2537733,-0.3460226,0.2922374,-0.39005998,0.0017719739,-0.3974687,-0.3127984,0.0921136,-0.22664495,0.23782724,-0.018427672,0.052248105,0.18463078,0.17966014,0.045701515,-0.18643844,0.15182152,-0.7383938,-0.4243439,0.1379279,0.14017914,0.36307004,-0.20992483,-0.29548675,-0.3607522,-0.25159442,-0.074189216,-0.29751495,-0.5073279,-0.076503284,0.22971731,0.21687485,0.29268986,-0.35235655,-0.23320353,0.023124447,0.10423036,0.06261652,0.3509785,0.63796806,-0.54596317,0.08863494,-0.034121748,0.4842961,0.33565646,-0.39353234,0.03297389,0.08697473,0.01567809,-0.12878805,0.7073945,0.15488023,0.21011652,0.27276263,0.006012655,0.016510282,-0.35888872,-0.51438946,-0.76291037,-0.33085087,0.50606513,0.65332687,-0.3788303,-0.32384998,-0.5781474,-0.13499704,0.040285796,0.0675092,-0.35355458,0.384738,0.5484035,-0.22287796,0.121784255,0.11884433,0.078041464,-0.15432224,0.4470258,0.16663179,-0.4338547,0.2821713,-0.0150745325,0.4969505,0.22377558,-0.46914423,-0.19426706,0.003551773,-0.2247523,0.13880697,0.4650063,0.30947798,-0.27706817,-0.02303121,-0.042191677,0.105351575,-0.50617903,0.40790132,0.10088723,0.30806142,-0.053129416,0.04029776,0.19340087,0.11597658,0.46901712,-0.035407387,0.0035815751,0.14372267,0.13702781,0.27347216,0.055629462,0.48918632,0.2960058,-0.4826175,-0.17447738,0.041196465,0.14046086,0.48024383,0.11138977,0.253826,0.067114905,0.010732245,0.22887035,-0.09313688,-0.37487128,0.051197376,-0.1232155,-0.2095821,-0.047197443,0.088710696,-0.34577966,0.067183316,-0.2878447,0.1433855,0.34324032,-0.424422,-0.23359415,0.17551307,-0.37017578,-0.36106914,-0.10212424,0.43346196,0.23036581,-0.08700636,0.12935957,-0.29805768,0.1692659,0.20365843,0.06607975,0.3887433,0.18234377,-0.13472363,-0.3220769,-0.012622089,0.05504891,-0.25835967,-0.49955127,0.0711708,-0.5314216,0.23543932,0.10881493,-0.114123404,-0.02036231,0.51183516,-0.24754386,0.033719588,0.4440809,-0.20377547,-0.24984941,-0.10118541,-0.3012508,-0.24445641,-0.05844884,0.093281396,0.12408321,-0.07842041,-0.4938071,-0.035777148,0.040356804,-0.046383336,-0.5445321,0.4519855,0.45130023,-0.019464033,-0.98817354,-0.31981346,0.14598106,0.31380826,-0.0069775437,0.3118743,-0.09094418,0.23711914,0.16367072,-0.34277257,-0.107181616,0.10789739,0.27831212,-0.12675807,-0.5569853,-0.44108754,-0.43301296,-0.08955246,-0.32286245,-0.3729153,0.29733175,0.11988639,-0.23048198,-0.44097856,0.07868783,0.09291133,0.0,0,0,1,0,0,0,0,0,0,0,0,0,0,0,0,0,0,0,0,0,0,0,0,0.0,0.0,0.0,0.0
-0.15398538,-0.5590001,0.59375477,0.058118653,-0.14517994,-0.319326,-0.36215958,0.9145543,-0.27912956,-0.33126873,0.35443294,-0.19286732,0.15646034,0.18621376,-0.1661344,0.3615576,0.01287109,-0.11456034,0.1178374,0.29046717,-0.10410456,0.04450568,0.0940578,0.38820702,0.0887265,-0.23229912,-0.36768895,-0.08400522,-0.17138271,0.27672473,0.14190833,0.34725434,0.14816047,-0.028466776,0.21015333,-0.5507093,-0.03847057,0.19541994,-0.019211574,0.2600188,-0.5541323,-0.3463492,0.28758922,0.23180191,-0.35537568,0.08117094,-0.10905864,-0.3191368,0.34205624,-0.18032144,-0.2437037,-0.14247154,-0.37260604,-0.21947393,0.28850472,0.4144893,-0.40506208,-0.5403991,-0.30454785,0.2311956,-0.37341446,-0.19005488,-0.17153487,-0.6214156,-0.14698175,-0.031038795,-0.29106665,-0.05898572,-0.3878661,0.38432094,-0.20114388,-0.11883454,0.1104663,0.06516081,-0.29813272,-0.16382742,-0.3870895,0.46397153,-0.116839916,0.06697461,0.16997533,0.4317799,0.08544531,0.10046378,0.3419838,0.31230274,-0.0631472,-0.2596806,-0.35680953,0.4474291,-0.2702408,-0.042785645,-0.16617148,-0.051280066,0.56440634,-0.7866679,-0.13600484,-0.18293186,-0.62826616,-0.17694916,0.27484795,0.0703415,0.30104977,-0.20090023,0.37857243,0.12445616,0.013163116,0.009197105,0.37458843,-0.28276384,0.34374824,0.07496312,-0.12206007,-0.2730615,-0.024321813,0.23254324,-0.08100718,-0.36438414,0.13269094,-0.5359307,-0.0013194889,0.15327002,-0.19793811,0.012810506,-0.317354,-0.12679759,0.284125,-0.0060980427,-0.11051462,-0.64650434,0.19520475,0.16328855,0.18866333,-0.6515576,0.4479314,0.5234181,0.21491688,0.02653361,-0.2001159,-0.049493313,-0.025474496,-0.03621708,0.77168626,0.0948656,0.34939897,-0.21486332,0.05777846,-0.119633004,-0.23163538,-0.2034846,-0.51961005,0.329419,-0.3316528,-0.16223034,-0.04503055,-0.42384538,-0.25812903,0.16125977,0.53418636,0.6555909,-0.03451014,-0.15181121,-0.055565543,0.14659205,0.025918568,0.25592288,-0.018899754,-0.43082508,0.13869897,0.052906293,0.22452171,-0.07423839,0.40677604,0.049388256,0.6083553,-0.13098302,-0.08612288,0.22885665,-0.06294699,0.625907,-0.6032454,-0.38244683,0.23360428,-0.13731064,0.5103859,-0.523696,0.1923318,-0.1731468,0.18389389,0.33997118,-0.02334417,0.054117575,0.6305616,-0.14029954,0.019001678,-0.23138344,-0.082059115,-0.08807304,-0.081445456,-0.38561225,-0.01351301,-0.05931314,-0.06417522,-0.05569714,0.082199715,0.31431782,-0.17226705,-0.13508375,-0.05818584,-0.46152714,0.057857193,0.3954911,-0.25454915,-0.047490735,0.2078277,0.18141733,-0.05480138,-0.19135556,-0.38219315,0.026717363,0.2849222,0.07548707,-0.3349573,0.30449033,0.14821889,0.6369302,-0.102175005,-0.34200633,0.39890206,0.4731899,-0.21306296,-0.5290697,0.1887559,-0.25888672,0.13664162,-0.114843175,-0.52654076,-0.5170682,0.17795666,-0.30284396,-0.31337366,0.08354715,0.10342237,0.40939036,0.0587243,0.21474445,0.026806593,-0.35263896,-0.23726696,-0.18542814,-0.19893004,-0.2703617,-0.0007655114,-0.1391936,-0.44646525,0.039839264,-0.23984414,-0.023448538,0.0526177,-0.044403378,0.50077087,-0.33672392,0.2399993,-0.17137523,-0.31097546,0.006299367,0.47418976,0.020187998,0.35962903,0.29209706,0.05170331,-0.09860777,0.5214932,0.48147205,-0.14972657,-0.2181741,-0.02121103,0.078395724,-0.04776231,-0.36106357,0.3267855,0.5498946,-0.33599892,-0.08813401,-0.4225261,0.15021116,0.20294304,0.030871017,0.110214345,-0.29077137,-0.3056855,-0.21420307,-0.28729048,0.06395906,0.9021342,0.13977796,-0.13717422,-0.046378594,-0.08974936,-0.27689007,-0.14012279,0.14768568,0.30287132,0.10967796,-0.17868358,-0.01725857,0.02967637,-0.48724824,-8.487838,-0.80213773,-0.12039371,-0.10153446,0.3348235,-0.2686493,-0.0781865,0.3219386,0.082279116,-0.041901436,0.06402774,0.0020514952,-0.213507,-0.18147671,0.059089016,0.1199418,0.3241128,-0.26736316,0.15605395,0.33375198,0.116021246,-0.3042534,0.05374926,-0.086205095,0.31824216,0.0063560605,-0.28466323,0.22045907,0.18554829,0.020283267,-0.12119462,0.099843115,0.077628456,0.68429816,0.042626478,0.108358085,-0.40923205,-0.26608136,-0.3698435,0.025188606,0.22694942,-0.12586378,0.05284045,-0.4097774,0.83078176,-0.41686493,0.034600027,0.12945087,0.30381095,-0.040968247,-0.123803996,0.14197324,0.1395094,-0.59644485,0.062249113,0.06870087,0.210612,0.922185,-0.23448479,-0.44607764,0.039098617,-0.08489918,-0.18357252,0.0016558868,-0.020025577,-0.38848922,-0.6496658,-0.178046,-0.19708744,-0.3340883,0.048880834,0.5160045,-0.13690737,-1.5204431,-0.2859815,-0.46650645,0.2689165,0.16856961,-0.022860102,0.044867106,-0.5420508,-0.42056316,0.36543176,0.047132872,-0.17335576,-0.31622958,0.19933072,-0.13566509,-0.607333,-0.15526739,-0.17933698,0.15340403,0.33423847,0.13049543,0.32572865,-0.27126446,0.20170349,-0.048227224,-0.26461,0.2630244,0.24240932,0.43000016,-0.12269119,0.279846,-0.07534912,-0.3116328,0.18121283,-0.18621878,0.19158934,0.10390108,0.1804334,-0.33382756,-0.03518823,-0.026588416,0.14493763,-0.098501295,0.122219905,0.0036784834,-0.08155999,-0.10198307,0.14646597,0.5323397,-0.52282256,0.3119609,-0.100560024,0.110904105,-0.4054913,0.26206493,-0.44010276,-0.20531777,-0.00866184,0.48655975,-0.33823436,0.16132782,0.1918309,0.090228535,-0.065939166,-0.34265706,0.23957619,0.030651065,0.21422666,0.5814952,0.3349131,-0.12689091,-0.028451426,0.20309673,0.25453076,0.49305013,0.19556428,0.0041213874,-0.23831415,0.16499205,-0.22656816,-0.10921716,-0.18396625,-0.0027862773,0.34964988,-0.32894284,0.008151221,-0.57646203,-0.024475414,0.025449827,0.004091584,0.25673592,0.48172435,0.097840376,0.068668574,0.085748635,-0.062385548,-0.72491324,-0.28772044,0.506605,0.14843482,-0.32820523,0.27915657,0.040035848,0.34700254,-0.0011709168,-0.09417954,0.19821304,0.28239787,-0.44042695,-0.02052032,-0.15990186,0.4772293,0.17968963,-0.093288295,0.0042926813,-0.018525628,0.19709326,-0.60585886,-0.06234232,-0.07512412,-0.75305974,-0.30359352,-0.7176146,0.23183714,-0.2362466,-0.2893676,0.11079285,-0.12365112,0.008195217,-0.52568454,0.1154648,-0.24820922,0.29288727,-0.045490537,0.27288088,0.3019383,0.19874798,-0.04334393,-0.19480494,0.12071798,-0.12568842,0.0012710857,-0.13610817,-0.09055267,0.0019804114,-1.0145485,0.402057,-0.09309834,-0.09521528,-0.071073934,-0.11946505,-0.56141746,-0.07440549,-0.0004448062,-0.11052706,-0.5100365,-0.47055504,-0.4815919,-1.1905864,0.2610393,0.30824664,-0.32404554,0.08808934,0.01209503,0.009800917,-0.38399592,0.24162464,-0.3938369,-0.45606652,-0.11914218,-0.3847763,-0.67036605,-0.013961884,-0.11650315,0.6051157,-0.23707849,-0.23377961,0.32133836,-0.10875493,-0.23963116,-0.35792664,-0.051744476,-0.36969414,-0.18006559,0.12593737,-0.4167391,0.14659578,-0.20399053,-0.14226206,0.2746329,0.28540322,-0.0029229305,-0.12512003,-0.33132598,0.25462562,-0.07792015,-0.52294916,-0.24821047,0.22919732,-0.027966475,-0.13939619,0.07708196,-0.3345485,-0.15451132,-0.61624765,0.057838254,-0.17881624,0.12959209,0.362915,0.020828698,0.07591093,0.26480797,-0.31573632,-0.23665366,0.38518718,0.17879444,0.06665685,0.06440004,0.25201857,-0.4827462,0.41692257,0.15482104,0.15418226,0.7422952,-0.5871594,-0.012885989,0.3086117,-0.08219817,0.20543535,0.37890437,0.24407643,-0.21385363,0.26854852,-0.22924581,0.0056428914,-0.025970222,-0.09891739,-0.22542144,-0.14356947,0.6514313,0.53382295,-0.260423,-0.12873729,-0.1910935,-0.18383592,-0.45451954,-0.059835963,-0.15695888,-0.08620093,0.1286848,-0.3374641,-0.13779692,0.36514422,0.09333463,-0.29822505,-0.029620692,0.35271144,-0.5910572,0.45572686,-0.38145125,-0.2259348,-0.24372621,-0.19478339,0.18144171,0.058800377,0.26877916,0.44107333,-0.11600388,0.4377195,0.4655877,0.2026025,0.13895108,-0.13927971,-0.36618364,0.541609,0.55470294,0.16227332,-0.16410567,-0.13061994,0.029911986,-0.1900089,0.57915705,0.15651987,-0.11862948,0.49033433,0.18721043,0.50106734,0.23128214,0.11605854,0.22353037,-0.68630785,-0.1446407,-0.23929566,0.11895108,0.0702821,0.0047672587,-0.3023567,0.12487228,0.07217339,0.507137,-0.21952651,0.22666088,0.15140493,-0.08341895,-0.26487884,0.16000395,0.31976527,-0.06391125,-0.32584274,-0.45148316,0.094121315,-0.03241445,-0.26956856,0.14925261,-0.070880406,0.0058385576,-0.38796878,-0.572686,0.16356438,0.024394633,-0.0039016223,0.09967504,-0.20617193,0.22514345,-0.2706853,0.14796709,0.2793104,-0.03357169,-0.43685257,-0.23582995,0.79922974,-0.09840942,0.13935962,-0.34012184,-0.027903404,0.02095206,-0.3363546,0.6145827,0.6003847,-0.19378743,0.631048,0.16787732,0.2334258,-0.2465252,-0.15282086,0.28833303,-0.4399029,-0.23529223,-0.17326087,-0.53575826,-0.19843532,0.074773885,-0.43329486,0.10652351,0.39927697,0.036791187,-0.18065631,0.05005452,0.11796758,0.27857155,-0.032004863,-0.14184843,-0.0676769,0.16518852,-0.00046713187,-0.18184918,-0.005212894,-0.052785635,0.4757599,0.21481936,-0.72157377,0.37667876,0.5080668,0.018144488,-0.30930978,-0.51820874,-0.13686815,-0.49309555,-0.0007564522,-0.24691615,-0.010936289,0.1664364,0.09902214,-0.26001072,-0.17019056,0.54491496,-0.16840763,0.0,0,0,1,0,0,0,0,0,0,0,0,0,0,0,1,0,0,0,0,0,0,0,0,0.0,0.0,0.0,0.0
0.13406175,-0.415531,0.73330057,0.23285761,0.79626215,-0.06589259,-0.0048295497,0.62447363,-0.2126086,0.114744596,0.11287945,0.1258017,0.22356829,-0.018381337,0.32236034,0.22916508,-0.5993622,0.31615663,-0.18827344,-0.18678282,0.23743941,0.17351176,0.45934933,-0.10462662,0.31745598,0.24846695,0.09846952,-0.3781356,-0.7868358,-0.3567373,0.27726737,0.53768367,-0.010539676,-0.046737038,0.11614599,-0.5820183,-0.09880312,-0.20729207,0.36331338,0.125912,-0.33619338,-0.27514535,0.65474075,0.119301274,0.09967477,0.09835131,-0.25718045,-0.55483115,0.20309027,-0.26842177,-0.36192665,0.24892741,-0.45656857,-0.3534302,0.1221637,0.56313014,0.18825048,-0.5546358,-0.14492881,0.18946,0.015688242,-0.31285655,0.13018696,0.2852097,-0.0010155275,-0.0917652,0.3453578,0.43766809,-0.6267946,0.3912698,0.2476703,0.27124256,-0.15566446,0.1088373,-0.12429803,-0.19527239,-0.61187077,0.5151798,0.2249055,-0.21255358,-0.010344884,0.1941911,0.69714355,-0.25341377,0.3407566,0.35603794,0.08749108,0.020889558,0.023405276,1.0123669,0.23018192,0.07015502,0.22225474,0.044921163,0.5293836,-0.5975931,-0.57735384,-0.18302418,0.016255898,-0.026784869,0.82763803,-0.22785972,0.3488005,-0.120083705,0.18881977,0.16059655,-0.36915457,-0.183438,0.44813237,0.5228788,-0.2661585,-0.06315191,0.2154496,-0.40751907,-0.46686307,0.04084814,-0.19542627,0.3761538,0.23077467,-0.109493054,-0.0717983,0.5715554,0.07555621,0.3686924,0.52940774,0.41971362,0.09619799,-0.30806422,0.75295466,0.16544178,0.20102951,0.36170712,0.010434181,-0.1668227,0.21952681,0.09132749,0.28033042,-0.08619461,-0.050980333,-0.34847087,-0.13560572,-0.3013573,0.33790082,0.3235427,0.51173466,0.14181696,0.05111888,-0.29320237,0.033998232,0.31991196,-0.2531361,-0.14101848,-0.24132209,0.19399986,-0.34839198,-0.47150934,-0.48132327,-0.19713666,0.015732987,0.22297975,0.5828165,0.16810091,-0.10004961,-0.024744231,-0.031648096,-0.19811971,-0.23571075,0.29740608,-0.008906726,0.06361614,-0.14389966,-0.14503248,0.34186307,-0.018827775,0.71193063,0.23440744,-0.13397947,-0.014064372,-0.28284225,0.49071276,-0.41975364,-0.017875459,0.24684818,-0.35041946,-0.08477024,-0.26702204,0.3803116,-0.38736483,0.6266936,-0.014608923,-0.23545294,-0.14768343,-0.01478876,0.12289027,0.30139285,-0.58978003,0.29123187,-0.3735144,0.43136498,-0.24498059,0.25761333,0.4256428,0.017438268,-0.265408,-0.6672583,0.33555314,-0.26646155,-0.36319476,-0.54624206,-0.2561804,-0.18411434,0.17075531,-0.3223686,0.19277492,0.2429971,0.21608031,-0.3130902,-0.32572868,-0.10008222,0.4341531,0.014479209,-0.07696998,0.26769844,0.1445302,-0.34958157,1.0955822,0.028858222,-0.5331795,0.18386617,-0.011452385,-0.32288405,-0.2874054,0.15874565,-0.31767917,0.4673834,0.111374244,-0.41026983,-0.4820871,0.11088361,0.27315137,-0.29758036,0.36166343,0.41361892,0.13836192,-0.0727691,0.3768376,-0.3875193,-0.29015434,-0.2708427,-0.3225908,0.07392072,0.16019255,-0.4181588,-0.47350815,-0.08731191,-0.5777598,0.009173836,-0.19746786,-0.1045136,-0.15353128,0.25510594,0.46395263,-0.23811713,-0.40138462,-0.06617019,-1.0372759,-0.16788185,0.34313497,0.5072699,0.059576854,-0.018270822,-0.4324523,-0.2529515,0.4462205,0.0023384942,-0.056390204,0.40549505,0.13010216,0.21360056,-0.21069658,-0.03397075,0.06289284,0.39391398,-0.07083306,-0.15419376,-0.043152045,0.39865124,-0.052300926,-0.21751946,-0.24296536,-0.3034622,0.29541627,-0.40663278,0.20212789,0.7798874,0.41985992,-0.14948788,0.5291576,-0.24060434,-0.6479566,0.79333806,-0.22287378,0.51308596,-0.21893112,0.7683007,-0.19028255,-0.80982363,-1.0118557,-10.972238,-0.28464052,-0.43306783,-0.35349956,-0.019765735,-0.5775751,0.6698173,0.16271645,-0.07364204,0.07335699,-0.18701942,0.023720944,0.42931694,-0.4404759,-0.09044842,0.6076875,0.43740714,0.09205547,-0.13369858,0.21658407,-0.2775786,-0.77950406,0.5131323,0.39347008,-0.02723629,0.027166845,0.021904357,-0.20396402,-0.108189784,-0.42993942,-0.4058355,0.09953254,-0.17382853,0.7807772,-0.118966535,-0.37894708,0.20818914,-0.27886203,0.034956876,-0.119307615,0.10583091,-0.002796468,-0.12510322,-0.21427509,1.0413404,-0.5002539,0.0183845,0.3008783,0.01690935,-0.14949033,-0.2553451,-0.6034641,-0.02005031,-0.3420237,-0.4601115,-0.26675645,-0.062675074,0.7785854,-0.43725154,-0.053658217,0.14021295,-0.23586479,-0.03730108,-0.10153719,-0.28764522,0.00059085543,-0.8515818,-0.6424948,-0.22221966,-0.19903754,-0.4082657,0.21011195,0.13027385,-1.609,-0.4647277,-0.083114855,0.31837547,0.5892641,-0.53155386,-0.21051721,-0.5072988,-0.11200871,0.15881748,0.10388286,-0.36230564,-0.65596086,-0.016451307,-0.75335586,-0.46001065,0.2747314,-0.04979038,-0.18209335,0.53148,0.07421136,0.02545305,0.03871136,0.44034177,-0.7459321,-0.10418889,0.2513539,0.42358616,0.11961228,0.7537858,-0.81258994,-0.5162545,-0.005262305,-0.20176663,0.016979013,-0.127957,0.036044598,-0.19998501,-0.08941554,-0.4892908,-0.08699503,-0.52441907,0.16491467,-0.081943914,0.2529659,-0.059374366,-0.4673997,-0.49090064,-0.17299919,-0.043943334,-0.75047386,0.20436653,-0.20305367,-0.43204686,0.019715657,0.0474775,-0.30677032,-0.3437025,-0.28528053,-0.10116725,0.23504187,0.17308056,-0.32001427,0.056396812,-0.037605714,0.07313087,0.11374436,-0.103930816,0.28934625,0.2418038,-0.22833113,-0.12767678,-0.48219764,0.033681586,0.3526378,-0.14318624,0.22435473,-0.83560014,-0.79748696,-0.03749014,-0.41277084,-0.20375532,0.16302356,0.65165055,-0.22513294,-0.088214874,-0.6006902,0.03624517,-0.07806668,0.13441035,0.42963246,-0.4009733,0.39528728,-0.06297042,-0.17347097,0.35899103,-0.1012127,-0.56633323,0.35680455,0.051394936,0.04286952,0.17029941,0.3545376,0.623781,-0.6338245,0.0752766,0.6919432,0.08853962,0.04090674,-0.18519308,0.23274773,0.50192,-0.10457941,0.4864788,0.19610596,0.88002884,0.15029041,-0.2935406,0.72573495,-0.16422883,-0.47301862,0.4775935,-0.37984872,0.3091783,0.14511505,-0.20335965,0.36537507,-0.30271596,-0.116746284,-0.43830472,0.41740453,-0.21346655,0.34048077,0.57181954,0.64262545,-0.046365086,-0.10137087,-0.32736394,-0.5344439,-0.28023693,-0.23852947,0.23988341,-0.019876707,-0.51073384,0.06588783,-0.7136087,0.28769097,0.11329469,0.07352765,-0.0689337,0.21541832,0.29871976,0.26006904,1.2563143,0.2436021,-0.0037193978,0.08149364,0.0027743203,-1.0852644,0.06624325,-0.100652635,-0.0004475294,0.37817788,-0.60675126,-0.4465855,-0.054863486,-0.2940157,-0.6391299,-0.89032245,-0.313033,-0.6546375,-0.5875402,-0.023522915,-0.14636989,0.08534571,-0.3143006,0.37078506,0.067706496,-0.31669706,-0.2138686,-0.07369913,0.2191695,-0.7037416,-0.1116432,-0.005004795,-0.45260268,0.5686322,-0.4080208,0.2702355,-0.0048250807,0.24337344,0.5085645,0.2635923,0.25614727,-0.043083005,-0.3007666,-0.2939381,0.1837458,-0.2772988,0.005730239,0.3139383,-0.4134506,-0.4587847,-0.13352877,-0.22944279,-0.021372175,0.12870641,-0.27386975,-0.28874135,0.65054303,0.2867978,0.39674893,-0.18130812,-0.5951176,0.095997676,-0.05084094,0.46868312,0.423298,0.34021026,-0.5388111,-0.047077764,-0.3601786,0.34821168,0.6689813,-0.5480953,0.14267011,0.29492408,0.16742802,0.07818082,0.5782035,0.29142445,-0.09047788,0.42060018,-0.14960036,-0.2968211,-0.27843586,-0.3382161,-0.011696747,-0.22980192,0.7538722,0.79308975,-0.17226003,-0.25444707,-0.4642198,0.021662295,-0.69125533,0.20947322,-0.106800646,0.35873628,0.6358146,-0.007279018,-0.06618279,0.27381945,-0.059316203,-0.31698138,0.23602869,-0.014441607,-0.08725402,0.3680917,-0.103959754,0.18789178,0.08411767,-0.39750567,-0.23893963,0.02667766,-0.15192871,0.12595099,-0.025754804,0.2231003,0.06806891,-0.024546212,-0.2020902,0.36592117,-0.37509835,0.12733868,0.6472303,0.58686274,0.43237498,-0.043812763,-0.4065557,-0.13674733,0.068909384,-0.6878793,0.23134363,0.2811449,0.30046958,0.25066814,0.3734938,0.19173497,-0.1922692,-1.113214,-0.22736597,0.069140494,0.36511555,0.1403258,0.007493066,0.27580583,0.21043795,0.0046724766,0.123313874,0.1726318,0.15389079,-0.5578509,0.02998409,-0.17917338,-0.4856607,0.60077304,0.01612259,-0.10909602,-0.59690267,-0.32403418,-0.1224404,-0.44829223,-0.36547577,-0.03538018,0.053247027,-0.51024497,-0.32271707,0.33420485,-0.18568344,-0.14511637,0.053725738,-0.18818882,-0.18108538,0.26417464,0.21716309,-0.31022808,-0.018027784,-0.6518877,-0.14623791,-0.4286713,0.25625974,0.031767175,-0.58456844,0.42123035,-1.180604,-0.24827832,0.061791744,0.23058856,0.030012883,0.3916217,0.18332468,0.0071168733,0.51967466,-0.18235902,-0.40576705,-0.30250612,0.043425184,-0.5372346,0.34368023,-0.2194943,0.14166026,-0.27595368,-0.61855257,0.11156164,0.21916817,-0.07058372,-0.6725373,0.07592106,0.72535187,-0.061709404,-0.2716799,-0.08530425,-0.09025845,0.33193326,0.45857644,0.24671178,-0.34140205,0.027861219,0.4458237,0.11789516,-0.041474037,0.115298375,-0.063205816,-0.27206835,-0.5519212,-0.3307486,-0.07267942,-0.037051804,-0.27130586,-0.1061646,0.4753557,0.4221724,-0.67086136,-0.20641808,-0.090490475,-0.2905775,0.0,0,0,1,0,0,0,0,0,0,0,0,0,0,0,1,0,0,0,0,0,0,0,0,0.0,0.0,0.0,0.0
0.13406175,-0.415531,0.73330057,0.23285761,0.79626215,-0.06589259,-0.0048295497,0.62447363,-0.2126086,0.114744596,0.11287945,0.1258017,0.22356829,-0.018381337,0.32236034,0.22916508,-0.5993622,0.31615663,-0.18827344,-0.18678282,0.23743941,0.17351176,0.45934933,-0.10462662,0.31745598,0.24846695,0.09846952,-0.3781356,-0.7868358,-0.3567373,0.27726737,0.53768367,-0.010539676,-0.046737038,0.11614599,-0.5820183,-0.09880312,-0.20729207,0.36331338,0.125912,-0.33619338,-0.27514535,0.65474075,0.119301274,0.09967477,0.09835131,-0.25718045,-0.55483115,0.20309027,-0.26842177,-0.36192665,0.24892741,-0.45656857,-0.3534302,0.1221637,0.56313014,0.18825048,-0.5546358,-0.14492881,0.18946,0.015688242,-0.31285655,0.13018696,0.2852097,-0.0010155275,-0.0917652,0.3453578,0.43766809,-0.6267946,0.3912698,0.2476703,0.27124256,-0.15566446,0.1088373,-0.12429803,-0.19527239,-0.61187077,0.5151798,0.2249055,-0.21255358,-0.010344884,0.1941911,0.69714355,-0.25341377,0.3407566,0.35603794,0.08749108,0.020889558,0.023405276,1.0123669,0.23018192,0.07015502,0.22225474,0.044921163,0.5293836,-0.5975931,-0.57735384,-0.18302418,0.016255898,-0.026784869,0.82763803,-0.22785972,0.3488005,-0.120083705,0.18881977,0.16059655,-0.36915457,-0.183438,0.44813237,0.5228788,-0.2661585,-0.06315191,0.2154496,-0.40751907,-0.46686307,0.04084814,-0.19542627,0.3761538,0.23077467,-0.109493054,-0.0717983,0.5715554,0.07555621,0.3686924,0.52940774,0.41971362,0.09619799,-0.30806422,0.75295466,0.16544178,0.20102951,0.36170712,0.010434181,-0.1668227,0.21952681,0.09132749,0.28033042,-0.08619461,-0.050980333,-0.34847087,-0.13560572,-0.3013573,0.33790082,0.3235427,0.51173466,0.14181696,0.05111888,-0.29320237,0.033998232,0.31991196,-0.2531361,-0.14101848,-0.24132209,0.19399986,-0.34839198,-0.47150934,-0.48132327,-0.19713666,0.015732987,0.22297975,0.5828165,0.16810091,-0.10004961,-0.024744231,-0.031648096,-0.19811971,-0.23571075,0.29740608,-0.008906726,0.06361614,-0.14389966,-0.14503248,0.34186307,-0.018827775,0.71193063,0.23440744,-0.13397947,-0.014064372,-0.28284225,0.49071276,-0.41975364,-0.017875459,0.24684818,-0.35041946,-0.08477024,-0.26702204,0.3803116,-0.38736483,0.6266936,-0.014608923,-0.23545294,-0.14768343,-0.01478876,0.12289027,0.30139285,-0.58978003,0.29123187,-0.3735144,0.43136498,-0.24498059,0.25761333,0.4256428,0.017438268,-0.265408,-0.6672583,0.33555314,-0.26646155,-0.36319476,-0.54624206,-0.2561804,-0.18411434,0.17075531,-0.3223686,0.19277492,0.2429971,0.21608031,-0.3130902,-0.32572868,-0.10008222,0.4341531,0.014479209,-0.07696998,0.26769844,0.1445302,-0.34958157,1.0955822,0.028858222,-0.5331795,0.18386617,-0.011452385,-0.32288405,-0.2874054,0.15874565,-0.31767917,0.4673834,0.111374244,-0.41026983,-0.4820871,0.11088361,0.27315137,-0.29758036,0.36166343,0.41361892,0.13836192,-0.0727691,0.3768376,-0.3875193,-0.29015434,-0.2708427,-0.3225908,0.07392072,0.16019255,-0.4181588,-0.47350815,-0.08731191,-0.5777598,0.009173836,-0.19746786,-0.1045136,-0.15353128,0.25510594,0.46395263,-0.23811713,-0.40138462,-0.06617019,-1.0372759,-0.16788185,0.34313497,0.5072699,0.059576854,-0.018270822,-0.4324523,-0.2529515,0.4462205,0.0023384942,-0.056390204,0.40549505,0.13010216,0.21360056,-0.21069658,-0.03397075,0.06289284,0.39391398,-0.07083306,-0.15419376,-0.043152045,0.39865124,-0.052300926,-0.21751946,-0.24296536,-0.3034622,0.29541627,-0.40663278,0.20212789,0.7798874,0.41985992,-0.14948788,0.5291576,-0.24060434,-0.6479566,0.79333806,-0.22287378,0.51308596,-0.21893112,0.7683007,-0.19028255,-0.80982363,-1.0118557,-10.972238,-0.28464052,-0.43306783,-0.35349956,-0.019765735,-0.5775751,0.6698173,0.16271645,-0.07364204,0.07335699,-0.18701942,0.023720944,0.42931694,-0.4404759,-0.09044842,0.6076875,0.43740714,0.09205547,-0.13369858,0.21658407,-0.2775786,-0.77950406,0.5131323,0.39347008,-0.02723629,0.027166845,0.021904357,-0.20396402,-0.108189784,-0.42993942,-0.4058355,0.09953254,-0.17382853,0.7807772,-0.118966535,-0.37894708,0.20818914,-0.27886203,0.034956876,-0.119307615,0.10583091,-0.002796468,-0.12510322,-0.21427509,1.0413404,-0.5002539,0.0183845,0.3008783,0.01690935,-0.14949033,-0.2553451,-0.6034641,-0.02005031,-0.3420237,-0.4601115,-0.26675645,-0.062675074,0.7785854,-0.43725154,-0.053658217,0.14021295,-0.23586479,-0.03730108,-0.10153719,-0.28764522,0.00059085543,-0.8515818,-0.6424948,-0.22221966,-0.19903754,-0.4082657,0.21011195,0.13027385,-1.609,-0.4647277,-0.083114855,0.31837547,0.5892641,-0.53155386,-0.21051721,-0.5072988,-0.11200871,0.15881748,0.10388286,-0.36230564,-0.65596086,-0.016451307,-0.75335586,-0.46001065,0.2747314,-0.04979038,-0.18209335,0.53148,0.07421136,0.02545305,0.03871136,0.44034177,-0.7459321,-0.10418889,0.2513539,0.42358616,0.11961228,0.7537858,-0.81258994,-0.5162545,-0.005262305,-0.20176663,0.016979013,-0.127957,0.036044598,-0.19998501,-0.08941554,-0.4892908,-0.08699503,-0.52441907,0.16491467,-0.081943914,0.2529659,-0.059374366,-0.4673997,-0.49090064,-0.17299919,-0.043943334,-0.75047386,0.20436653,-0.20305367,-0.43204686,0.019715657,0.0474775,-0.30677032,-0.3437025,-0.28528053,-0.10116725,0.23504187,0.17308056,-0.32001427,0.056396812,-0.037605714,0.07313087,0.11374436,-0.103930816,0.28934625,0.2418038,-0.22833113,-0.12767678,-0.48219764,0.033681586,0.3526378,-0.14318624,0.22435473,-0.83560014,-0.79748696,-0.03749014,-0.41277084,-0.20375532,0.16302356,0.65165055,-0.22513294,-0.088214874,-0.6006902,0.03624517,-0.07806668,0.13441035,0.42963246,-0.4009733,0.39528728,-0.06297042,-0.17347097,0.35899103,-0.1012127,-0.56633323,0.35680455,0.051394936,0.04286952,0.17029941,0.3545376,0.623781,-0.6338245,0.0752766,0.6919432,0.08853962,0.04090674,-0.18519308,0.23274773,0.50192,-0.10457941,0.4864788,0.19610596,0.88002884,0.15029041,-0.2935406,0.72573495,-0.16422883,-0.47301862,0.4775935,-0.37984872,0.3091783,0.14511505,-0.20335965,0.36537507,-0.30271596,-0.116746284,-0.43830472,0.41740453,-0.21346655,0.34048077,0.57181954,0.64262545,-0.046365086,-0.10137087,-0.32736394,-0.5344439,-0.28023693,-0.23852947,0.23988341,-0.019876707,-0.51073384,0.06588783,-0.7136087,0.28769097,0.11329469,0.07352765,-0.0689337,0.21541832,0.29871976,0.26006904,1.2563143,0.2436021,-0.0037193978,0.08149364,0.0027743203,-1.0852644,0.06624325,-0.100652635,-0.0004475294,0.37817788,-0.60675126,-0.4465855,-0.054863486,-0.2940157,-0.6391299,-0.89032245,-0.313033,-0.6546375,-0.5875402,-0.023522915,-0.14636989,0.08534571,-0.3143006,0.37078506,0.067706496,-0.31669706,-0.2138686,-0.07369913,0.2191695,-0.7037416,-0.1116432,-0.005004795,-0.45260268,0.5686322,-0.4080208,0.2702355,-0.0048250807,0.24337344,0.5085645,0.2635923,0.25614727,-0.043083005,-0.3007666,-0.2939381,0.1837458,-0.2772988,0.005730239,0.3139383,-0.4134506,-0.4587847,-0.13352877,-0.22944279,-0.021372175,0.12870641,-0.27386975,-0.28874135,0.65054303,0.2867978,0.39674893,-0.18130812,-0.5951176,0.095997676,-0.05084094,0.46868312,0.423298,0.34021026,-0.5388111,-0.047077764,-0.3601786,0.34821168,0.6689813,-0.5480953,0.14267011,0.29492408,0.16742802,0.07818082,0.5782035,0.29142445,-0.09047788,0.42060018,-0.14960036,-0.2968211,-0.27843586,-0.3382161,-0.011696747,-0.22980192,0.7538722,0.79308975,-0.17226003,-0.25444707,-0.4642198,0.021662295,-0.69125533,0.20947322,-0.106800646,0.35873628,0.6358146,-0.007279018,-0.06618279,0.27381945,-0.059316203,-0.31698138,0.23602869,-0.014441607,-0.08725402,0.3680917,-0.103959754,0.18789178,0.08411767,-0.39750567,-0.23893963,0.02667766,-0.15192871,0.12595099,-0.025754804,0.2231003,0.06806891,-0.024546212,-0.2020902,0.36592117,-0.37509835,0.12733868,0.6472303,0.58686274,0.43237498,-0.043812763,-0.4065557,-0.13674733,0.068909384,-0.6878793,0.23134363,0.2811449,0.30046958,0.25066814,0.3734938,0.19173497,-0.1922692,-1.113214,-0.22736597,0.069140494,0.36511555,0.1403258,0.007493066,0.27580583,0.21043795,0.0046724766,0.123313874,0.1726318,0.15389079,-0.5578509,0.02998409,-0.17917338,-0.4856607,0.60077304,0.01612259,-0.10909602,-0.59690267,-0.32403418,-0.1224404,-0.44829223,-0.36547577,-0.03538018,0.053247027,-0.51024497,-0.32271707,0.33420485,-0.18568344,-0.14511637,0.053725738,-0.18818882,-0.18108538,0.26417464,0.21716309,-0.31022808,-0.018027784,-0.6518877,-0.14623791,-0.4286713,0.25625974,0.031767175,-0.58456844,0.42123035,-1.180604,-0.24827832,0.061791744,0.23058856,0.030012883,0.3916217,0.18332468,0.0071168733,0.51967466,-0.18235902,-0.40576705,-0.30250612,0.043425184,-0.5372346,0.34368023,-0.2194943,0.14166026,-0.27595368,-0.61855257,0.11156164,0.21916817,-0.07058372,-0.6725373,0.07592106,0.72535187,-0.061709404,-0.2716799,-0.08530425,-0.09025845,0.33193326,0.45857644,0.24671178,-0.34140205,0.027861219,0.4458237,0.11789516,-0.041474037,0.115298375,-0.063205816,-0.27206835,-0.5519212,-0.3307486,-0.07267942,-0.037051804,-0.27130586,-0.1061646,0.4753557,0.4221724,-0.67086136,-0.20641808,-0.090490475,-0.2905775,0.0,0,0,1,0,0,0,0,0,0,0,0,0,0,0,1,0,0,0,0,0,0,0,0,0.0,0.0,0.0,0.0
0.029698588,-0.2722694,0.63444734,0.1968875,0.43565705,-0.2710281,0.020993602,0.9323679,-0.17768899,0.2513938,0.18957542,-0.51523805,-0.062217094,0.09244367,0.37300488,0.1782752,-0.24195425,0.009512942,-0.06493632,0.1262982,0.13861138,-0.04418937,-0.0973442,0.16644347,0.33888012,0.24880093,-0.041939244,-0.0148894135,-0.19586203,-0.29899946,0.05439207,0.16469452,0.11171014,0.07178844,-0.1560656,-0.27469912,-0.36522996,-0.19786298,0.0799579,0.08666781,-0.40922898,-0.32022464,0.3359043,-0.03337524,0.082779445,0.5987475,0.16063651,-0.41988838,0.39615646,0.1198209,-0.6427094,0.28018683,-0.24751052,-0.43624663,0.4119157,0.32098237,0.37220258,-0.5097199,-0.39788806,0.07587504,-0.1897012,-0.06800768,-0.20822656,-0.30574355,0.07966669,-0.36412835,-0.008106084,0.61033666,-0.618767,-0.0456887,0.05965832,-0.10036329,-0.33491215,-0.28898618,0.28992438,0.09651667,-0.10141508,0.66548455,-0.093679465,-0.040947527,-0.36557943,0.38298985,0.46679723,0.45631802,0.10474598,0.24836999,-0.14885634,-0.072967395,-0.33982158,0.96576655,-0.1563134,-0.1737146,0.41400212,0.28439885,0.5500099,-0.8118223,-0.365491,0.0048933798,-0.18527196,0.10564331,0.3493226,-0.48296806,-0.10692993,-0.34732231,0.07854289,0.054002322,-0.2729237,-0.13794836,0.14704488,0.12688737,0.25611883,0.4401454,0.16892406,-0.20232166,-0.08838013,0.1430008,-0.23061962,0.20147017,-0.061396357,0.4102212,-0.119171515,0.12906004,0.06104837,0.2044757,0.20965996,0.024780504,0.05676199,-0.46026385,0.6597628,-0.18028931,0.3847596,0.27643496,0.46817696,-0.38147676,0.081411764,0.16126345,-0.019777933,-0.24718109,-0.06125226,0.16389968,-0.24386315,-0.13722576,-0.045822717,0.08682364,0.61143136,-0.31259197,-0.2002105,-0.44257316,-0.2485594,0.29269427,-0.53473276,0.19257765,-0.5478883,-0.08604881,-0.3499556,-0.10980079,-0.25705752,-0.093166396,-0.11290607,0.15748212,0.32894784,-0.10191069,-0.31796622,-0.11546974,0.047528926,0.1302115,0.066262566,0.4785336,-0.066667646,-0.04624837,0.053685084,-0.50145906,0.111420326,0.120249994,0.76582175,0.16417277,-0.04409097,0.09963536,0.45815998,0.69554174,-0.41555843,-0.23949848,0.40123236,-0.13044874,0.16067363,-0.2642531,0.76314455,-0.7287284,0.3629691,-0.093916565,-0.25589716,-0.38196778,-0.09298092,0.30174538,0.4087261,-0.5334919,-0.26661086,-0.16876668,0.061305262,-0.3433152,0.25257927,0.3671026,-0.20675299,-0.24917832,-0.8642223,0.097590655,-0.5916194,-0.31725094,-0.24381374,-0.21046162,-0.38129795,0.45760262,-0.16699389,-0.06426045,0.43394738,0.16275233,-0.3114993,0.085013345,-0.27924168,-0.17387715,0.120829046,-0.1252799,-0.29886872,-0.038769778,-0.20464605,1.179469,-0.020574912,-0.23031092,0.1284656,-0.16964927,-0.036084756,0.081217915,-0.09198829,-0.38337734,0.14523861,0.44402555,-0.30511737,-0.6794065,-0.12494848,-0.31909657,-0.18222255,0.5469257,0.17963076,-0.21746573,0.10266588,0.036668863,0.05874845,-0.4188023,-0.23746823,-0.30038467,-0.11990697,-0.39735988,-0.41822478,-0.31603923,0.050964866,-0.24924862,-0.06924605,-0.09288957,-0.38102573,-0.120543145,0.2950099,0.21456107,-0.20690504,0.29291418,0.17851755,-0.76935273,0.0687486,0.10263368,0.02966771,0.0630048,-0.062007718,-0.39110902,0.450243,0.5664465,0.04060961,-0.31475696,0.29282445,-0.0016317883,-0.027544701,-0.4734283,0.26670194,0.47287646,-0.06475446,0.16348262,-0.44363353,-0.12966111,0.73069364,-0.36470068,-0.15741704,0.05678841,-0.41344205,-0.05594689,-0.4041521,-0.23880108,0.83737564,0.2972157,0.15887779,0.24460922,-0.3655067,-0.22608355,0.16631247,-0.36562222,0.23706159,-0.2247785,-0.13611959,0.19690548,-0.39482442,-0.4760423,-10.135436,-0.5499198,-0.1965001,-0.100042365,-0.22996478,-0.360072,0.38570732,0.33303002,0.27822888,0.5206434,-0.069008835,-0.28927663,0.122366525,-0.14044347,0.0108108735,-0.14475651,0.65682817,-0.22980209,-0.32703435,0.492753,-0.17631531,-0.30491722,0.36027047,0.07797699,-0.037137512,0.38664114,0.16076747,-0.031064246,0.104207315,-0.2453584,0.020463277,-0.017272934,0.065463655,1.0024865,-0.34943494,-0.054906696,0.06337809,-0.5339005,-0.37441367,-0.33823827,0.24353667,0.17881306,-0.12404844,0.011848059,0.96130073,-0.88508743,0.13586837,0.68844396,-0.08467132,0.28998286,0.2254296,-0.32739884,-0.21814406,-0.6318529,-0.06172423,0.14369167,0.111096166,0.48407614,0.14869162,-0.44568494,0.0203895,-0.37120065,-0.25469887,-0.39473125,-0.011228294,-0.56404424,-1.1312939,-0.34160107,-0.010468747,0.0882302,-0.4342927,0.23630516,0.13117209,-1.3668547,-0.40100712,0.2913973,0.26220787,0.50532025,-0.6040634,-0.48569307,-0.6462429,-0.21105567,-0.31107032,-0.030914852,-0.5929921,-0.38805157,-0.061325714,-0.46690038,-0.09026398,-0.20163149,0.16002473,-0.058126777,0.2966984,0.26751953,-0.17064585,-0.16810103,0.6750934,-0.27542627,-0.033245664,0.39738536,-0.08404812,-0.03896719,0.4239051,-0.18031251,-0.09635735,-0.012051513,-0.11963726,0.16348667,-0.024628364,-0.21959144,-0.4735606,0.19542298,-0.45110676,-0.020919,-0.20787376,0.026337335,0.19402225,0.38389632,0.1146388,-0.22547363,-0.7059263,0.3124371,-0.11643152,-0.5297482,0.097456194,-0.18901554,0.01976377,-0.09872304,0.13234974,-0.38228413,-0.076716475,-0.0006369825,0.06941332,0.34870294,0.3680796,-0.39259186,-0.0579543,-0.25811565,0.23156434,-0.14453797,-0.15974136,0.27689636,0.42104474,-0.04709838,0.3329713,-0.11178847,0.13384156,0.029406656,-0.031948652,0.09940474,-0.55649483,-0.71114,0.10137422,-0.06666617,0.00042254984,0.042667743,0.04229387,-0.14171909,-0.18510486,-0.5894231,0.3662978,-0.27738065,-0.063772485,0.027515898,-0.25888562,0.03681827,0.1089965,0.17805861,0.001736801,-0.20468868,-0.06496987,0.5025747,0.059275307,-0.028794602,0.14365304,0.16164815,0.39479178,-0.36736476,-0.34446254,0.45839253,-0.34600943,0.14426029,-0.096533366,-0.07255981,0.18162552,0.120725244,0.41121432,0.5742468,0.11200683,0.26187882,-0.6066389,0.839556,-0.21678606,-0.8948208,0.03546173,-0.21046995,0.5453165,0.09632176,-0.13635162,0.12158294,-0.40519962,0.051501326,-1.075635,0.1457439,-0.04748879,0.076225266,0.27065194,0.32403338,-0.07323023,0.1042625,-0.13521348,-0.29823416,-0.17227793,-0.3033973,0.10176475,0.034846798,-0.47551593,-0.2289026,-0.5957729,0.06664742,-0.7345107,0.2383621,0.24215215,-0.03746784,0.11041264,-0.054602418,0.44045177,-0.076448515,-0.27104476,0.09953304,-0.12959138,-1.2428545,0.23041713,0.06122417,-0.42680478,-0.09952886,-0.2817819,-0.20162247,0.17893887,-0.083321705,-0.28148854,-0.50205183,-0.070706226,-0.4199972,-0.14297086,-0.17472555,-0.42349872,0.109635875,-0.25739124,-0.049801327,0.10475683,-0.054267902,-0.3814211,0.2045,0.00984493,-0.51169217,0.027150732,0.0541725,-0.2507537,0.27661458,-0.10827278,0.03500354,0.4078095,0.051582016,0.24432978,-0.09255821,-0.07485083,-0.06747436,-0.09972601,-0.2825529,-0.097091764,-0.022003891,0.09772717,-0.06837679,-0.015784066,-0.26876545,-0.16162308,-0.6322247,0.1425297,-0.043315426,-0.21593918,-0.04563961,0.037109904,-0.4027277,0.613403,-0.30237308,0.09778596,0.42445073,0.34118843,0.3429379,0.11023774,0.5610705,-0.1550501,0.18067369,-0.07907691,0.36767656,0.7974045,-0.4124105,0.35637736,-0.04245537,0.21540958,0.11287385,0.6568897,0.50738376,-0.17393303,0.38418946,0.34494537,-0.24843752,-0.33681628,0.09314534,0.00511172,-0.115134805,0.58651066,0.65515214,0.14708897,-0.021414053,-0.39269647,-0.23263103,-0.41600853,0.1532517,-0.25337592,0.4057177,0.6543549,-0.28982684,0.03296556,0.1166315,0.16566162,-0.36047673,0.1861899,-0.056316476,-0.32918635,0.16412641,-0.45416385,0.5740602,-0.31231675,-0.39581004,-0.26006365,0.03994107,-0.18409702,0.10588267,0.12800713,0.32319257,0.069749065,0.15893088,-0.034448963,0.26639137,-0.07414487,0.122356795,0.49455497,0.39007413,0.03699643,-0.14587165,-0.12900338,0.36770374,0.58107924,-0.07385177,0.3304197,0.40301988,0.10525411,0.2697876,0.41561234,0.11630433,0.17461164,-0.7346585,-0.32030496,0.1745475,0.24550205,0.131316,0.20816304,-0.08816811,-0.22498988,0.22298872,0.22483341,-0.40733403,-0.07625417,0.17251569,-0.37652752,0.045007944,-0.113321535,0.19475013,-0.056588423,-0.061784297,-0.18140209,0.31824908,-0.036262754,-0.34915152,-0.24745205,-0.029141735,0.016784834,-0.3897369,-0.34955582,-0.15344806,0.29124436,-0.2689054,-0.3635811,-0.13258795,0.15635288,-0.10895555,0.3115201,0.11327882,0.04386885,-0.33323634,-0.32169005,-0.16686183,0.018295158,-0.02568867,-0.30015942,0.20910856,-0.35390365,-0.24354166,0.31135884,0.042935316,0.041914783,0.14915901,0.18004526,0.083596684,0.46921766,-0.16089435,0.11353117,-0.40643224,-0.06435853,-0.50270927,0.1278419,0.25121298,0.35720962,-0.22977483,0.12002925,-0.29072142,-0.1340725,-0.16546015,-0.35270473,0.11666443,0.45079303,-0.14725499,-0.43358994,-0.068287514,-0.23881912,0.2622517,0.34809396,-0.22299606,-0.54686284,0.3727891,-0.19075628,-0.061565805,-0.162332,0.022517119,0.27658895,0.2848091,-0.43025658,-0.21429092,-0.21329643,-0.041039743,-0.11832398,0.046347532,0.17600617,0.23840258,0.09667472,-0.3626351,0.1561077,0.30323753,0.0,0,0,1,0,0,0,0,0,0,0,0,0,0,0,1,0,0,0,0,0,0,0,0,0.0,0.0,0.0,0.0
0.13406175,-0.415531,0.73330057,0.23285761,0.79626215,-0.06589259,-0.0048295497,0.62447363,-0.2126086,0.114744596,0.11287945,0.1258017,0.22356829,-0.018381337,0.32236034,0.22916508,-0.5993622,0.31615663,-0.18827344,-0.18678282,0.23743941,0.17351176,0.45934933,-0.10462662,0.31745598,0.24846695,0.09846952,-0.3781356,-0.7868358,-0.3567373,0.27726737,0.53768367,-0.010539676,-0.046737038,0.11614599,-0.5820183,-0.09880312,-0.20729207,0.36331338,0.125912,-0.33619338,-0.27514535,0.65474075,0.119301274,0.09967477,0.09835131,-0.25718045,-0.55483115,0.20309027,-0.26842177,-0.36192665,0.24892741,-0.45656857,-0.3534302,0.1221637,0.56313014,0.18825048,-0.5546358,-0.14492881,0.18946,0.015688242,-0.31285655,0.13018696,0.2852097,-0.0010155275,-0.0917652,0.3453578,0.43766809,-0.6267946,0.3912698,0.2476703,0.27124256,-0.15566446,0.1088373,-0.12429803,-0.19527239,-0.61187077,0.5151798,0.2249055,-0.21255358,-0.010344884,0.1941911,0.69714355,-0.25341377,0.3407566,0.35603794,0.08749108,0.020889558,0.023405276,1.0123669,0.23018192,0.07015502,0.22225474,0.044921163,0.5293836,-0.5975931,-0.57735384,-0.18302418,0.016255898,-0.026784869,0.82763803,-0.22785972,0.3488005,-0.120083705,0.18881977,0.16059655,-0.36915457,-0.183438,0.44813237,0.5228788,-0.2661585,-0.06315191,0.2154496,-0.40751907,-0.46686307,0.04084814,-0.19542627,0.3761538,0.23077467,-0.109493054,-0.0717983,0.5715554,0.07555621,0.3686924,0.52940774,0.41971362,0.09619799,-0.30806422,0.75295466,0.16544178,0.20102951,0.36170712,0.010434181,-0.1668227,0.21952681,0.09132749,0.28033042,-0.08619461,-0.050980333,-0.34847087,-0.13560572,-0.3013573,0.33790082,0.3235427,0.51173466,0.14181696,0.05111888,-0.29320237,0.033998232,0.31991196,-0.2531361,-0.14101848,-0.24132209,0.19399986,-0.34839198,-0.47150934,-0.48132327,-0.19713666,0.015732987,0.22297975,0.5828165,0.16810091,-0.10004961,-0.024744231,-0.031648096,-0.19811971,-0.23571075,0.29740608,-0.008906726,0.06361614,-0.14389966,-0.14503248,0.34186307,-0.018827775,0.71193063,0.23440744,-0.13397947,-0.014064372,-0.28284225,0.49071276,-0.41975364,-0.017875459,0.24684818,-0.35041946,-0.08477024,-0.26702204,0.3803116,-0.38736483,0.6266936,-0.014608923,-0.23545294,-0.14768343,-0.01478876,0.12289027,0.30139285,-0.58978003,0.29123187,-0.3735144,0.43136498,-0.24498059,0.25761333,0.4256428,0.017438268,-0.265408,-0.6672583,0.33555314,-0.26646155,-0.36319476,-0.54624206,-0.2561804,-0.18411434,0.17075531,-0.3223686,0.19277492,0.2429971,0.21608031,-0.3130902,-0.32572868,-0.10008222,0.4341531,0.014479209,-0.07696998,0.26769844,0.1445302,-0.34958157,1.0955822,0.028858222,-0.5331795,0.18386617,-0.011452385,-0.32288405,-0.2874054,0.15874565,-0.31767917,0.4673834,0.111374244,-0.41026983,-0.4820871,0.11088361,0.27315137,-0.29758036,0.36166343,0.41361892,0.13836192,-0.0727691,0.3768376,-0.3875193,-0.29015434,-0.2708427,-0.3225908,0.07392072,0.16019255,-0.4181588,-0.47350815,-0.08731191,-0.5777598,0.009173836,-0.19746786,-0.1045136,-0.15353128,0.25510594,0.46395263,-0.23811713,-0.40138462,-0.06617019,-1.0372759,-0.16788185,0.34313497,0.5072699,0.059576854,-0.018270822,-0.4324523,-0.2529515,0.4462205,0.0023384942,-0.056390204,0.40549505,0.13010216,0.21360056,-0.21069658,-0.03397075,0.06289284,0.39391398,-0.07083306,-0.15419376,-0.043152045,0.39865124,-0.052300926,-0.21751946,-0.24296536,-0.3034622,0.29541627,-0.40663278,0.20212789,0.7798874,0.41985992,-0.14948788,0.5291576,-0.24060434,-0.6479566,0.79333806,-0.22287378,0.51308596,-0.21893112,0.7683007,-0.19028255,-0.80982363,-1.0118557,-10.972238,-0.28464052,-0.43306783,-0.35349956,-0.019765735,-0.5775751,0.6698173,0.16271645,-0.07364204,0.07335699,-0.18701942,0.023720944,0.42931694,-0.4404759,-0.09044842,0.6076875,0.43740714,0.09205547,-0.13369858,0.21658407,-0.2775786,-0.77950406,0.5131323,0.39347008,-0.02723629,0.027166845,0.021904357,-0.20396402,-0.108189784,-0.42993942,-0.4058355,0.09953254,-0.17382853,0.7807772,-0.118966535,-0.37894708,0.20818914,-0.27886203,0.034956876,-0.119307615,0.10583091,-0.002796468,-0.12510322,-0.21427509,1.0413404,-0.5002539,0.0183845,0.3008783,0.01690935,-0.14949033,-0.2553451,-0.6034641,-0.02005031,-0.3420237,-0.4601115,-0.26675645,-0.062675074,0.7785854,-0.43725154,-0.053658217,0.14021295,-0.23586479,-0.03730108,-0.10153719,-0.28764522,0.00059085543,-0.8515818,-0.6424948,-0.22221966,-0.19903754,-0.4082657,0.21011195,0.13027385,-1.609,-0.4647277,-0.083114855,0.31837547,0.5892641,-0.53155386,-0.21051721,-0.5072988,-0.11200871,0.15881748,0.10388286,-0.36230564,-0.65596086,-0.016451307,-0.75335586,-0.46001065,0.2747314,-0.04979038,-0.18209335,0.53148,0.07421136,0.02545305,0.03871136,0.44034177,-0.7459321,-0.10418889,0.2513539,0.42358616,0.11961228,0.7537858,-0.81258994,-0.5162545,-0.005262305,-0.20176663,0.016979013,-0.127957,0.036044598,-0.19998501,-0.08941554,-0.4892908,-0.08699503,-0.52441907,0.16491467,-0.081943914,0.2529659,-0.059374366,-0.4673997,-0.49090064,-0.17299919,-0.043943334,-0.75047386,0.20436653,-0.20305367,-0.43204686,0.019715657,0.0474775,-0.30677032,-0.3437025,-0.28528053,-0.10116725,0.23504187,0.17308056,-0.32001427,0.056396812,-0.037605714,0.07313087,0.11374436,-0.103930816,0.28934625,0.2418038,-0.22833113,-0.12767678,-0.48219764,0.033681586,0.3526378,-0.14318624,0.22435473,-0.83560014,-0.79748696,-0.03749014,-0.41277084,-0.20375532,0.16302356,0.65165055,-0.22513294,-0.088214874,-0.6006902,0.03624517,-0.07806668,0.13441035,0.42963246,-0.4009733,0.39528728,-0.06297042,-0.17347097,0.35899103,-0.1012127,-0.56633323,0.35680455,0.051394936,0.04286952,0.17029941,0.3545376,0.623781,-0.6338245,0.0752766,0.6919432,0.08853962,0.04090674,-0.18519308,0.23274773,0.50192,-0.10457941,0.4864788,0.19610596,0.88002884,0.15029041,-0.2935406,0.72573495,-0.16422883,-0.47301862,0.4775935,-0.37984872,0.3091783,0.14511505,-0.20335965,0.36537507,-0.30271596,-0.116746284,-0.43830472,0.41740453,-0.21346655,0.34048077,0.57181954,0.64262545,-0.046365086,-0.10137087,-0.32736394,-0.5344439,-0.28023693,-0.23852947,0.23988341,-0.019876707,-0.51073384,0.06588783,-0.7136087,0.28769097,0.11329469,0.07352765,-0.0689337,0.21541832,0.29871976,0.26006904,1.2563143,0.2436021,-0.0037193978,0.08149364,0.0027743203,-1.0852644,0.06624325,-0.100652635,-0.0004475294,0.37817788,-0.60675126,-0.4465855,-0.054863486,-0.2940157,-0.6391299,-0.89032245,-0.313033,-0.6546375,-0.5875402,-0.023522915,-0.14636989,0.08534571,-0.3143006,0.37078506,0.067706496,-0.31669706,-0.2138686,-0.07369913,0.2191695,-0.7037416,-0.1116432,-0.005004795,-0.45260268,0.5686322,-0.4080208,0.2702355,-0.0048250807,0.24337344,0.5085645,0.2635923,0.25614727,-0.043083005,-0.3007666,-0.2939381,0.1837458,-0.2772988,0.005730239,0.3139383,-0.4134506,-0.4587847,-0.13352877,-0.22944279,-0.021372175,0.12870641,-0.27386975,-0.28874135,0.65054303,0.2867978,0.39674893,-0.18130812,-0.5951176,0.095997676,-0.05084094,0.46868312,0.423298,0.34021026,-0.5388111,-0.047077764,-0.3601786,0.34821168,0.6689813,-0.5480953,0.14267011,0.29492408,0.16742802,0.07818082,0.5782035,0.29142445,-0.09047788,0.42060018,-0.14960036,-0.2968211,-0.27843586,-0.3382161,-0.011696747,-0.22980192,0.7538722,0.79308975,-0.17226003,-0.25444707,-0.4642198,0.021662295,-0.69125533,0.20947322,-0.106800646,0.35873628,0.6358146,-0.007279018,-0.06618279,0.27381945,-0.059316203,-0.31698138,0.23602869,-0.014441607,-0.08725402,0.3680917,-0.103959754,0.18789178,0.08411767,-0.39750567,-0.23893963,0.02667766,-0.15192871,0.12595099,-0.025754804,0.2231003,0.06806891,-0.024546212,-0.2020902,0.36592117,-0.37509835,0.12733868,0.6472303,0.58686274,0.43237498,-0.043812763,-0.4065557,-0.13674733,0.068909384,-0.6878793,0.23134363,0.2811449,0.30046958,0.25066814,0.3734938,0.19173497,-0.1922692,-1.113214,-0.22736597,0.069140494,0.36511555,0.1403258,0.007493066,0.27580583,0.21043795,0.0046724766,0.123313874,0.1726318,0.15389079,-0.5578509,0.02998409,-0.17917338,-0.4856607,0.60077304,0.01612259,-0.10909602,-0.59690267,-0.32403418,-0.1224404,-0.44829223,-0.36547577,-0.03538018,0.053247027,-0.51024497,-0.32271707,0.33420485,-0.18568344,-0.14511637,0.053725738,-0.18818882,-0.18108538,0.26417464,0.21716309,-0.31022808,-0.018027784,-0.6518877,-0.14623791,-0.4286713,0.25625974,0.031767175,-0.58456844,0.42123035,-1.180604,-0.24827832,0.061791744,0.23058856,0.030012883,0.3916217,0.18332468,0.0071168733,0.51967466,-0.18235902,-0.40576705,-0.30250612,0.043425184,-0.5372346,0.34368023,-0.2194943,0.14166026,-0.27595368,-0.61855257,0.11156164,0.21916817,-0.07058372,-0.6725373,0.07592106,0.72535187,-0.061709404,-0.2716799,-0.08530425,-0.09025845,0.33193326,0.45857644,0.24671178,-0.34140205,0.027861219,0.4458237,0.11789516,-0.041474037,0.115298375,-0.063205816,-0.27206835,-0.5519212,-0.3307486,-0.07267942,-0.037051804,-0.27130586,-0.1061646,0.4753557,0.4221724,-0.67086136,-0.20641808,-0.090490475,-0.2905775,0.0,0,0,1,0,0,0,0,0,0,0,0,0,0,0,1,0,0,0,0,0,0,0,0,0.0,0.0,0.0,0.0
0.51277065,-0.35828686,0.3669175,0.361977,0.11439348,-0.283083,-0.4271866,0.39949474,0.0558949,0.33909148,0.13080296,-0.23925157,-0.08622844,0.2307208,0.07342978,0.6175296,-0.5592068,0.22585024,0.061029445,-0.081379004,0.20712171,0.15807085,0.54074347,0.09327281,0.07863756,-0.3494405,-0.25372297,-0.27493706,-0.81573325,0.14489126,0.42518544,0.10992798,0.28236365,-0.0377282,-0.25655153,-0.13492727,0.028074054,-0.17723791,0.1031575,0.3326036,-0.5016175,-0.39976206,0.22262532,0.22132167,-0.020590402,0.34583327,0.14693923,0.11978711,0.5352888,-0.34690017,-0.30605435,0.24704121,0.029194772,-0.43546054,0.6162044,0.18500262,0.37192044,-0.56763726,-0.18335873,-0.11359248,-0.28655437,-0.16518159,-0.05213983,-0.52080035,-0.17403086,0.29411945,-0.11840902,0.53742653,-0.19590734,-0.42876226,0.3432815,-0.401009,-0.17953473,-0.26066864,-0.012237462,-0.35661066,-0.5284096,0.51962954,0.086268336,-0.40198353,0.011609572,0.48660696,0.15895526,0.47307903,-0.082333334,0.15921985,0.6322683,0.038089808,-0.1999165,0.64871824,-0.28308102,-0.32683954,0.16605334,0.17388369,0.5601218,-0.60853606,0.16935149,0.13386627,-0.35720938,0.39528373,0.15074787,-0.17027727,0.025083762,-0.36650026,-0.37289372,0.047942184,-0.06484913,0.13063167,0.5090071,0.035199862,0.7252648,0.29615986,-0.134057,-0.49380115,-0.10671824,0.46484417,-0.16035481,-0.20232771,-0.3186239,-0.1390316,0.13228317,-0.044421628,0.09953176,0.17325501,0.34226817,-0.29950917,0.2862348,-0.34753948,0.21729721,-0.3602016,0.19590431,0.37481284,0.15727621,-0.47027138,-0.0145324245,0.21523644,0.32686982,-0.47743714,-0.53057826,-0.1666289,-0.29742458,-0.02536274,-0.03306191,0.11666694,0.53584313,-0.23127446,-0.5285231,-0.37686473,-0.27150792,-0.18850952,-0.41515854,-0.11390157,-0.29315364,-0.07427457,-0.07560555,-0.29883054,-0.068738006,-0.12150544,0.28561038,0.17533214,0.19967836,-0.4344035,0.1129069,0.033761118,-0.09912755,0.27530894,0.03698468,0.37436104,-0.11812587,-0.36018598,0.42445317,-0.06296627,-0.05639511,0.2322334,0.7093327,0.25329196,0.26458746,0.24471353,0.2066845,0.5499986,-0.56416017,-0.04000992,0.30233917,-0.18277259,0.24316284,0.1436547,0.23588492,-0.53499365,0.3884443,-0.04282441,-0.44339955,-0.15406272,-0.22348179,-0.06463592,0.10439586,-0.33395046,-0.27779943,-0.05454104,0.5281249,-0.15505254,0.1880165,0.15654467,-0.25879893,-0.021101572,-0.48808074,0.37409577,-0.10775744,-0.15862463,-0.21675034,-0.18901691,0.21297498,0.17262232,-0.29911155,0.13259694,0.07624298,0.37551633,-0.30309057,-0.3713458,-0.5746781,-0.031994108,0.09110162,0.13172948,0.089095116,-0.23113763,-0.36953214,1.5229651,-0.075920574,-0.34791562,0.17125823,0.033452846,-0.11070939,0.18725504,-0.28954318,-0.2453949,-0.047248613,0.41694275,-0.41178933,-0.98020554,0.19114085,-0.30641544,-0.338744,0.2758705,0.7515675,0.34741127,0.0024943843,0.18352897,-0.12767486,-0.6933018,-0.117985524,-0.10864296,-0.4223576,-0.2529169,-0.57067275,0.058323566,-0.26689848,0.002854839,0.06641614,-0.12933844,0.11143671,0.01830367,0.52034235,-0.09054839,0.063021585,0.06919302,0.52111465,-0.85566556,0.18768466,0.20334733,0.4676302,0.06867107,-0.062071778,0.14467926,0.306894,0.6280109,0.33863872,-0.26469278,0.6100917,-0.3413249,0.26227832,-0.3201195,0.34098977,0.1340768,-0.19036022,-0.2680895,-0.5478787,0.18706226,0.48253793,0.040356513,-0.09345276,0.18517971,-0.5164194,-0.13015269,0.0976126,-0.36594114,0.54577625,-0.057895932,0.24867134,-0.1286122,-0.4690195,-0.047299977,-0.17241403,0.016820597,0.11807522,-0.053783234,0.17619173,-0.17657036,0.25708038,-0.64628655,-7.5497465,-0.2012063,0.29811162,-0.406858,0.49208516,-0.30747798,-0.099157095,0.15681237,-0.5610599,0.40604535,0.28322884,-0.115409486,-0.027248358,-0.17877926,-0.12301725,-0.56120336,0.25234812,-0.2041762,-0.120116234,0.33456117,-0.3353236,-0.42571586,0.45744455,-0.39146218,-0.2898776,0.53411,0.110330924,0.2036758,0.22314475,-0.3609238,-0.38068965,-0.1259109,-0.48299775,1.0168006,-0.3052713,-0.022456001,-0.35715958,-0.55163074,-0.6573171,-0.38406968,0.24565125,-0.11795313,-0.07979637,-0.5511947,0.7694371,-0.5030145,-0.27881768,0.35295254,0.09708834,0.1266871,0.39156783,-0.19019762,-0.06098572,-0.4626459,-0.047648616,-0.22213638,-0.20252448,0.36717623,0.06890983,-0.342504,0.50444055,-0.0006682157,-0.12393262,0.45212293,0.050990567,-0.53895974,-0.9816714,-0.5041936,-0.2565825,0.10745989,-0.5913763,0.3160179,0.15361598,-1.2453123,-0.7866483,-0.13428265,0.47153354,0.3884339,-0.7782013,-0.64595187,-0.45343944,0.18287446,0.42432255,-0.38577297,-0.5176657,-0.32682538,0.06919891,0.061357345,0.026167654,0.0719246,0.23763086,0.09727418,0.41772622,0.113138504,-0.3609837,-0.17210053,0.4571152,0.16829775,0.008124378,0.4835284,0.048260488,0.07999074,0.17676367,-0.56360674,0.39579546,0.10770605,-0.37713087,0.09609478,-0.06454418,-0.16315822,-0.20092314,-0.18272462,-0.046667747,-0.36501357,0.03118098,-0.43021667,0.38763604,0.48994797,-0.26363027,-0.3668977,-0.09088175,0.49280593,-0.14464957,-0.17030074,0.2674626,0.04838541,0.14908263,-0.034957703,-0.04382665,-0.40119958,-0.09425023,-0.17330237,0.12184737,0.79763484,0.09472354,-0.461815,-0.0029040896,-0.32185966,0.059991047,0.19430637,0.05269962,0.5487437,0.1381686,0.23420742,0.43134835,0.32394555,0.50489765,0.33728424,-0.33243707,0.032600056,-0.64886403,-0.64290404,0.41002125,0.05866046,0.38748595,0.5568976,-0.16399798,-0.30728212,-0.062682375,-0.63916755,-0.10408699,-0.13968162,0.15716891,0.22625938,-0.20993322,-0.021635432,0.32328475,0.0012458471,-0.14490797,-0.24810342,-0.26120442,0.62883633,0.31914255,0.11945133,0.13740058,0.63940954,0.38514003,-0.29267737,0.069987096,0.56884164,0.15446457,0.0338635,-0.33124924,-0.17515236,0.4630612,0.30446517,0.31638122,0.3140843,-0.0034918725,0.5125406,-0.18895067,0.44369292,-0.15392262,-1.1169304,-0.43974045,-0.5884292,0.40091148,-0.42501011,-0.13333777,0.64936644,-0.44245076,0.2108828,-0.28413865,0.19899721,-0.047564402,-0.17874947,-0.014723749,0.5609732,-0.10584753,-0.12585846,-0.39245903,0.04370351,-0.034599964,-0.0700612,0.61576086,0.06903481,-0.04564021,-0.44256958,-0.56536525,-0.01947014,-0.7564895,0.09353046,0.42513263,-0.15134905,-0.14428444,0.12261122,0.027604735,-0.1556972,-0.56815726,-0.11596524,-0.11638542,-0.8120191,0.16501114,-0.24516578,-0.35911438,0.27501076,-0.47698224,-0.48253685,-0.14370395,-0.13995853,-0.13472535,-1.0216262,0.21315947,-0.0845058,-0.23396422,-0.04670509,-0.040410437,0.10382761,-0.3583068,-0.046710458,0.06290779,-0.003405235,-0.23235519,-0.4277239,-0.12045823,-0.6156819,-0.30343714,-0.12902135,-0.46038425,0.1367743,0.07241423,-0.18354875,0.19922017,0.3007918,-0.34501702,-0.16319296,0.07821544,0.25619632,-0.42325446,0.0012215223,-0.25353515,0.050829787,-0.22452873,0.27081057,0.12894517,0.13879019,-0.3089307,-0.5537495,-0.41384232,-0.36064112,-0.5156667,-0.09733519,-0.15995039,-0.37035048,0.100682534,-0.33029756,-0.24399833,0.7146127,0.28881568,0.11789222,0.050931286,0.12075163,0.36324966,0.09985478,0.09600514,-0.2144253,0.63346404,-0.4497802,-0.23088092,0.08215497,0.12326173,-0.06356122,0.3862006,0.20107594,-0.25037414,0.056796122,-0.031756315,-0.20815352,-0.2671588,0.09660347,0.15692084,-0.07252214,0.65899193,0.70429885,0.016413547,0.112899676,-0.11598318,0.07138999,-0.29416212,0.2252355,-0.33081752,0.28752536,0.33983216,-0.36681703,0.20849746,0.27357998,0.13390191,-0.17709717,0.4076741,0.19757879,-0.4319116,0.20493904,-0.15752654,0.47726083,-0.29983094,-0.43031582,-0.088309765,0.22740859,-0.019784823,0.15201476,0.23350778,0.42866188,0.2590504,0.6012395,-0.19820416,-0.1101654,-0.07748823,0.04933684,0.69206285,-0.042101193,0.08248905,-0.41742527,-0.26543424,0.03917972,0.57864463,-0.009081917,0.14213009,0.1686566,0.22842215,0.42237654,-0.2774192,0.014590277,-0.30354157,-0.70939475,0.22525333,-0.2173197,0.40666062,-0.40149114,0.0040817773,-0.6953719,0.23097718,-0.071194686,0.37422302,-0.1835176,0.09069704,-0.093190625,-0.42921486,-0.04058336,-0.21064983,0.26034632,0.23201446,-0.49569893,-0.28063643,0.3732288,0.07447511,-0.39334568,0.28952375,-0.1137003,0.26671544,-0.41988292,-0.28586036,-0.36941746,-0.21787733,-0.08990452,-0.07986161,0.084471844,0.38020873,0.29314548,-0.11635825,0.11751675,-0.07011952,-0.3864857,-0.55043423,0.45359382,-0.25405446,-0.14935744,-0.3806708,-0.13420536,-0.6792287,-0.07316648,0.34340504,0.19936807,-0.030165715,0.31174213,0.08460182,-0.23779653,0.868005,-0.13042212,0.075555235,-0.6256761,-0.25676095,-0.45874986,0.10327854,0.50953376,0.15748124,-0.1507897,0.0052463217,0.21098335,-0.2550571,0.301499,-0.77305925,0.25232244,0.14513889,-0.17582183,-0.11675733,-0.15736905,0.13811862,0.113429695,-0.24905235,-0.5194579,-0.37436852,0.31666997,-0.2774691,-0.49973947,0.22095986,0.16758308,0.15351604,0.12313435,-0.34754235,-0.27575272,-0.25630778,-0.26632994,-0.013325074,-0.042592816,0.2712046,0.5037281,-0.33507413,-0.0073331427,0.550374,-0.06428376,0.0,0,0,1,0,0,0,0,0,0,0,0,0,0,0,1,0,0,0,0,0,0,0,0,0.0,0.0,0.0,0.0
0.35729992,-0.18246439,0.6101654,0.031993736,0.38518712,-0.6704647,-0.044707473,0.5017085,-0.1265807,0.06879442,-0.31791958,-0.0016948313,0.08332073,0.1175354,0.17770053,0.62022185,-0.30141076,0.15115914,0.08535134,0.16078086,0.51458967,-0.06691738,-0.20585327,-0.063385494,0.3094739,0.1839596,0.33085606,-0.35551593,-0.8873819,-0.12625884,0.32350957,0.38917047,0.20291094,-0.3793042,-0.14737372,-0.34308067,-0.09490304,-0.3905213,0.28281188,0.37165093,0.048691597,-0.1309897,0.33821356,0.0969301,-0.114974834,0.023525737,-0.19813572,-0.4639059,-0.0805299,-0.16158432,-0.9676562,0.10729936,0.20778212,0.08270389,0.2955369,0.287574,0.34194383,-0.42046762,-0.19050695,0.08022134,-0.07099469,0.39548457,-0.15659116,-0.028278701,-0.0033775487,0.12462241,0.052990593,0.49844605,-0.99888694,0.24259216,0.12313335,0.10594999,-0.109082244,0.2828525,0.22538342,0.350353,0.086564824,0.65653694,0.24863745,-0.060194895,0.19040304,0.35612443,0.2892799,0.23508038,0.38037437,0.3788884,0.0717374,-0.08622885,-0.5465472,0.67872846,-0.3276343,-0.02840368,0.117730655,-0.24695504,0.7452549,-0.47484136,-0.23389529,-0.5445544,-0.2829669,-0.02923176,0.60743797,-0.22604063,-0.15266016,0.14072718,-0.27376157,-0.09285004,-0.7069293,-0.46811348,-0.19355375,0.52679574,-0.21573174,0.31440222,0.08686812,-0.52791405,-0.16546063,0.09140465,0.07759194,0.18867725,0.14307497,0.22236444,0.06348503,0.5317253,0.067413114,0.17081136,0.2434191,0.02640841,-0.1456921,-0.023588179,0.22525874,0.23582155,0.92379576,0.55430627,0.36113068,-0.37112615,0.04502028,0.044177663,-0.06807365,-0.48647162,-0.08584139,-0.14798307,0.06976923,-0.16514096,0.06614694,0.056215573,0.22746807,0.29405737,-0.03989793,-0.3464439,-0.4713321,0.34596348,-0.4735655,-0.08996912,-0.17139147,0.029645698,0.20049612,0.07182529,-0.07523629,0.1364387,0.12586647,0.08531852,0.06445005,0.39733085,-0.20250326,-0.11475295,0.07414872,0.037184834,-0.1621427,0.43509772,-0.047300573,-0.0023702504,-0.12751377,-0.310167,0.12899487,-0.014485205,0.21689138,0.36652783,0.17294979,-0.118143596,0.5484574,0.5509978,-0.62460446,-0.15970862,0.3187609,-0.5614618,-0.06825275,0.014531639,0.6533517,-0.4536543,0.29546252,0.1493158,-0.4175848,0.14827152,0.15178637,-0.5365442,0.0014679822,-0.20852205,-0.31555146,-0.4497476,0.051704716,-0.2254055,0.2095167,0.1527427,-0.32559434,-0.099721454,-0.6082795,0.2815129,0.18869235,-0.6343859,-0.28488106,-0.34866893,-0.35904637,0.23881964,-0.278913,0.40251485,-0.07780076,0.12132639,0.12593019,-0.044862412,0.0008412549,0.10112439,0.31982127,-0.44858906,-0.017909346,0.15718073,0.027153984,1.1756134,0.096320465,-0.15521823,0.87899745,0.3277978,-0.28132558,0.07737623,0.5372951,-0.16399072,0.23818745,0.04777031,-0.4943387,-0.6879066,0.27976707,0.0886954,-0.09072923,0.46338212,0.288509,0.31461143,0.072924085,0.329524,-0.17035156,-0.27062988,-0.18041393,-0.19954918,0.2229278,-0.025310846,-0.5927464,-0.49362323,-0.33067685,-0.26489133,-0.39571813,-0.19400786,-0.10063467,0.13676894,-0.026584845,0.051475752,0.14980912,-0.017422516,0.013628415,-0.6650026,0.43601185,0.010744939,0.4498012,0.1780438,-0.10083477,-0.21448237,-0.13654476,0.42890793,0.19771135,-0.12970792,-0.04268582,-0.048280973,0.041898314,0.05093547,0.14334972,0.12062896,-0.02050021,-0.15137255,-0.5093936,-0.0646763,0.16112368,-0.057225708,-0.46229318,0.04521894,-0.6355245,0.37779906,-0.60263515,-0.16734758,0.9043562,0.33890352,-0.30397907,0.32122272,-0.1883082,-0.19608232,0.6478538,-0.23553964,-0.040480558,-0.19177234,-0.27358523,0.4027564,-0.7081297,-0.74929595,-8.371529,-0.439338,-0.46225232,-0.34047776,-0.11008334,-0.3857617,0.13894184,-0.3401932,0.06835257,0.0105226515,-0.15676855,-0.042445324,0.10247877,-0.38618007,-0.24999498,0.52984565,0.59508026,-0.16027157,0.2622412,0.20699582,-0.1127825,-0.25452226,0.11896931,0.0508133,0.15560745,0.104727104,-0.27607077,-0.07461197,0.052710284,-0.41989625,-0.119868726,0.043893322,-0.23938331,1.1031301,0.18854566,-0.4080812,-0.12974769,-0.32200566,-0.17589779,-0.298095,0.052371763,0.029581,0.049930997,-0.0025882362,1.0831649,-0.51055706,0.28937793,0.34088913,-0.29336798,0.06949633,-0.22823013,-0.47520366,-0.17891636,-0.4003022,-0.17352706,-0.39384595,0.11486446,0.9646036,-0.16987261,0.15316397,0.43208104,-0.5041622,-0.030842267,-0.20237902,-0.57688487,-0.2744861,-0.6570048,-0.660889,-0.10998075,-0.059865173,-0.5479171,0.512102,-0.0073648756,-1.1515661,0.13950244,-0.4537759,0.19689955,0.30770886,-0.23279756,-0.09776174,-0.19025986,-0.31169605,0.09157425,-0.17846796,-0.372695,-0.388793,0.02177705,-0.19246209,-0.6566607,-0.057121247,-0.34693894,0.073537,0.24288818,0.014380764,0.12766048,-0.05596501,0.698627,-0.63370377,-0.040491506,0.248541,0.5034555,-0.24439709,0.46936154,-0.4100565,-0.286389,0.14166528,-0.3228903,0.0077928896,0.21885014,-0.12791677,-0.14158036,-0.037834723,-0.34228525,0.17055142,-0.21872754,-0.11475455,0.3840414,0.31450206,0.21095957,-0.5174149,-0.40149203,0.19973198,-0.27042815,-0.24791105,0.064758345,0.03868909,-0.13634257,0.08764406,-0.60634196,0.16675057,-0.11690135,-0.25150886,-0.0977967,-0.028645756,0.09950205,0.11852831,-0.06484087,0.023927553,0.51009774,0.15853296,0.1415607,0.36395022,0.38234273,0.07632492,0.15758125,-0.13759312,0.26182824,0.5241632,-0.0012452619,0.08542013,-0.17236501,-0.48322096,0.08056497,-0.15888155,0.36423814,-0.007935694,0.5270189,-0.1526841,-0.16583836,-0.60188955,0.3848948,-0.3348581,-0.04986603,0.39367145,0.047469653,0.053686667,-0.024605913,0.5085026,-0.04209471,-0.6254005,-0.11766958,0.24314784,-0.016060598,0.17950465,0.31863704,0.21318938,0.31033638,-0.46867958,-0.055811472,0.354109,-0.09861634,-0.16374767,0.015040266,-0.15409534,0.2537188,-0.45481315,0.16611862,0.29717442,0.58909255,0.6273822,-0.121040486,0.74218106,0.013913521,-0.39025974,0.4100933,-0.7385659,0.42491847,-0.41193333,-0.1532949,0.36072168,-0.26426733,0.0027250708,-0.71249574,0.03913371,-0.5763823,-0.057028085,-0.03884974,0.20617662,0.11578584,-0.35049602,-0.6105086,-0.4979738,-0.32555538,0.009730257,-0.20782404,-0.05546851,-0.51960975,-0.10508449,-0.3596085,0.2985973,0.12980418,0.1022201,0.14663315,0.2982735,-0.22468153,0.32702813,0.31467998,-0.2732648,-0.1333543,0.17202133,0.120114364,-1.0184982,-0.17514175,-0.20577365,-0.13290195,0.09180801,-0.91763604,0.22900635,0.0016877822,-0.37878972,-0.35957348,-0.2980465,-0.33079082,-0.34614643,-0.49463627,0.1647263,-0.22330034,-0.038397472,-0.32529277,0.0058583785,0.1775977,-0.5459647,0.02310062,-0.33195546,0.43030632,-0.27820742,0.20128714,-0.14126182,-0.30518022,0.07449841,0.38330346,0.10149424,0.14189896,0.4232932,0.077396505,-0.08732019,-0.28820688,-0.06180687,-0.049391616,-0.58092356,-0.4606807,-0.17263155,0.32893878,0.48784783,0.2521537,-0.1390921,-0.058642235,-0.3442249,-0.3647698,-0.38420814,-0.39055943,-0.022379423,0.4525204,0.04614553,0.39201343,-0.24425901,-0.504328,0.26510692,0.031010969,-0.055296,0.20717914,0.52058786,-0.39797276,0.21060263,-0.27859935,0.20345844,0.61396766,-0.23648256,0.29314315,0.35411817,-0.1460158,0.11575051,0.57949907,-0.01190791,0.22115521,0.22077282,0.050372034,-0.10085722,0.024941452,-0.29981092,-0.061157975,-0.33763337,0.21924046,0.7769974,0.16224234,-0.4445789,-0.7127866,-0.16843545,-0.5043949,-0.0643159,-0.11003369,0.4567723,0.42030045,-0.096580334,-0.23106275,-0.028574733,0.22232708,-0.13313444,0.40222183,-0.16391732,-0.23450628,-0.006748912,-0.25997078,0.2926815,0.092503995,-0.16208021,-0.25484964,-0.22872114,-0.2722169,0.011389637,-0.14468753,0.07114443,-0.40236723,0.2824881,-0.2218513,-0.01573093,-0.1668158,-0.049101297,0.14254707,0.08436336,0.25959617,0.112303264,-0.17247875,0.32336384,-0.0050167604,-0.06592598,0.11990938,-0.16441262,-0.113243036,0.5552828,0.37288526,0.21044818,-0.16808437,-0.659671,-0.2698012,0.0009585951,0.3831784,-0.21741524,0.07975284,0.3173463,0.28745496,0.12483952,-0.022485707,0.06568934,-0.05692453,-0.08900071,0.12730168,-0.17700283,-0.16849342,0.11084542,-0.47524276,-0.16513191,-0.7606725,0.1357845,0.34445775,-0.27996883,0.07196796,-0.16405152,-0.3735511,-0.41683957,-0.5092836,0.49257767,0.1216957,-0.103340074,-0.025158364,-0.21258073,-0.093393624,0.14698441,0.16129932,-0.2531323,-0.13974625,0.030618055,0.027198479,0.15500955,-0.15975222,-0.0014119844,-0.13366264,0.60558885,-0.63050115,-0.02871144,0.30380157,0.37517652,0.08720363,0.05351969,-0.07625146,0.27179718,0.6881809,0.016843144,-0.34018767,0.145667,-0.3978232,-0.4123043,0.30941877,0.02617405,0.06942453,-0.5438647,-0.15087232,-0.00605031,-0.09462931,0.31968924,-0.33094814,-0.23828489,0.21904457,0.34934017,-0.56862336,-0.51387477,-0.018329974,0.28689334,0.08934676,0.26425332,-0.38564718,-0.010765681,0.36065248,-0.3132338,0.013994348,0.18938723,0.012532007,-0.07863456,-0.6169752,-0.18629849,-0.266973,-0.14901786,-0.8234522,-0.3762894,0.12709421,0.08754321,-0.35405815,-0.38587233,-0.10073061,0.3067169,0.13333333333333336,0,0,1,0,0,0,0,1,1,1,1,0,0,1,2,0,0,0,0,0,0,0,1,0.0,0.0,0.0,-0.13333333333333333
-0.040376186,-0.5160777,0.46654546,0.2051558,0.6350755,-0.1778611,-0.30811626,0.20727943,-0.16902618,-0.36870053,0.28399125,-0.36886632,0.31139228,0.233459,-0.26219258,0.33200538,-0.22949986,0.17911012,-0.16803946,-0.22973208,0.194937,0.07261274,-0.41338688,0.0041104965,0.23080024,0.11663359,-0.3842059,0.10807932,-0.7110353,-0.11777165,0.37680623,0.21426015,0.24221218,-0.13539554,0.16570018,-0.23808949,-0.21088131,-0.006804426,0.0016937009,0.41657773,-0.5210052,-0.040799227,0.16708648,0.12393341,-0.15558374,0.0698909,-0.3225715,-0.45715928,0.009503902,-0.28122264,-0.8730438,-0.033372115,-0.357331,-0.32157364,0.18421307,0.4197743,0.45859966,-0.8186384,0.39550456,0.002060114,0.120526336,-0.24206871,0.13456282,0.19276224,-0.1384567,-0.38463643,0.22360687,0.16143551,-0.45098644,0.15821244,0.19106817,0.24063812,-0.057160236,0.065147355,-0.32524472,0.044507515,-0.41403726,0.26201153,0.13288862,0.086806014,-0.37986812,0.43173012,0.100259244,-0.11898036,0.5274605,0.035582915,0.1257815,0.26440334,-0.20966592,0.7214927,0.103066064,-0.23645695,0.024191381,0.13367844,0.44545573,-0.40501508,-0.30499342,-0.11456483,-0.062128045,0.1638258,0.254466,-0.44371295,-0.04981404,0.0762078,-0.31453067,-0.13578597,-0.51399446,0.2460563,-0.20689258,-0.04858737,0.37029943,0.37816116,-0.033609904,-0.2606656,-0.2532872,-0.016624004,-0.26084885,0.28805634,0.73202056,-0.4185127,-0.15395048,0.7267597,-0.19869904,0.32478392,0.122219056,-0.15646333,-0.055502124,0.21860184,0.5081011,0.24240781,-0.19463553,0.22395557,0.17467746,-0.16882211,0.24508287,0.10236337,-0.2897915,-0.022689022,-0.01627507,-0.5584782,-0.43624488,-0.54487073,0.70246094,0.32541832,0.28206274,0.15217693,0.11829283,-0.055078696,-0.09700421,0.5708015,0.0035118135,0.22855014,-0.40226796,-0.0035754645,-0.13902615,-0.077225186,-0.045794144,0.35220662,-0.08803501,0.4854974,0.43506366,-0.084703945,-0.14609005,-0.10043157,0.17309956,-0.14473191,0.33740625,0.27447575,0.4350814,0.15122518,-0.006357202,-0.10755045,0.20462464,0.04143475,0.10003993,0.6077602,-0.19126093,-0.001680046,0.15913615,0.6992276,-0.5464827,-0.019340435,0.37328988,-0.10513704,0.35238332,0.25441045,0.095453255,-0.25672325,0.45944688,0.122018725,-0.3290939,-0.100735426,0.23713325,-0.2059156,0.10584401,-0.15708512,-0.15475726,-0.38131297,0.22085482,-0.36566752,0.027165288,0.1781057,-0.36160254,-0.21216977,-0.06771379,0.19333467,-0.015575455,-0.32207242,-0.6867497,0.008174602,-0.22769138,0.36842617,-0.46930754,0.041997742,0.43692902,0.071150444,-0.5246844,-0.40180203,-0.2230595,0.27444756,-0.101616554,-0.21843113,-0.069660924,0.2989492,-0.29214603,1.5368439,0.11771556,-0.38219598,0.44436833,0.1898196,0.44859302,-0.06654021,0.011268255,-0.30874968,0.24828064,0.18997782,-0.018039592,-0.3078436,0.20744346,0.33036828,-0.6111587,0.4234567,0.029652417,0.01254552,-0.3071784,0.37056768,-0.1416303,-0.47518963,0.030374946,-0.1475193,-0.59582925,-0.27626878,-0.025847707,-0.32628465,-0.081499025,-0.24972594,0.07953278,-0.108941816,-0.5600464,-0.047993742,0.10202598,0.36681262,-0.09990492,-0.4358241,0.14400057,-0.16862461,-0.1503915,0.4564854,0.8453181,0.012889886,-0.2540783,-0.20140943,-0.076564506,0.34156376,-0.17836085,-0.23368712,0.14970443,0.16705708,0.19714895,-0.32605374,0.06836656,0.5441045,-0.26831982,0.23366334,-0.21403182,0.09517445,0.29596096,0.10855029,-0.28504276,-0.11940175,-0.22723812,-0.43157005,-0.5939018,0.29414952,0.65315974,0.6523941,0.15045278,0.5722567,-0.089157075,-0.37715396,0.3154233,-0.054003343,0.13928914,0.018536406,-0.44901562,-0.25160438,-0.5324022,-0.22617325,-9.192287,-0.23298578,-0.18556593,0.074210666,-0.042229205,-0.41540763,-0.22159357,0.1580201,0.09521349,-0.10198154,-0.18240221,-0.40761948,-0.011028561,-0.5942958,-0.056999303,-0.091427095,0.112169296,0.39582404,-0.3227145,-0.24322194,-0.48417142,-0.48486435,0.3982817,0.04104281,0.38546246,-0.2920077,-0.25690636,-0.20238972,0.06857637,-0.34715515,-0.0142506715,-0.1753338,0.08748784,0.744357,-0.22839718,-0.044444814,-0.15901333,-0.4149715,0.26816,0.28944433,0.06448205,-0.0028652067,0.41340664,0.23823825,0.57565176,-0.47222888,0.15895544,-0.057058025,0.35345694,-0.08941183,-0.35708752,0.032611903,-0.12425047,-0.2694461,0.17550358,0.05828687,-0.14420792,0.661112,-0.51580805,-0.013709463,0.6285364,-0.37970325,-0.22198252,-0.058601804,-0.01638665,-0.03400126,-0.44204858,-0.49739936,-0.19505441,-0.30282867,0.08287947,0.5557855,0.16066116,-1.6482948,-0.2480529,0.15535581,0.35419494,0.21578203,-0.09859321,-0.3345227,-0.4441921,-0.66460276,0.3513714,-0.19978577,0.09408751,-0.34563774,0.23146784,-0.12929809,-0.4572674,0.31885567,-0.24165574,0.22815812,0.4086429,0.072600596,0.32500008,-0.35047406,0.0140086,-0.27716306,-0.13530561,0.4674706,0.34992275,0.0069046495,-0.2501223,0.14924876,-0.4780245,-0.117968835,-0.28052425,0.04949572,-0.03859896,0.044631414,-0.029336229,0.28159606,-0.34674376,-0.1878823,-0.26446426,-0.10174487,-0.13596518,0.59498525,0.10421278,-0.7032933,-0.17457506,0.06434073,0.10229456,-0.39538592,0.16321732,0.047429305,-0.40838227,0.4543566,-0.12910943,-0.44658187,0.0009834784,-0.05985652,-0.25131404,-0.26831248,0.16401482,-0.23411725,-0.14849743,0.5115079,-0.14974998,0.0038785217,0.5670695,0.0574171,0.4903477,0.04771301,-0.38568947,-0.26279977,-0.041766673,0.3133773,0.003608247,0.04985702,-0.2913453,-0.39758405,0.28720737,-0.014181107,-0.008651388,0.0594774,0.19680972,-0.6923922,-0.049223617,-0.51344484,0.04861769,0.29232848,0.046865396,0.15062293,-0.24472037,-0.029130926,-0.13171819,0.030732153,-0.094272226,-0.21251024,-0.5132123,0.36069286,0.47268018,-0.03858788,-0.021547332,0.2282982,0.45294493,-0.29593548,0.13159367,0.44876438,0.34989512,0.13357458,0.11361506,0.22002651,0.42970598,-0.07182024,-0.13544834,0.1090975,0.3203237,0.18433325,-0.709938,0.8381317,-0.11827898,-0.68783003,0.22535715,-0.55595106,0.082738325,0.30026215,-0.12430524,-0.0412561,-0.28494552,-0.15172175,-0.24523358,-0.12648255,-0.3633494,0.004353891,0.23136969,0.36700493,-0.07929495,0.22079483,-0.13910139,-0.61950225,-0.60271126,-0.1736532,0.34007272,-0.16846992,-0.21617377,-0.17511879,-0.7251585,0.16678505,-0.1611908,0.005369629,0.25881192,-0.025013588,0.26595446,0.06728711,0.13166644,-0.009471293,-0.31692946,0.33833364,-0.43585843,-1.6703084,-0.027665246,0.08689205,-0.020140462,-0.086907215,-0.6134177,0.06318964,-0.39236283,-0.008135924,-0.6163539,-0.59441644,-0.45290932,-0.5104286,0.049797583,0.09938593,-0.29432237,0.31467822,-0.26308364,-0.08673408,0.26072913,-0.31492618,-0.16771631,-0.39980412,0.3611254,0.02959622,0.011255141,-0.49739102,-0.613435,0.35157314,-0.48231235,-0.5030548,-0.066880085,0.42403656,0.10301264,-0.07542345,0.112406485,0.18128103,-0.086815156,-0.43207514,0.09059234,-0.1052361,0.22215742,0.2308207,-0.40156886,-0.14567962,0.10537967,-0.3134634,0.105056345,-0.3730322,-0.43335637,-0.34621474,0.15716216,-0.0038671268,0.26423198,0.19858019,-0.20232677,-0.32782272,0.2046937,0.08227244,0.2934585,0.03157575,-0.4017767,0.03729576,-0.020268952,0.3375371,0.21486469,-0.03094105,0.2824559,0.35187706,0.21632643,-0.15343547,0.4332119,0.008696815,0.10471975,0.20018815,0.08051211,0.09182148,-0.4637619,-0.51168364,0.11456952,0.07446079,0.3741488,0.41737586,-0.19229455,0.038353715,-0.43028277,0.046723846,0.0057531814,0.19785391,-0.48914886,0.26780623,0.12670682,-0.23463534,-0.016669279,0.5490793,0.29854977,-0.29310074,-0.19669117,0.29341105,-0.5507349,0.25637475,-0.12854944,-0.44445774,0.11554295,-0.17135423,0.41626975,0.023230076,-0.08946804,0.15060382,-0.06275248,0.11834112,-0.263546,0.13346715,0.05478344,-0.15464063,-0.03222035,0.6799786,0.17232534,0.5274418,-0.04599898,-0.22153342,0.072372675,0.07556227,0.008347712,-0.22695589,-0.1386661,-0.050295938,0.020277506,0.587445,0.5925367,-0.12544307,0.07141267,-0.7920364,0.16151917,-0.043927036,0.19239321,0.043391928,0.29755124,-0.37752476,0.4658236,0.08623464,0.44604337,0.10526397,0.038546957,0.18983895,0.42151698,-0.17089258,-0.41491348,-0.15130743,-0.20587935,0.04488994,-0.47265255,0.06973669,-0.31465492,-0.06750928,0.07503786,0.29770243,0.11127805,-0.24482706,-0.06884677,0.36635876,-0.059488896,0.09350469,0.029960362,0.113552205,0.14313501,-0.106128,0.37526664,-0.060925018,0.15812057,-0.5713165,0.38142753,-0.13209017,0.02609655,0.21748483,-0.0894418,0.3911296,-0.71208465,-0.47660798,0.5922575,0.1706259,0.021689288,0.20703533,0.1243372,0.04370941,-0.025092987,-0.10373805,-0.47131172,0.013957783,-0.5421586,-0.17293163,0.052531295,-0.31081784,-0.050296232,-0.8387056,-0.04861605,0.26094747,0.111534394,0.06593692,0.11313133,0.29455262,0.3277002,-0.27726895,-0.27445287,-0.23456484,-0.48090863,0.16580439,-0.03221857,0.532294,-0.3706068,0.020131811,0.12843369,-0.302149,0.014374087,0.15099427,0.07710021,-0.35529923,-0.2573761,-0.34093887,-0.18244103,-0.207991,-0.12781218,0.11699395,0.20225924,0.28333268,-0.43546936,-0.24804157,0.06380579,0.46429855,0.0,1,0,1,0,0,0,0,0,0,0,0,0,0,0,1,0,0,0,0,0,0,0,0,0.0,0.0,0.0,0.0
-0.104766876,-0.4625108,0.57582164,0.04437147,0.31622598,-0.15372862,-0.17865773,0.11506044,-0.016951967,0.13401009,0.0037137298,0.24151297,0.19281878,0.05072796,0.026810877,0.18056156,0.11630451,0.11426966,-0.08983066,-0.31449524,-0.2097551,-0.23049107,0.025097301,-0.38219142,0.27329957,0.31872332,0.3015859,-0.18705827,-0.72972924,0.09209897,0.37310943,0.30848476,-0.17069764,-0.08979409,0.29518706,-0.30525136,-0.41085544,-0.31944904,-0.345988,0.0958356,-0.0758755,-0.23209123,0.18245576,-0.17175673,-0.32208672,0.27334487,0.27589685,-0.4933818,0.11410865,-0.18738705,-0.45107716,-0.027952315,-0.32288647,-0.37991723,0.16507748,0.6203426,-0.1313232,-0.49216133,-0.42059764,-0.09085527,0.33800116,-0.29828444,0.12074225,0.20021178,0.29427865,-0.23204714,0.17703395,0.6627508,-0.73239535,0.10630603,-0.04551193,0.101919785,-0.17904028,0.0024196133,0.0041540605,0.08954498,-0.25006944,0.62264216,0.1991002,0.13532633,0.15853603,0.22123335,0.36466295,-0.049889702,0.30309892,0.09238716,-0.15046754,-0.06407118,0.08095451,0.97623056,0.25113362,0.2817293,-0.0363904,0.09927028,0.23059697,-0.17271152,-0.39184535,-0.2286718,0.3507491,-0.16110554,0.29906738,-0.27450293,0.2915294,-0.31143567,-0.18443352,0.02917081,-0.5186515,0.09767773,-0.098308995,0.16561462,-0.15039238,0.20724148,0.12545802,-0.3636077,-0.15952037,-0.29285726,-0.02075564,0.19181319,0.5787666,0.17229421,0.089150906,0.07636233,0.09854924,0.06268521,0.38380674,0.13109349,0.43211755,0.282426,0.3393344,0.15929559,0.3297378,0.120839186,0.10930436,-0.07203336,0.13940696,0.3277606,-0.34564784,-0.49528712,-0.070673674,-0.13906899,-0.3772159,-0.09783979,-0.051273484,0.48982993,0.309692,0.29287395,0.08103581,-0.11313946,-0.3554554,0.5761425,-0.51998246,-0.18659532,-0.04853736,-0.09192051,-0.23722136,-0.0774198,0.06904307,0.2786328,-0.40169227,-0.028152494,0.57623935,0.23900278,0.3211399,-0.008182484,0.08679188,0.1848537,-0.290681,0.34190762,-0.13700639,-0.23270355,-0.29233846,-0.6113744,0.2171085,-0.48886126,0.118442774,0.22074957,-0.252415,-0.034820743,0.3637872,0.49576306,-0.68797594,-0.0803479,0.547106,-0.19075048,0.20271112,-0.29487142,-0.17428368,-0.45018822,0.51399803,0.2940922,-0.3637413,0.109305404,0.20920992,-0.87094176,-0.055079322,-0.5539651,0.50266844,-0.37493315,0.12140915,-0.20537269,0.18140846,0.76546264,0.2396933,-0.13101739,0.037321147,0.2673729,-0.04188602,-0.1845453,-0.19016972,0.08091586,-0.17652771,0.2132458,0.27727672,-0.1814766,0.23554939,-0.253171,0.6263131,-0.36173412,0.33965182,-0.016459513,-0.12814693,-0.024471328,0.2112785,0.3450037,-0.3961201,0.9142511,0.15686786,-0.36031544,0.23855372,0.15502903,-0.124063216,-0.33732125,0.13783936,0.13246496,0.67368937,0.5928223,-0.6110716,-0.06726696,-0.12361839,-0.048380513,-0.1291108,0.3773125,0.45466113,-0.12581368,0.07991067,0.33537474,-0.48345125,-0.21492197,-0.5264542,0.093862325,0.19381143,-0.29815596,-0.3564014,-0.46563894,-0.50993466,-0.4557683,0.02353504,-0.24307686,-0.03533631,-0.48678753,0.18427429,-0.2771028,0.19597715,-0.0583677,0.1000263,-0.22750539,0.276898,0.31341466,0.20420417,0.22953482,0.04484963,-0.22089785,-0.22183985,0.56996137,-0.0121083185,0.18613929,0.19522627,-0.049689803,-0.06617926,-0.24392256,0.13160847,0.15439625,0.09953482,-0.11595403,-0.2969834,0.1241432,0.19006139,0.2641097,-0.07432961,-0.5232541,-0.6636396,0.09543715,-0.19488847,0.24241824,0.68466103,0.056995124,-0.4025425,0.34209388,-0.5466205,-0.21904126,0.2320624,-0.51443255,0.40936646,-0.2793212,0.16039635,-0.07041447,-0.61354333,-0.38386714,-9.20201,-0.44533435,-0.9685538,0.08182083,0.01358827,-0.32245907,0.47185838,0.17959088,0.067535065,-0.17438324,0.144326,-0.3545843,0.4771587,-0.2639477,0.41787934,0.11521568,0.56604177,0.09558639,0.096819274,-0.2411385,0.03375632,-0.72682357,0.10888071,0.37286448,0.43151978,0.05802733,0.0876675,-0.058149375,-0.46563256,-0.09354494,-0.05191376,-0.31161913,0.15743183,1.169258,-0.06571136,-0.5546966,0.006626496,-0.39704472,-0.0048553823,-0.18921022,-0.013334525,-0.1918288,-0.0643405,0.13095926,0.6177517,-0.2298188,0.014835486,-0.022058982,-0.05438396,0.062056303,-0.11199021,0.15532966,-0.092299365,-0.5686551,-0.32724,0.2507068,-0.13861667,0.68627065,-0.6125091,0.042472318,0.39740953,-0.20952804,0.14400728,0.36099997,-0.8840683,0.25267762,-0.6926483,-0.5802884,0.27505207,-0.30740508,-0.25033864,0.16299112,0.61680293,-1.1561005,-0.39797086,-0.57986313,0.4240078,0.8191112,-0.20433167,-0.15323403,-0.08908729,-0.7894499,-0.3149688,-0.052054394,-0.43365428,-0.14576082,0.17041017,-0.2746767,-0.4888129,-0.29438156,0.013403958,-0.19089112,0.29922724,-0.02286563,-0.5603865,-0.44881862,0.41166943,-0.39551085,-0.18075152,-0.0011574912,0.5064234,0.08684455,0.3354818,-0.64534914,-0.5200459,0.1702509,-0.5436486,-0.09321261,-0.03475675,-0.12219743,0.39009586,-0.5370464,-0.26826707,-0.1303799,-0.2954931,-0.047361597,-0.14634466,0.2719889,-0.007794547,-0.42687625,-0.14084119,-0.43824917,-0.5034622,-0.5873404,0.056979015,0.23635004,-0.78536415,0.21800752,-0.41932788,0.17385864,-0.31549335,-0.15451771,-0.09665788,-0.052602943,0.18363324,0.07947266,0.33075455,-0.09942304,0.09698888,-0.11553106,0.44904965,0.10468245,0.022838362,0.105811425,0.068673275,-0.02199242,0.39481717,0.13855779,-0.026605135,0.13929403,-0.082292795,-0.4794422,0.2946076,0.19756345,-0.2692396,0.096159995,0.41107383,-0.4437494,-0.3788509,-0.5381046,-0.24384026,0.47099742,0.0066825175,0.102638245,-0.38399965,0.14881824,-0.0735508,-0.08713781,0.3050427,-0.051483218,-0.5034312,-0.26255637,-0.24015869,-0.093622275,0.36677754,0.019036414,0.22192837,-0.49331582,0.36697114,0.3576747,0.26612073,-0.11484541,-0.12730362,0.10068386,0.6963634,-0.25427008,-0.1613433,0.39836514,0.36641815,-0.0114276,-0.4829352,0.4724914,0.16498789,-0.3736395,0.2330505,-0.60749745,0.47215584,0.0809913,-0.2874925,0.8619227,0.18217504,0.31941742,-0.09416785,-0.18640612,-0.08857443,0.2190002,0.2595169,0.33571994,0.26471305,-0.42122775,-0.057892676,-0.43513325,-0.32216445,-0.030866515,0.26211494,0.08996358,-0.13124473,0.013108339,-0.594337,0.04232075,0.29652384,-0.020757573,0.076129854,0.11181989,-0.089384794,-0.045931622,0.47274303,-0.45188782,-0.38102326,-0.31656435,-0.108697206,-1.4116685,0.19942917,0.018121783,0.17861542,-0.2133748,-0.5972296,-0.115651876,-0.22727579,-0.328581,-0.91957146,-0.39276394,0.039431438,-0.9470954,-0.6105697,0.3818531,0.023393512,-0.3125249,-0.21018232,0.394119,0.22214311,-0.52445626,-0.2990438,0.12664506,0.44380692,-0.52080405,0.42483032,-0.56725836,-0.23255137,0.75370604,-0.13957314,0.33135384,0.11834106,0.1427246,0.2777441,0.36331487,0.06541934,0.16520685,0.0038823152,-0.42093608,0.18635064,-0.104263455,-0.19376421,-0.22812903,0.5865145,-0.13270673,-0.38320306,-0.60785943,-0.23920475,-0.41651022,-0.28374067,-0.33352977,0.111092605,0.32763737,0.38222218,0.031114772,-0.50524986,-0.23971872,-0.37308556,0.25739115,0.8686717,0.41589752,-0.53385293,0.052065138,-0.4961605,0.42003745,0.6535896,-0.13163413,0.18731834,0.26212552,0.01454198,-0.06917728,0.105168454,0.02784901,-0.45945904,0.33085805,-0.07733462,0.018504059,0.15170668,-0.19558214,-0.026154501,-0.18059736,0.5848647,0.6603495,0.47437,-0.44671926,-0.86888087,0.29135692,-0.56959295,0.06207028,-0.09040322,0.77613616,0.5884095,-0.24583855,-0.3510351,0.14186677,-0.068996556,-0.18133928,0.63498765,0.23302372,-0.31686366,-0.018950038,-0.12852077,0.20958658,0.23675911,-0.15155469,-0.19035116,-0.117208615,0.16361299,0.36802733,-0.12783553,0.34784403,0.22264391,0.14320642,0.24759313,-0.071725875,-0.33000213,-0.31258416,0.6617685,0.4486479,0.3297732,-0.076480694,-0.16016524,-0.15919541,0.0617366,-0.045524817,-0.15752783,0.21049465,0.34165597,0.39966777,0.6908077,0.29177994,0.36684456,-0.7455559,-0.11206767,-0.45525378,0.32990655,0.2453398,-0.36249158,-0.031673834,0.47049662,0.117565505,-0.12453952,0.14463748,0.31108043,0.24493708,0.05746896,0.16617307,-0.40689427,0.45308208,-0.35542524,-0.49999622,-0.24784844,-0.05050729,-0.3187374,-0.62649727,0.058729865,-0.015109357,0.037469976,-0.76810884,-0.16874307,0.16397008,0.4371793,0.1336294,-0.05603336,-0.51280206,0.17959335,-0.2331242,0.7908191,0.010284321,0.3476113,-0.19529091,-0.24575052,-0.08336738,0.20806508,0.19707815,-0.2059615,0.70634437,-0.24355209,-0.41166228,0.029918186,0.35850617,0.08433075,0.28787988,0.24269633,-0.06577267,0.28882122,-0.6440838,-0.27490258,0.07681282,-0.4716093,-0.83418566,-0.05362375,-0.37424746,-0.23522758,0.030486096,-0.15010811,0.12467716,0.37893608,-0.3542858,0.22896719,0.284855,0.3346677,0.29366064,-0.21877818,-0.11754679,-0.24314539,0.07986528,-0.12754816,0.17430101,-0.2258029,0.06956457,0.09714586,-0.44832015,-0.3286326,-0.00056208554,-0.06713596,-0.25390872,-0.6701881,-0.22933416,0.05986519,-0.32345825,-0.046107654,-0.0020884993,0.009627657,-0.33492297,-0.44185302,-0.37739772,-0.133937,0.17020361,0.0,0,0,1,0,0,0,0,0,0,0,0,0,0,0,1,0,0,0,0,0,0,0,0,0.0,0.0,0.0,0.0
0.46699414,0.07643329,0.8312685,0.4607879,0.62283665,-0.30968568,0.122241996,0.66412634,-0.4954198,-0.34584525,-0.09318016,-0.12457202,-0.069723,0.26200548,-0.019476138,0.521649,-0.039976925,0.459686,0.23568338,0.4543484,0.21846724,-0.3051676,0.34725866,0.12753056,0.32577667,-0.21329762,0.114702836,-0.07898951,-0.84632164,-0.25179785,0.39077413,0.1777287,-0.20260246,-0.050729528,-0.41590884,-0.55010325,-0.106189385,0.04657001,-0.081554316,0.3327939,-0.05921274,-0.273732,0.05674644,-0.14188582,-0.3012103,0.087292954,0.09063567,-0.12810752,0.35957488,-0.41646796,-0.7567935,0.09490325,-0.5101485,-0.26093838,0.1307398,0.59896255,0.39859444,-0.71387345,-0.37762427,0.17179185,-0.17617425,-0.11751403,-0.0120476745,-0.008721849,-0.22403793,-0.2543699,0.12751634,0.3145338,-0.6554017,0.16758886,0.24893256,0.20216191,0.055330697,0.25254682,0.10893535,0.25763053,-0.25299743,0.54385114,0.13714877,-0.19305146,-0.05441266,0.43390033,0.017282473,0.2611061,0.49388003,0.35018313,0.017511945,0.088204995,-0.34731162,0.60933816,0.16156654,-0.03218938,-0.12919098,0.19014439,0.7704985,-0.5198633,-0.3996541,-0.20093338,-0.035433456,-0.2389988,0.44255328,-0.51808953,0.2579588,0.007835292,-0.15252753,-0.18294095,-0.5815892,0.06756452,0.051057328,0.17384794,0.018555533,0.09562738,0.21660492,-0.63293743,-0.40429255,0.24397114,0.12587133,0.022674885,0.39672357,0.279698,-0.19600105,0.6154891,0.10799799,0.27416027,0.18838766,0.1819071,0.22037654,-0.05041064,-0.27038842,0.26184928,0.49673444,0.42904672,-0.013412032,-0.31493604,0.4777911,-0.1606243,0.052176204,-0.28304145,0.02336236,-0.014401026,-0.4767678,-0.3906334,0.42995918,-0.053933088,0.44215524,0.026425686,-0.20243146,-0.26705784,-0.4884081,0.1605331,-0.14860374,-0.30186167,-0.3529808,0.12773779,-0.049808454,0.049611412,-0.2035894,-0.08545357,0.059193958,0.13505776,-0.0842532,0.17643854,-0.14341404,-0.28217262,-0.3261775,-0.12817317,-0.04457925,0.47742558,0.038641658,-0.22224794,0.19304848,-0.28547814,0.6343337,-0.136791,0.3772253,0.30759558,-0.15982912,-0.13264342,0.032300044,0.77841645,-0.5568483,0.13719669,-0.014331749,-0.47682598,0.18053122,0.05627818,0.73566246,-0.4431919,0.34594235,-0.2872347,-0.4504424,-0.13550483,0.016584318,-0.32779518,0.6268449,-0.37294284,0.03840715,-0.22837882,0.35274053,-0.101997204,0.20572841,0.015401512,0.2523817,-0.36507678,-0.59921724,0.2563097,-0.08659038,-0.32114837,-0.045483984,-0.0041593434,-0.13968726,0.22173779,-0.32665738,0.2809806,0.19688587,-0.00060636905,-0.04969048,-0.28344804,0.09029256,-0.0802792,-0.20012863,-0.55735326,-0.1681752,0.041524038,0.12511824,0.97488207,0.08825565,-0.3448853,0.2764374,0.2903484,-0.23675698,-0.15914841,-0.19852285,-0.42782998,0.23184967,0.31923905,-0.12353469,-0.27793738,-0.021780966,-0.015158076,-0.28096092,0.3539132,0.45866048,0.039911933,-0.163726,-0.39999306,0.21166663,-0.689588,-0.0031063184,-0.21658207,-0.14879528,0.20190428,-0.31708762,-0.3404902,-0.08663725,0.10378042,0.18523091,-0.124821395,-0.13848159,0.020395143,0.24161258,0.07188831,-0.059294637,-0.16450752,-0.17120838,-0.6450337,0.16379835,0.12572958,0.47929314,0.16374211,0.027473666,-0.7018095,0.3751967,0.45484382,0.05454605,-0.07872301,0.172122,-0.061893445,0.06420279,-0.12521787,0.27954283,0.35906643,0.21358663,-0.1655646,-0.20854867,-0.2660907,0.5038747,-0.5245081,-0.19644243,-0.5961606,-0.47611037,-0.35015061,-0.37248933,0.24496889,0.63730496,0.5572757,-0.021752343,0.151778,-0.24679218,-0.36889714,-0.07825933,-0.08290311,-0.36665955,-0.20016909,-0.15412486,-0.104437254,-0.45971218,-0.29979652,-9.751388,-0.3006143,-0.36348706,-0.34585547,0.07067591,-0.22607201,0.08200764,-0.16794123,-0.03795165,0.002682457,0.188971,-0.19456252,0.10383346,-0.2679127,-0.3869015,0.04979432,0.7118489,0.0030204328,-0.19102474,0.07533032,-0.15229414,-0.61751914,0.2321021,0.013187963,0.48234254,0.17593011,-0.37705663,0.04297636,-0.14092627,-0.0027627624,-0.17334972,0.13197958,0.16913325,0.6903656,-0.2637229,-0.42251328,0.19469853,-0.11936618,0.3001386,-0.15656939,0.010705118,-0.3450372,-0.3849294,0.2904539,0.39878264,-0.5856121,-0.3374339,0.22444348,0.3694695,0.21018435,-0.06616521,-0.5767812,0.04240304,-0.44211727,-0.21549815,-0.119822,0.22852412,1.1586212,-0.32995933,-0.17809732,0.202721,-0.2384609,-0.5807541,-0.05864002,-0.32213727,0.40876415,-0.4318627,-0.59491515,-0.059381574,-0.12812246,-0.19732684,0.64026105,0.09097947,-1.2885765,0.3774846,-0.41778183,0.18852705,0.17567827,-0.47093713,0.07995924,-0.34490085,-0.48411238,0.008181318,-0.20261745,-0.33862957,-0.36304075,0.02419821,-0.18242641,-0.1108491,0.17310204,0.132956,-0.42374623,0.52690905,0.07166459,0.38694546,-0.36201054,0.6567394,-0.2560757,0.24961144,0.34213734,0.5155793,0.39830244,0.53461426,-0.33883762,-0.4959546,-0.15897898,0.009154691,0.19433367,0.26921293,-0.2505024,0.01901754,-0.22043648,-0.12304636,0.1676752,-0.4678136,-0.34204957,0.13093391,0.32520896,-0.085747376,-0.6171046,-0.16485208,-0.121662885,-0.4688015,-0.5191848,0.11943133,-0.08698228,-0.22866182,0.4949314,-0.073666506,-0.22963837,-0.03176188,-0.009755206,0.17137575,-0.07000781,-0.1038616,-0.45919353,-0.024285577,-0.14470167,0.07439301,0.2281033,-0.012728856,0.43981153,0.5013149,0.009479471,0.30960104,0.11454017,-0.3221185,0.17081192,0.015262239,0.16870171,-0.19688164,-1.0093943,0.2307428,0.1352668,0.3157407,0.052641135,0.6645652,-0.2749159,-0.22332932,-0.45686185,0.34797955,-0.19783735,-0.118523896,0.2449577,-0.14776692,0.14372982,0.5470737,-0.11441402,0.15746671,0.009145297,-0.14845681,0.21093248,-0.27553183,0.3185479,0.40933377,0.31824836,0.22389288,-0.41004246,-0.13485067,0.53707194,-0.15247323,-0.06919678,-0.02274749,0.09882475,0.10910175,-0.15779883,0.27974823,0.13261363,0.46114045,0.2655285,-0.19845273,0.4849832,-0.22606607,-0.21689993,0.2605864,-0.4977316,0.4854641,-0.009326928,0.17417432,0.34776035,-0.28488126,0.3118733,-0.26832783,0.27452657,-0.18549901,0.27976015,-0.1068438,0.4178128,0.40710872,0.082132176,-0.18695349,-0.5168721,-0.1642759,0.2060432,0.24366118,-0.058742337,-0.54509956,-0.04386767,-0.60709417,-0.004643547,0.10342128,0.22143294,0.03813658,0.20599413,-0.35884476,0.20963056,0.001920028,-0.41091597,-0.3137307,-0.23307882,-0.22620957,-1.3854295,-0.028077645,0.29868543,-0.155336,0.05698073,-0.2642268,0.008493457,0.17243965,-0.26534596,-0.5573871,-0.36577666,-0.3733501,-0.4062751,-0.61035335,0.28703442,-0.32585657,-0.0974603,-0.2391014,0.19196032,0.042157814,-0.31513745,-0.20810583,-0.11925313,0.23813201,-0.5330669,-0.2010825,0.20730852,-0.32028633,0.39166996,-0.22059293,0.4411248,-0.03781703,0.08334157,0.050783537,0.064308465,-0.13834828,0.26264277,-0.14922306,-0.44563258,-0.1683127,-0.18729429,0.0549398,0.3657803,0.15678105,-0.44536427,-0.17758569,-0.30987552,0.24229392,0.3604076,-0.055842947,-0.23174585,0.128336,-0.10283995,0.25519225,-0.0063516544,-0.38704807,0.3032942,0.20988964,0.19475931,0.38812461,0.5778402,-0.6691811,-0.028976835,-0.05724236,0.3612059,0.4796486,-0.10747031,0.25832713,0.0901072,-0.4630585,-0.34968773,0.57466185,0.013878908,0.01413064,0.008755174,0.024455387,-0.06315021,-0.305957,-0.085486285,-0.22412586,-0.3430594,0.26500636,0.851353,0.2704429,-0.122463636,-0.601894,-0.05845,-0.37111625,-0.042388573,-0.023496216,-0.037380878,0.53458124,-0.21325783,-0.4130459,0.045321416,-0.015902923,-0.07885549,0.02731782,0.050944146,-0.13943696,-0.005654775,-0.22863932,0.19997461,0.3274836,-0.1915832,-0.01311015,-0.14695762,-0.45019448,0.21376751,0.045521248,0.37114152,0.057944763,0.091491185,-0.12333448,-0.053659588,-0.23513712,0.19604123,0.5173677,0.17816114,-0.23437597,0.2725137,0.012872168,0.20297003,0.37516105,-0.17795229,0.14516619,-0.17566009,0.3329205,0.45594907,0.11271525,0.27576935,0.22482619,-0.5089124,0.078841746,-0.10462622,0.109697476,-0.105393864,0.028601807,-0.28602338,0.013050472,-0.3119829,-0.10555052,-0.32172582,-0.21138123,-0.12775955,-0.30572557,-0.16029195,-0.602992,0.0629994,-0.35742354,0.102617785,-0.106687926,-0.058174122,0.07517424,-0.23154563,-0.37303743,-0.21528096,0.1010207,-0.09857046,-0.16997367,0.55421877,-0.07353542,-0.0032011247,0.06024485,-0.078211844,0.28969413,-0.094188005,0.39993814,0.22581202,0.3136555,-0.24011314,-0.12630571,-0.22014654,0.2732042,-0.64239967,-0.20574039,0.05256781,-0.2533325,-0.3507644,0.25201407,0.25224376,0.009568107,0.43844888,0.49043098,0.2541095,0.51144826,-0.10864223,0.029818637,-0.1381643,-0.31664306,-0.3451631,0.0074178837,-0.14457148,0.22151639,-0.8009164,0.003658508,-0.18702689,0.014624003,-0.009134889,-0.19955935,0.1691491,0.1758786,-0.3327593,-0.6076741,-0.3296781,-0.13336197,0.2760674,0.20147377,-0.009339174,0.23825742,0.078098595,0.05060441,-0.43599987,0.37977546,0.02762436,0.29849574,-0.38558578,-0.5796657,-0.2670501,-0.36571458,0.089684956,-0.24248834,-0.5005748,-0.043110557,-0.020776613,-0.3496043,-0.5155072,0.027743213,0.07021984,0.0,0,0,1,0,0,0,0,0,0,0,0,0,0,0,0,0,0,0,0,0,0,0,0,0.0,0.0,0.0,0.0
0.09049442,-0.17257713,0.3839669,-0.22785158,0.37787828,-0.4201535,0.18632418,0.80669713,-0.53975797,-0.13715434,-0.32906994,-0.26385105,-0.27319804,0.22114255,-0.19729874,0.7962029,-0.3954811,0.2217389,-0.012716867,0.27705708,0.3494178,-0.0885847,0.06736433,0.19498816,0.5203632,-0.11528067,-0.031160837,-0.27894604,-0.54327375,-0.38122126,0.1650614,0.2641976,0.22063617,-0.3822696,-0.45719737,-0.70774734,-0.13832489,-0.4489521,0.413187,0.5531396,-0.06273393,-0.39533803,0.37495258,-0.22496529,0.045702998,0.3293914,-0.057209242,0.030808613,0.27401334,0.04240305,-0.5747904,0.2271838,0.00844265,-0.1597283,0.44166267,0.5073239,0.20453097,-0.42489415,-0.3917295,0.2919894,-0.62089676,0.008467519,0.020501923,-0.29310745,-0.06433425,-0.060154147,0.2561976,0.7637424,-0.43837947,0.16124882,0.21380736,0.13573667,-0.027465727,0.5245957,0.20034233,-0.079771884,0.1126867,0.3127941,0.27351573,-0.52637666,0.1853312,0.42895246,0.2254683,0.16485234,0.20806277,0.4711572,-0.028644448,0.06251305,-0.39995918,0.31905258,-0.29659438,-0.21695526,0.13115571,-0.18908978,0.7714985,-0.6464925,-0.41179293,-0.29351825,-0.050044253,-0.1896203,0.1703568,0.4068099,0.21321808,0.05243972,-0.23077454,-0.08227553,-0.51853174,0.22534552,0.08095024,0.3003899,-0.1732013,0.12832887,0.10334942,-0.4824215,0.35186526,-0.04884572,0.06117569,-0.110389054,0.054829426,-0.15566272,-0.070537016,0.13837466,0.4040815,0.33075017,0.25247365,-0.04436062,-0.192052,-0.27545863,-0.024635036,0.2677879,0.7566368,0.22932898,-0.337301,-0.40904126,0.12460003,0.50164926,-0.49833402,-0.16838522,0.02960893,0.30767682,-0.47570378,-0.08671581,0.13012944,0.0054136813,0.448131,-0.012277663,-0.4004894,-0.26081783,-0.37416703,0.16399004,-0.0050451327,0.19171901,-0.4398482,0.43566078,-0.073980406,-0.28068057,0.24034473,-0.050943192,0.22274989,-0.1452111,0.27609187,-0.20868678,-0.100981705,0.066051,-0.32933486,0.071932085,-0.17413045,0.25803286,0.04619634,-0.46277985,0.12474213,-0.15222797,0.48564216,-0.038958564,-0.020531585,0.1298147,0.050015397,0.15208958,-0.05587831,0.57011485,-0.5358787,0.07628402,0.15348831,-0.28410822,-0.020629272,0.047650248,0.20621663,-0.20587587,0.39384124,-0.027067252,-0.28367978,0.14501649,-0.039229944,-0.38970304,0.11152972,0.024958974,-0.24925245,-0.47857913,0.1616775,0.11450277,0.09718163,-0.027141195,0.01091285,0.20893048,-0.46785215,0.1121757,-0.051082138,-0.58197093,0.009816254,0.015194834,-0.31880447,0.36124533,-0.42588055,0.61292934,-0.41394287,0.31136358,0.06374633,-0.31137708,0.15623225,-0.09585087,0.08894619,0.24798173,-0.25902045,-0.18616629,-0.015390485,1.0398988,0.08871454,-0.5412107,0.6571227,0.22746283,-0.4832836,0.17552722,0.12219248,-0.14179525,0.32126275,-0.07435712,-0.22080578,-0.03756234,0.20309393,-0.1572804,-0.092222124,0.024906144,0.17813286,0.28979918,-0.06830865,0.043216497,-0.13562171,-0.28243262,-0.01299973,-0.065496415,0.0033202711,0.41772828,-0.36001536,-0.05535403,-0.07751082,-0.06939396,-0.15667613,-0.36173537,-0.15245399,0.5952369,0.20588808,-0.073751,0.03341846,-0.14045566,0.082547694,-0.42137647,-0.0008592553,-0.31983215,0.6638943,0.06472309,-0.39628792,-0.20491737,-0.0069029313,0.52418005,0.07279728,-0.101009324,-0.05776036,-0.01812454,0.19096686,-0.06342032,-0.44528717,0.29269132,-0.057367567,-0.037322868,-0.285416,0.009401226,0.4510768,-0.06381135,-0.29329738,0.0835605,-0.22399117,0.08190549,-0.0749512,0.07477952,0.53641057,0.19335109,0.0839138,-0.046347618,0.09071613,-0.32093212,-0.27737015,0.14223965,0.18999435,-0.19902095,-0.11014922,0.16959614,-0.06138482,-0.6879742,-6.4682646,-0.24175295,-0.25711003,-0.3152232,0.12309265,-0.10132303,0.1713393,-0.13327049,0.0571801,-0.26575673,0.32632253,-0.061338358,0.11559341,-0.53118646,0.0979239,0.088435605,0.2371533,-0.17033133,-0.12270982,0.5019705,-0.09881718,-0.18365742,0.2696303,-0.08360906,0.04488386,-0.33339816,-0.16071041,-0.094546564,-0.41153935,-0.04671891,0.043310944,0.020413285,-0.11305499,0.59155107,-0.37926847,-0.3447559,-0.14898606,-0.06480667,-0.13688613,-0.41050312,0.16769189,-0.45294845,-0.024736539,-0.43559942,0.49657986,-0.44608024,0.19004542,-0.06541243,0.0721206,-0.05451364,-0.058584906,-0.14459169,0.12612449,-0.57230777,-0.20751503,-0.3127178,0.39028186,0.66553324,-0.09562211,-0.62825453,0.42625636,-0.118634395,-0.21624722,0.23246248,-0.4673849,0.21428086,-0.9424997,-0.73187035,-0.14040752,-0.038057264,-0.5989777,0.13313913,-0.37666374,-1.3499223,-0.18882035,-0.48362777,0.05948077,0.21459223,-0.32867572,0.0010350387,-0.5208513,-0.34961042,-0.1579212,-0.10999634,-0.22645421,-0.16010395,-0.2909993,-0.4264607,-0.61428964,-0.21578372,-0.14001793,-0.02810762,0.16603856,0.32232845,0.33059084,0.007163855,0.5486455,-0.37657392,0.25826484,0.13673876,0.41024548,-0.09351577,0.87076974,-0.33386996,-0.04640564,0.12207138,-0.30203184,0.053172875,0.18200348,-0.5302131,0.23555946,-0.20369224,-0.46972334,-0.114972584,-0.3526092,-0.282989,0.33817795,0.08595661,0.33471167,-0.18389131,-0.7396067,-0.004030157,-0.15581688,-0.04777902,0.3148477,-0.04998699,-0.12969266,-0.09666592,0.0005418085,0.02843523,-0.21403863,-0.6068938,0.4042605,0.1357815,0.1682789,0.025647204,-0.15505911,-0.46003112,-0.19204761,0.15388198,0.13153245,0.10631746,0.095911786,0.23325343,-0.031347677,0.07137694,-0.06432916,0.23752187,-0.15831786,0.22422427,-0.17049658,-0.40389442,-0.21948537,-0.35862705,-0.008071411,-0.13177823,0.32620674,-0.12184948,-0.115426056,-0.4699928,0.38241827,-0.30244994,-0.20558897,0.28590176,0.23746231,0.19706161,0.3592907,0.14617844,0.15195338,-0.66555405,-0.18348862,0.4752095,-0.050488614,0.04131637,0.007439986,0.44558814,0.004943271,-0.24420704,-0.5253423,0.5488669,0.04278908,-0.001719322,-0.17432976,-0.17609783,-0.051320024,0.081063434,0.32634085,-0.2778576,0.6301201,0.52157235,-0.15385453,0.6473689,-0.06763466,-0.31951922,0.19969483,-0.33041766,0.55834097,-0.29675862,0.04832375,0.5010174,-0.43378934,-0.40676197,-0.7002978,0.26094297,-0.11028277,0.115431316,0.26006743,0.17754492,0.13776127,-0.1448035,-0.39988205,-0.336885,-0.04780061,-0.31023496,-0.035144173,0.15094855,-0.6315954,-0.10006423,-0.3476696,0.12886474,0.09712137,0.25222912,0.28427243,0.11032186,-0.101172276,0.43387526,0.6573848,-0.5787973,-0.18574028,0.08999918,-0.07256662,-1.1396604,-0.033334512,-0.10078702,-0.044313923,-0.047718372,-0.25474244,-0.42293912,0.22437789,-0.12295528,0.1811659,-0.17013527,-0.0574898,-0.4122823,-0.4088398,-0.07483767,-0.03837624,-0.05458314,-0.1323697,-0.050457217,-0.013407332,-0.070007265,0.40264457,-0.47843534,0.40102968,-0.33199298,-0.25713328,0.046807285,0.124321535,-0.17515224,0.2028463,0.1907521,-0.12899083,0.23218454,0.0757337,-0.17392579,0.016492065,-0.15504314,-0.17265768,-0.47129348,-0.21014756,0.26122573,-0.0790402,0.260088,0.12244086,-0.20132945,-0.2722225,-0.3370279,0.31691146,-0.061044626,-0.3770627,0.08330882,0.10047113,0.31959212,0.050014604,-0.18161836,-0.3584434,0.62701917,0.23976524,0.083859995,0.6292295,0.12309054,-0.3755016,-0.068225004,-0.2025538,0.3670421,0.5506031,-0.04258366,0.19584294,0.25283155,-0.56714815,0.02217327,0.38911095,-0.20896164,-0.049563423,-0.020890545,-0.241282,-0.4715866,-0.08012806,-0.39339915,-0.19484545,0.03479801,0.3108309,1.0625219,-0.1527388,-0.15478708,-0.54044783,-0.003805153,-0.33958927,-0.058359303,0.04378182,0.09624225,0.49526238,0.091548964,-0.15882468,0.14612304,-0.2877212,-0.12753394,0.2548148,-0.2749156,-0.29875356,0.1792931,-0.20237637,0.46310508,0.27962673,-0.1962167,-0.013119329,-0.1847098,-0.47403467,-0.2694919,-0.0061915684,0.04635735,0.11033381,0.24890186,0.19997285,-0.23032977,-0.18052393,0.23153454,0.42621258,-0.054273877,0.6032818,0.3764603,0.035469748,-0.07540623,0.43373835,-0.062145595,0.2760632,0.090546675,0.1685028,0.48833987,0.09179398,0.011800634,-0.3200648,-0.55190915,-0.24201456,-0.02190612,0.41985705,-0.34723297,-0.40054038,0.27331674,0.33385715,-0.15642838,-0.31490391,-0.19040528,0.3160708,-0.046815887,0.24763268,0.20580429,0.20215374,-0.16383888,-0.5282901,-0.44000098,-0.4718594,-0.13740334,0.3902834,-0.2633429,0.13182195,-0.21673128,-0.44383276,-0.5368772,-0.34807515,0.6533195,0.20525257,-0.021931626,-0.05462604,-0.3685909,-0.13358134,0.07922406,0.29018515,-0.26567414,0.068210706,-0.4556569,-0.14566272,0.25613543,0.38641366,-0.3706146,0.024707954,0.31319416,-0.44879413,0.6565747,-0.12035975,0.404702,-0.038400486,0.1523826,-0.1757307,0.40136328,0.40009376,-0.00034784884,-0.20058373,-0.2600367,0.11234356,-0.29237792,0.34185928,0.36380848,0.2017193,-1.2302141,-0.14737055,0.12994333,-0.24868633,0.41009843,-0.6382705,0.4010191,0.19952953,-0.083249435,-0.49241394,-0.1508087,0.1456985,0.42907012,0.0819227,0.042350084,-0.5029255,0.16802268,0.25218406,-0.15240186,0.00017964393,0.12729555,0.67096746,0.32061628,-0.4578114,-0.45918247,0.106201045,-0.035497855,-0.46136153,-0.20145288,0.28122368,-0.21377392,-0.5048053,-0.20885521,-0.30324137,0.06610318,0.0,0,0,1,0,0,0,0,0,0,0,0,0,0,0,1,0,0,0,0,0,0,0,0,0.0,0.0,0.0,0.0
-0.36546165,-0.11765238,0.7225405,0.420881,0.28839096,0.04593031,-0.42053568,0.036154762,-0.23877545,-0.047295436,0.040453788,-0.52972174,0.012604203,0.24170333,0.049070444,0.020280857,-0.12700509,0.10459238,0.18593708,0.09037018,-0.31313112,-0.10744377,0.40281236,0.26260954,0.19966877,-0.16713938,0.36292386,-0.38137203,-0.64811426,-0.0774737,0.027921787,0.37435043,0.011557789,-0.0890556,0.19271627,-0.16289337,-0.55160815,-0.30471712,-0.09909435,-0.24990635,-0.45564336,-0.18768235,0.15136026,-0.088225804,-0.20991501,0.01886887,-0.17857061,-0.41712612,-0.09945494,-0.53002596,-1.1498947,0.19967863,0.04286489,-0.51101416,-0.14627358,0.38464808,0.17782831,-0.56843126,-0.3714646,-0.027426241,0.18815564,-0.3689264,-0.41561332,-0.09926877,0.11489489,-0.22104865,0.094780594,0.07332711,-0.67379814,0.29456842,0.38145247,-0.09500731,-0.41622084,-0.58984804,-0.3933649,-0.32229176,-0.6161605,0.48508525,0.0030566638,-0.17862457,-0.14082961,0.05697063,0.20854431,-0.12757109,0.04601582,0.6529685,0.1644616,-0.19987494,-0.51236075,1.012172,0.13105121,-0.18626304,0.0061567365,0.3083928,0.23068237,-0.3409371,-0.3320259,-0.016363773,-0.29309148,-0.065760635,0.5309829,-0.37654358,-0.07054278,-0.13008195,0.16658458,-0.13869475,-0.6030914,-0.39015076,0.007741164,-0.26379064,0.009651483,0.1576326,0.0027359826,-0.53393734,-0.25366956,0.06423322,-0.14151959,0.13009986,-0.14926742,-0.13370655,-0.08238214,0.63766974,0.22951451,0.26328924,-0.07140139,-0.08045779,0.53173584,0.1843935,0.4487938,-0.08139378,-0.0051421914,0.05575432,0.10921131,-0.4862508,0.40455446,-0.05633826,-0.3084639,-0.29147604,0.19083418,-0.2727084,-0.1620212,-0.53795713,0.5402274,-0.16537598,0.31792337,-0.085016765,0.2670045,-0.31975812,-0.65159386,0.24866447,-0.5684578,0.19023323,-0.68202215,0.21329355,0.30923602,-0.027335634,-0.21016175,0.19298229,-0.16013427,0.19814327,0.37474346,0.35582682,-0.5513483,-0.18079025,-0.21297388,0.24495584,0.07920802,0.2779974,-0.25343922,0.1798538,0.010825137,-0.3559314,0.21033636,-0.19709589,0.48373756,0.08228935,-0.29129237,0.101673864,0.10743883,0.7905788,-0.5192458,0.025097966,0.37191427,-0.3860525,0.50023407,-0.03591085,0.005413134,-0.6715756,0.7489284,0.3346552,-0.0846439,0.2153531,0.29905018,0.060011882,-0.20479545,-0.7758301,0.39923,-0.21053573,0.1534273,-0.22260334,-0.23062855,0.62312055,-0.08988642,-0.2443821,-0.11507563,-0.074910305,0.1301426,-0.27793983,-0.41189656,-0.14350177,0.21085677,0.29371387,0.18366171,-0.09942723,0.32223746,0.04594254,-0.31369397,-0.10519618,-0.4496954,0.122734785,0.2136401,0.16311562,0.19677427,0.22159638,-0.04765334,1.0240719,0.1487717,-0.8381497,0.5768953,0.1050426,-0.34983093,-0.064554095,-0.023823425,-0.122584164,0.16189066,0.33895394,-0.8405615,-0.5022511,0.25546148,0.23328331,-0.08303551,0.5432522,0.21811505,0.38024846,0.46850067,0.18326555,0.067123264,-0.29932866,-0.30222428,-0.08736839,-0.34195483,-0.464391,-0.44555214,0.19248801,-0.12668096,-0.3419963,0.31764522,-0.37096918,-0.1845749,0.08866806,-0.030887237,0.22756265,0.16150531,0.42053273,0.6378598,-0.16631097,0.07599842,-0.098636605,0.48999652,-0.1379475,-0.087900154,-0.11339587,-0.022310765,0.42636368,0.16229214,-0.43495923,0.30351233,0.10217168,-0.31952986,-0.46189216,-0.05832446,0.30014443,0.5092137,-0.08478686,-0.08511014,0.05888957,0.076212436,-0.14211299,0.09853901,-0.1638555,-0.613727,-0.37149456,-0.36082783,-0.17787509,0.24588823,0.5533032,-0.17965716,0.48436967,-0.46025306,-0.0033287345,0.05033094,0.11506497,0.48744592,-0.03378865,-0.29514566,-0.14073394,-0.4022496,-0.3312209,-9.213733,-0.43422443,-0.63309324,-0.18690082,0.037712857,0.018973865,0.086699374,0.29669303,0.021419926,-0.27995738,0.12444411,-0.3627993,0.037406005,-0.13033563,0.115349226,-0.04682561,0.55527043,0.20611624,0.2563486,-0.12342313,-0.2120464,-0.8565977,0.095175065,-0.08447076,0.30038202,-0.058584124,-0.110263824,-0.025140116,-0.18571015,-0.36507607,-0.0703267,-0.07903733,0.08924467,1.0932297,-0.23987047,-0.20919293,-0.41941398,-0.23283468,0.060472287,-0.4106132,0.3360296,0.25264803,-0.07357862,-0.019629082,0.5489721,-0.31387928,-0.05133672,0.16112421,-0.020456558,-0.20402402,0.22323562,0.19299707,-0.31604987,-0.41202378,-0.4393343,-0.037554678,-0.0363943,0.39431053,-0.25773624,0.3860201,-0.09860261,-0.24974766,-0.2189069,0.064456604,-0.11780509,-0.13762479,-0.49738747,-0.20727946,-0.06907521,-0.30791572,-0.10121386,0.35876054,0.20800497,-1.4813503,-0.08122714,-0.6610431,0.61193705,0.5668245,0.0126600135,-0.2543968,-0.26463625,-0.7149212,0.17270029,-0.32129672,-0.10663272,-0.12230002,-0.0070114993,-0.4788302,-0.123297386,0.04566134,-0.15618649,-0.28503937,0.7321243,0.19942605,-0.14006072,-0.5716959,0.4008804,-0.24332236,-0.29868603,0.35123485,-0.0962656,0.19398347,0.08338387,0.06143229,-0.22538944,0.03900745,-0.19384342,0.30836478,-0.080612175,0.14719117,-0.056493174,0.06819559,-0.19177805,-0.45387676,0.010440605,0.30947608,-0.1515935,0.1719365,0.005277825,-0.15299878,0.069151156,-0.30899394,-0.11903185,-0.5096345,0.21512978,-0.15847076,-0.6709752,-0.08794954,-0.16521074,-0.060870018,0.32619187,-0.10698529,-0.5431572,0.15056464,0.02651739,-0.2886248,-0.17488033,-0.23116831,-0.11762567,0.20776632,0.35209748,0.77330214,0.31665432,-0.090235256,0.15835765,0.1588752,0.39911315,0.3585062,0.3260461,0.08181949,-0.05466226,-0.9527752,0.13059151,0.038082834,-0.038678657,0.61554104,0.74282926,-0.26327702,-0.12739922,-0.47090888,0.5238652,0.5327065,0.021152392,0.26819527,-0.18239546,0.15413395,-0.032980956,0.005870837,0.32620803,-0.19746752,0.101221964,0.0427748,-0.093184546,-0.25479844,0.44207788,0.28483573,0.2752486,-0.5110954,0.27488524,0.63990253,0.15640888,0.26418516,-0.09446848,0.18339571,0.8612605,0.3830685,-0.108915254,0.05193439,0.2127265,0.33725306,-0.39246842,0.5605756,-0.41968268,0.036326196,-0.18213142,-0.5235752,0.467958,-0.07417167,-0.26712102,0.13745898,-0.15973826,0.25643325,-0.32276002,-0.023115888,0.2961542,0.4169093,0.067605875,0.45793355,0.24453093,-0.18349427,-0.17034613,-0.065383576,-0.26128042,0.18543094,0.17065933,-0.15221997,-0.25769222,-0.1331889,-0.714904,0.15730499,-0.08537143,-0.1620572,0.12368399,-0.15990052,0.17118649,-0.28681904,0.072119616,-0.14578587,-0.562204,-0.05138055,-0.16017467,-1.4484967,0.18533038,0.25628337,0.11327185,0.12862821,-0.24186905,-0.268955,-0.3016888,-0.42911226,-0.75082374,-0.27050114,0.16693777,-0.3211665,-0.4944435,0.15480377,-0.76290023,0.31079528,-0.13001168,-0.14514986,-0.00939394,-0.32218304,0.11657879,-0.08930172,0.15304238,-0.28860778,0.031547297,-0.6678319,-0.5679714,-0.04359491,-0.07225118,-0.2972988,0.23000124,0.051992547,0.28858742,-0.027525324,-0.061364997,-0.27140516,0.03452459,-0.39809886,0.029251859,0.02701087,-0.084887035,0.31779113,0.19710323,-0.4141532,-0.10719176,-0.7993303,-0.037346374,-0.04821697,-0.18942001,-0.10515309,0.41917926,0.020394487,0.3198273,-0.07492366,-0.4867696,0.15067576,0.32560408,-0.02795189,0.39430797,0.14581934,-0.618967,0.011260833,-0.32649353,0.5680212,0.6341104,-0.6208693,-0.045516234,0.40978196,-0.04373641,0.20890479,0.55810815,-0.066026784,-0.45521638,0.13769387,0.3687831,-0.12663533,-0.130483,-0.30322298,-0.22033904,0.03094984,0.48050568,0.7243526,-0.14135417,-0.16108811,-0.45707276,0.118971616,0.017120935,0.054007422,0.07155099,0.47491807,0.19244672,-0.6042195,-0.1171629,0.061688762,0.40125468,-0.18892618,0.40905365,0.16223258,-0.14942627,-0.19017783,0.14063887,0.020198133,0.17784287,-0.07499854,0.22809194,-0.13147652,-0.20101236,0.16056836,0.4856438,-0.12849136,0.3327183,-0.018745331,-0.07312758,0.102294706,0.030887127,0.17989615,0.032418407,0.5618675,0.33780074,-0.09246606,0.32988316,0.061635006,-0.06796009,0.05648843,-0.25319,0.6513252,0.57364976,0.09290228,0.34029198,0.5252679,0.5512399,-0.68075234,-0.022806082,-0.39461997,0.13058917,0.19131166,0.22779122,0.020785237,0.25452167,0.37923717,0.105696514,-0.13735281,0.07899486,0.0510889,-0.14745976,-0.5011472,-0.11719762,0.74342227,-0.15214704,-0.35932854,-0.1991706,0.033458706,-0.12724437,-0.21577401,-0.51407105,0.28304765,0.5180713,-0.39303422,0.0009751273,-0.010343789,0.26991874,-0.010362851,-0.047487836,-0.37944004,0.43472186,-0.05885877,0.290459,0.33406255,0.09702073,-0.36655155,-0.15676016,0.32418388,0.06956223,-0.14844069,-0.19331366,0.49192017,-0.25358006,-0.4806491,0.51035583,0.44838983,0.14455643,0.4622075,0.27971104,-0.0149221625,0.37521267,-0.039320778,-0.12689912,0.2245606,-0.45179954,-0.6333803,0.37804204,-0.26909015,-0.25881588,-0.31996453,-0.09208268,-0.123984,0.08140462,-0.09640579,0.01025157,0.20939738,0.34935084,-0.061971415,-0.56149644,0.190603,-0.1868757,-0.015636994,-0.14609365,0.14133623,-0.46828774,0.25241747,0.055108357,-0.5297005,-0.0042609256,0.32627064,0.19089071,-0.36322463,-0.5205569,-0.33491126,-0.49933895,-0.103951596,0.044393383,0.09429924,0.1439277,0.15408069,0.100418635,-0.65475243,0.045511983,-0.12195346,0.0,0,0,1,0,0,0,0,0,0,0,0,0,0,0,1,0,0,0,0,0,0,0,0,0.0,0.0,0.0,0.0
-0.16673812,-0.1121601,0.8652414,-0.26248786,0.024674077,-0.24018267,-0.037580475,-0.108407915,0.36851063,-0.16801418,0.082236625,-0.103637256,0.055764426,0.10433923,0.014028952,0.37952903,-0.0682895,0.009076665,-0.20598277,-0.22478554,0.23664564,-0.1678592,0.116254054,0.13193688,0.09158413,0.19743565,0.2705477,-1.0039985,-0.4888757,0.34330764,0.026001606,0.49042702,-0.051999312,-0.20716012,0.6219881,-0.42346385,-0.23038606,-0.34754875,0.2951813,0.06977533,-0.3896676,-0.08666168,0.5152506,-0.08599833,-0.291881,-0.00069053355,0.14739133,-0.4952042,-0.06749724,-0.3621476,-0.4487791,-0.17883426,-0.62047803,-0.38100266,-0.27809688,0.29795521,-0.08350523,-0.70689565,-0.20368925,-0.19694492,0.089314245,-0.49861753,0.0075184023,0.22394438,-0.24790962,-0.13007803,0.07939334,0.5771063,-0.5790839,0.3810041,0.36271256,0.31283337,-0.040056787,-0.10207538,0.039475985,0.023295335,-0.39159095,0.70339084,-0.17507479,-0.1528376,-0.1788237,0.22398867,0.49759153,0.06840438,0.028808258,0.24320632,-0.05883222,-0.42373496,0.11523171,0.8122738,0.044439774,-0.2726876,-0.014773317,-0.029024798,0.14395545,-0.5592939,-0.618991,-0.1289092,0.3078884,0.23535332,0.350611,-0.62617445,0.25664306,-0.27397496,-0.2807717,0.27185014,-0.3687254,-0.012246476,-0.028701456,0.2936796,0.16766316,0.22581057,0.58975583,-0.1356207,-0.26768208,-0.41034356,-0.3558529,0.4319774,1.0515171,-0.16627762,-0.43327144,0.45675072,0.26884288,0.110836565,0.3975372,0.7103653,0.35296032,0.13786063,-0.01608489,0.46703964,-0.033329476,0.4635961,0.5662891,0.06575982,0.14207087,-0.18915243,-0.33223045,0.006952137,-0.22821106,-0.5269949,-0.08390312,-0.1341167,0.2576746,0.43054354,0.3829356,0.3461809,-0.26461038,-0.037267562,0.18113431,0.3481464,-0.45349568,0.27285668,-0.51077217,-0.28445372,-0.12876433,-0.17969443,-0.40016252,0.144404,-0.44623893,0.7015895,0.5803434,0.5993073,-0.07809808,-0.47606865,0.13895762,-0.23362234,-0.42526,0.5358438,-0.3711789,0.06582397,-0.488681,-1.0760924,-0.03604637,-0.02631639,0.10950535,-0.09518159,-0.10657015,-0.32966006,0.47455868,0.43111122,-0.5102905,0.26483306,0.12789708,-0.20801358,0.14622049,-0.06785516,0.7675354,-0.33003265,0.366745,0.053389546,-0.08334886,0.29513308,0.44237843,-0.43007287,-0.16503577,-0.7952165,0.22751404,-0.82105386,0.1726982,-0.40917075,0.3049182,0.8687657,0.019509224,-0.19555582,-0.08129668,0.38499856,0.024933847,-0.16019683,-0.6306857,0.022394186,-0.020614907,0.54873544,-0.29294488,-0.08451371,-0.049172964,-0.29615286,0.70208603,-0.49884853,0.7018103,0.31043628,-0.014288339,-0.5989392,0.36407223,0.089305535,-0.30345663,1.1949363,0.49560142,-0.43264294,0.68736887,-0.24238148,-0.07483211,-0.6890327,0.21738632,0.11006375,0.47856003,0.40923038,-0.17959914,-0.5062033,-0.19156286,0.10112264,0.14800441,0.48463517,0.6077288,-0.11934209,-0.24410716,0.56051534,-0.123930044,-0.6150982,-0.27416736,-0.055169273,-0.10697415,0.12408288,-0.059567947,-0.29130125,0.0024174475,-0.17381005,0.4064165,-0.48179644,-0.48160106,-0.5834753,-0.18520574,0.1349737,0.56249565,-0.11784717,0.19166182,-0.38007903,-0.25339866,0.28984475,0.40253654,0.22128849,-0.4594251,0.15794133,-0.3544455,0.49148282,-0.09200911,-0.2685947,0.007994642,-0.04596623,-0.14561018,-0.05595711,0.09755145,-0.20020635,0.23206015,0.162379,-0.082489625,0.2576053,0.25301856,0.25762588,-0.030484755,-0.5667315,-0.06704559,0.015444585,-0.014706808,-0.28919834,1.1572219,0.14460757,-0.22670364,0.121376306,-0.14413573,-0.620325,-0.061780013,-0.25946036,-0.29057142,0.11899185,-0.2702309,-0.13442512,-0.6341851,-0.022133809,-11.185803,-0.19402876,-0.6109609,-0.19003214,0.24312232,-0.67758095,0.35285896,0.07824216,0.106951684,-0.63443714,0.080723725,-0.22643906,0.0901373,-0.46995014,0.2433354,0.35613084,0.507926,0.14310904,0.10314554,0.4485806,-0.3489998,-0.27845946,0.61290854,0.14711766,0.5991697,-0.25588083,0.33867955,-0.17010792,-0.6436588,-0.14877748,-0.5559666,-0.26854646,-0.03958883,1.5763751,-0.03930415,-0.12401315,0.18814707,-0.48844245,0.28413156,-0.13598025,0.15397802,0.17535895,0.09262428,0.40793905,0.7155648,-0.09877794,0.33515203,0.3199269,0.34040174,-0.055644643,-0.5095176,-0.025279822,-0.1158837,-0.76677674,0.0587507,-0.11978341,0.102366075,1.0019922,-0.2339221,0.23884392,0.8682614,-0.19867994,-0.47615066,0.45862827,-0.98196375,-0.21361358,-0.778108,-0.55959404,-0.20537645,-0.27183393,-0.1367426,0.45325375,0.6227881,-1.2653402,-0.4247675,-0.28466797,0.007143544,0.7679765,-0.14300528,0.3273478,-0.3406553,-1.1592636,0.37141463,0.05736331,-0.12212729,0.10456878,0.1021452,-0.028994534,-0.029826798,0.036342368,-0.23336849,-0.12746744,0.44112968,-0.096625775,-0.15834293,-0.36538067,0.63008505,-0.619417,0.4201611,0.29505646,0.3623618,0.27191454,0.10174759,-0.3096424,-0.5551648,0.12792617,-0.66351247,0.15393636,-0.06435946,-0.2670449,0.09415381,-0.2918755,-0.18502113,-0.0264562,-0.4408246,0.26301327,-0.04637923,0.058854386,-0.253429,-0.4932658,-0.32954857,0.5388109,-0.7315384,-0.9830263,-0.43075395,0.098626375,-0.2148232,0.36298367,-0.41877624,0.006359517,-0.784886,-0.49049187,0.26775745,0.19262204,-0.051976856,0.055911247,0.23425266,0.15589437,0.05477633,-0.5392935,0.8236412,0.46612212,0.041683566,-0.14437942,0.52494806,0.2779714,0.38072655,0.133238,0.1111946,-0.29627037,0.36086118,-0.7975878,0.28527886,0.19764991,-0.35022342,-0.01635374,0.3637901,-0.44507432,-0.5038173,-0.61545527,0.5736269,0.20381612,-0.23188175,0.116420686,0.042338327,-0.30003864,-0.061240736,0.022288194,0.2224463,-0.2831026,-0.23526496,-0.04633924,-0.18244131,-0.26935512,0.04052419,0.42920417,0.47183418,-0.64177316,0.11255492,0.26513892,0.58706534,0.21652478,-0.37025833,0.08840398,0.51538646,-0.029959582,-0.17616318,0.49226558,0.4766643,0.17046928,-0.43454084,0.5439105,-0.02264395,0.1433543,0.14162172,-0.38422486,0.49172917,0.34545547,-0.13083477,0.5542993,0.045701455,0.5744195,-0.33857933,-0.07565961,-0.39678496,0.18727228,0.21671215,0.5899467,-0.13654122,-0.4745396,0.48933765,-0.31047803,-0.57323706,0.0045486405,-0.10108797,0.4318884,-0.38804835,0.22500442,-0.52338576,-0.0822623,0.27719367,-0.110642016,0.118066646,0.061157733,0.04628401,0.07310867,0.026517417,-0.35644886,-0.44949803,-0.45083383,-0.085952416,-1.0325872,0.24116711,0.008777673,0.56957036,-0.30518833,-0.76626647,0.49112788,-0.29440638,-0.18229528,-0.8606916,-0.47894678,-0.3496346,-0.6182255,-0.43020493,0.06351361,-0.37225187,-0.1261355,-0.3169086,-0.069728516,0.26256374,-0.81035066,-0.119790345,-0.34312356,0.5396105,-0.46937793,-0.4685725,-0.88712466,-0.16234717,0.32577202,-0.105074026,-0.29157472,0.0057183593,0.29680392,0.16468377,0.17025813,0.058832098,0.44723862,0.25980952,-0.46541363,0.26350263,-0.27876714,-0.092879795,-0.11569077,0.30750796,0.030245736,-0.5553636,-0.57379764,0.1124447,-0.34347907,-0.6063833,-0.119910166,0.33734626,0.55686355,0.32081658,0.3728854,-0.06643572,-0.3375666,-0.40760535,0.37672183,0.70684,0.16232155,-0.3124886,0.020752506,-0.4048755,0.58500475,0.2626766,-0.40547675,0.5832579,0.32032165,-0.066892006,-0.03734977,0.23734024,-0.08455693,-0.7010226,-0.033872094,0.11646219,-0.030291378,-0.46631536,-0.34584248,-0.0262116,-0.41116077,0.6086598,0.32573834,0.47920433,-0.7837154,-0.37165013,0.10862769,-0.2517615,0.13484038,-0.080960244,0.8295899,0.6384926,-0.09409733,-0.30537254,0.15909453,-0.21619038,-0.42418897,0.1448934,0.24127162,0.09767087,0.030289652,-0.16660911,0.15353866,0.073562235,-0.37068692,-0.06310631,0.47093108,0.28170174,0.04657612,0.11562787,0.5014016,0.36185032,0.016839081,0.3224486,0.0743856,-0.30416232,-0.77169937,0.29513183,0.464486,0.118756235,-0.2459,0.0063784844,-0.2900626,-0.59144425,0.13729018,-0.029064944,0.19266401,0.0335753,0.80869454,0.26471263,0.4049187,0.5484643,-1.0477343,-0.21557774,-0.39657366,-0.14277007,0.19342326,-0.59485424,-0.29379568,-0.0053065456,-0.13892668,0.5925409,0.15513313,0.42371917,-0.18190189,-0.10880187,-0.17160264,-0.29837233,0.5308347,-0.5840422,-0.23373857,-0.27157176,-0.086181685,0.23733562,-0.26866788,-0.44174075,0.4039398,-0.02326247,-0.34957272,0.0067540957,-0.21953166,0.087118156,0.02416069,0.10697424,-0.63994926,-0.024907919,-0.07581441,0.53192866,-0.07395394,0.4980931,-0.42918113,-0.48096156,-0.30240646,-0.093867406,-0.14913805,0.041598953,1.1291755,-0.46990737,0.04923344,0.21952572,-0.17487282,0.21600385,0.2617064,0.13817224,0.6439351,0.42341286,-0.9404231,-0.5461335,0.3188914,-0.6933229,-0.93156105,0.072384655,-0.21226576,-0.037521902,-0.25420806,-0.07512107,-0.096322775,-0.12944233,-0.10127482,0.14835113,0.7961534,0.4957556,0.3613522,-0.20307322,-0.20173559,-0.03853689,-0.42612836,-0.53673273,0.7422114,-0.47257665,-0.0720936,0.10474235,-0.11328108,-0.14428906,0.16368778,0.10895857,-0.65180326,-0.70491785,-0.1818511,-0.16804056,0.17908244,-0.86127555,-0.20058484,0.35998172,0.21860142,-0.36950195,-0.6501286,0.35733575,0.33866817,0.0,0,0,1,0,0,0,0,0,0,0,0,0,0,0,1,0,0,0,0,0,0,0,0,0.0,0.0,0.0,0.0
0.11782354,-0.51711786,0.82083917,0.015971815,-0.15398905,-0.27222106,0.060042623,0.29290944,-0.16307577,0.06639037,-0.06827616,-0.63841265,0.20037685,0.23358181,0.22942878,0.37389943,-0.56975824,0.08004343,0.043940254,-0.20633276,0.5361888,0.055213414,0.17040476,-0.0021544718,0.25440198,-0.12136844,0.0577716,-0.20281401,-0.4904781,0.42622456,0.45386466,0.2613395,0.19154376,-0.29287457,-0.17278734,-0.44412938,-0.18637875,-0.27258015,0.24286443,0.23509198,-0.55941224,-0.6906499,0.5884103,-0.060280856,-0.42080775,0.19230509,0.05384829,0.060317617,0.55928046,-0.08867996,-0.34734753,0.25514734,-0.33352432,-0.3315762,0.22108077,0.70926756,0.40925175,-0.82227224,-0.46558955,-0.0019524285,-0.28518635,-0.7283649,-0.22454505,0.03854269,-0.38765788,-0.5692137,-0.040019825,0.21261317,-0.838501,0.41144073,-0.06822572,-0.18377618,0.08943255,0.19923626,-0.100335166,-0.32859355,-0.16266905,1.0276058,0.3151328,-0.23279995,0.1867528,0.19849144,0.1869348,0.3764612,0.47975463,0.18274948,0.26705766,-0.021367855,-0.51586074,0.7869099,0.10225955,-0.40018412,0.074787036,-0.112873174,0.37830326,-0.37544698,-0.40774164,-0.14898232,-0.32952744,0.13107254,0.39038518,-0.2905846,0.035951268,-0.11647292,-0.08967123,-0.077808864,-0.2785323,-0.21819392,0.27818182,-0.06072692,-0.008446685,0.16337733,0.08029736,0.04712433,-0.12819064,-0.042475425,-0.046627056,-0.06791131,-0.009993088,-0.30223754,-0.3190384,0.4375038,0.23214334,0.20237581,0.0072634923,0.2750202,-0.23097551,0.07893102,0.13359268,0.52730674,0.283778,0.35828084,-0.1929217,-0.55618304,0.11341988,0.37182233,0.05269541,-0.39602485,0.2983309,0.20361702,-0.1673235,-0.14988703,0.33568653,0.13298006,0.25762743,-0.18706432,-0.24141707,-0.17625898,-0.4405068,0.023494143,-0.4699768,-0.3616498,-0.040609132,-0.072864816,-0.22928117,-0.32537147,-0.24733073,-0.029219374,-0.011316148,0.4186645,0.20313935,-0.020481842,-0.09084968,0.016836492,0.011042123,-0.06219059,-0.121778384,-0.025546338,0.043722343,-0.48153335,0.4001714,-0.40228093,0.16678259,0.14414923,0.7320556,-0.04609146,-0.03675191,-0.38836116,-0.19073586,0.7959335,-0.327085,0.2639826,0.21067676,0.07274118,0.47169852,-0.5411777,0.2869162,-0.18925375,0.33318427,0.11972815,-0.36806068,-0.060829345,0.24687412,-0.28498945,0.05942504,-0.7019086,0.07565325,-0.15345342,0.27262974,0.061193164,0.053354923,0.13022366,-0.16625862,-0.27145016,-0.6693085,0.3221433,-0.15434839,0.039608814,-0.31858274,-0.10107927,-0.17133617,0.11769702,-0.14710823,0.07415526,-0.052842975,-0.030608052,-0.01113456,-0.10672721,-0.53418535,0.024241734,-0.052534714,0.20867334,-0.06814176,0.1219728,-0.018165,1.2562215,0.2735339,-0.7405281,0.4771475,-0.13979582,0.1882513,-0.06601547,-0.073028944,-0.06904813,0.2818033,0.33926287,-0.08638216,-0.12759922,-0.16559894,-0.21396822,-0.18031159,0.49255645,0.26567516,-0.06720888,-0.36630496,-0.027691944,0.05775593,-0.22376329,-0.32072556,-0.1494308,-0.24119286,-0.105116,-0.47029942,0.21256278,-0.22565009,-0.19430012,0.4397163,-0.7713151,-0.11408325,-0.015568536,0.06334853,-0.09054933,0.4474643,0.2099271,0.26009592,-0.2980767,-0.01303367,0.17283748,0.40154412,0.02381633,0.1237959,0.019686509,0.2675223,0.5549204,-0.14647274,-0.20463222,0.25970608,-0.11146602,0.20035663,-0.19404638,0.24078582,0.45067272,-0.20816325,0.007665806,-0.005894567,-0.11487809,0.32580283,0.75411415,0.13822824,-0.020033078,-0.035695862,-0.04689828,-0.060980458,-0.06717889,0.5085249,0.18195243,0.10539904,0.2478969,-0.56915534,-0.3058856,0.009095451,-0.082377255,0.29023784,-0.1435217,-0.30075547,-0.06029893,-0.32503507,-0.521156,-12.424137,-0.49267605,-0.009156824,-0.30571342,0.3243726,-0.34423324,0.13008927,0.13263835,-0.10551937,-0.17111777,-0.09570056,-0.13847224,0.33152416,-0.40595186,-0.080655135,0.03639187,0.36403584,0.019004364,0.01295485,0.21795894,-0.289957,-0.19375488,0.16898143,-0.015446194,0.38377327,-0.46965513,-0.3958671,0.12065182,-0.04202783,0.09390099,0.053416952,-0.09191082,-0.054699488,0.98986953,-0.4975541,-0.14466015,-0.03804663,-0.39681095,-0.23051922,-0.1928292,0.46893185,-0.26189092,-0.25494057,0.20688882,0.38373357,-0.5686286,-0.034910038,-0.09347147,0.04053305,-0.14325084,-0.14986047,-0.029265972,-0.2888003,-0.48524112,-0.038573425,-0.22846939,-0.07848924,0.95971674,0.047174234,-0.21497153,0.19770247,-0.17673454,-0.32327756,-0.25850117,-0.3184507,0.14230396,-0.6316571,-0.3311462,-0.08351851,-0.35951814,-0.18415381,0.15971369,-0.24332196,-1.2287278,-0.23741835,0.0061225416,0.4556246,0.4127321,-0.108257286,-0.32567155,-0.7327045,-0.182724,0.24167676,0.0038508745,-0.171556,-0.52627665,0.049489044,-0.67983484,-0.395333,0.15704656,-0.41179654,-0.17474088,0.14700653,0.224442,0.17749846,-0.24197045,0.17826156,-0.028762417,-0.035707217,0.66665184,0.34163254,0.07765127,0.28252977,-0.37576216,-0.32975414,0.34331363,-0.1817385,0.49107084,0.20070206,0.0397934,-0.1099625,0.20863642,-0.38319913,-0.037944105,-0.1181191,-0.30492446,0.049722753,0.2948697,0.036373127,-0.56393987,0.21912867,-0.10081801,-0.5011712,-0.26691422,0.11060119,0.03529273,-0.20030396,0.06733011,0.0015539303,-0.26225144,-0.14247122,-0.46542844,-0.24115303,0.30306324,0.29468524,-0.22740118,0.10840712,-0.22502095,0.14024559,-0.41656372,0.026107542,0.38568988,0.33343047,0.026046531,0.32106736,0.06836405,0.119190045,-0.030083818,0.25304672,-0.09357358,-0.3061077,-0.87812066,0.07696967,-0.110658504,0.088901184,0.0338956,0.2631112,-0.37869278,-0.3766862,-0.5996873,-0.014436496,-0.20000403,-0.08181112,0.112568706,-0.20165662,-0.05358836,0.17420082,0.44795063,0.033742797,-0.51398855,-0.21539547,0.7312314,0.0989437,0.06996173,0.08846465,0.076319166,0.34021434,-0.22684756,-0.06200778,1.0316731,0.30104613,0.48542604,-0.27553484,0.42468658,0.34472042,0.34472507,0.35437724,0.14864324,0.21509609,0.40182778,-0.7507174,0.6800829,0.07690046,-0.54606724,-0.09041435,-0.50447816,0.7450883,-0.105710946,-0.00041424483,0.4211993,-0.43769246,0.27221784,-0.6106962,0.10395203,0.28333852,-0.120139435,-0.16993672,0.5646917,0.31006575,-0.21101,-0.15959424,-0.4126516,-0.25045642,-0.16450165,0.45935237,-0.7250815,-0.7361186,-0.09382948,-0.46626455,0.2179119,-0.057955317,-0.11782765,-0.03465503,0.10445565,-0.22659753,0.071754724,0.19623901,-0.054598924,-0.45255592,-0.34445083,-0.25057545,-1.1900585,0.382527,0.40044507,-0.25813,-0.2259258,-0.14551955,0.24019966,-0.06586478,0.20162101,-0.506854,-0.8989235,0.046753746,-0.95374125,-0.34745464,0.06666778,-0.49085724,0.55316794,-0.29772893,-0.13103636,0.036764417,-0.080905244,-0.2703754,-0.22904453,0.26182982,-0.45330182,-0.11671284,-0.23472157,-0.3389158,0.009565742,-0.1688388,0.39644954,-0.2546355,-0.09701613,0.35729787,0.035838287,0.107434854,0.17758131,-0.11977035,-0.37025574,-0.36499158,-0.06811214,-0.03884959,-0.048750207,-0.2539337,-0.5431211,-0.17733222,-0.21348047,0.08589989,-0.0077781663,-0.14817053,-0.22328697,-0.10180732,0.26486963,0.5919642,-0.11699013,-0.25638142,0.14140356,0.3439005,0.15318047,0.29183507,0.16460802,-0.75592005,0.13300301,0.120219275,0.32026184,0.33601838,-0.20479837,0.23882312,0.3466586,0.21127392,-0.3424812,0.4418701,0.30052352,-0.14304447,0.22467679,-0.058729466,0.17038687,-0.1457063,-0.24445657,0.28439674,-0.10132055,0.516642,0.85017073,-0.07636117,-0.05682603,-0.5769467,0.008800367,-0.2987296,0.09458032,-0.2422455,0.66265535,0.64233035,-0.3559109,-0.18817505,0.08805084,0.13034724,-0.24164063,0.30685353,0.26081434,-0.15941028,0.21950853,-0.030999497,0.57282317,-0.15546474,-0.36992368,-0.027286949,-0.20927484,-0.15315586,0.23342603,0.47444484,0.33749747,-0.16492176,0.335187,0.11840313,-0.2562203,-0.14606284,0.5723439,0.36075297,0.46427628,-0.12734228,0.15000363,0.06701113,-0.3871074,0.6993904,-0.249304,-0.016363464,0.63757336,0.4683278,0.5780097,0.20545088,0.15829194,-0.40011552,-0.5523592,-0.4341173,-0.069807865,0.11048627,0.12887248,0.20846169,-0.0026952294,0.503565,0.1930623,0.1948935,0.31809282,-0.10805443,0.10414375,-0.086250775,-0.23311692,-0.015897088,0.16247416,-0.06359401,-0.06714616,-0.31682134,0.16832338,-0.086822614,-0.5196019,-0.2049109,0.012587747,0.11235917,-0.7553878,-0.6562193,-0.023208627,0.25512624,-0.2254829,-0.08094885,-0.33373478,0.046633583,-0.13015264,0.032805797,0.26564875,0.28186697,-0.30588353,-0.3741272,-0.22227508,0.5195344,-0.09224213,-0.06669549,0.14937358,-0.72396845,-0.19491401,0.5694554,0.22337683,0.059239313,0.24902311,-0.43496296,0.23071307,0.27817294,-0.46858487,-0.2521557,-0.124758966,-0.43509865,-0.58104163,-0.1454501,-0.047522515,-0.18195668,-0.6302619,0.12519407,-0.15357874,0.31779924,-0.27830845,-0.43620774,0.4020653,0.32257056,0.08456584,-0.52690554,0.15914342,-0.22863735,0.37420234,0.26546136,0.21521822,0.07558843,0.019167878,0.41227043,-0.050792083,0.13270888,-0.010681493,0.14288805,0.13615005,-0.51452106,-0.2041443,-0.43629587,0.11848623,-0.010503398,-0.31814092,0.22590084,0.1491068,-0.3542471,-0.31060866,-0.07874661,0.11616329,0.0,0,0,1,0,0,0,0,0,0,0,0,0,0,0,1,0,0,0,0,0,0,0,0,0.0,0.0,0.0,0.0
-0.08152594,0.15768798,0.5524508,-0.12478988,0.13800262,-0.14139518,0.020304723,0.9740836,-0.5769773,-0.1802663,0.39305094,-0.47502947,0.13909219,0.46436915,-0.5878435,0.487359,0.078041404,0.2640171,0.21734765,0.2889269,0.37941298,-0.23531732,-0.4911126,0.005544131,-0.4719326,0.12525794,0.13714951,-0.44738463,0.16510773,-0.23115598,0.34438878,0.5792833,-0.34304425,-0.0739481,-0.37707853,0.21049441,0.19155066,0.034101397,-0.24001338,-0.036016904,0.14549293,-0.24422325,0.32222083,-0.34559995,-0.22677602,-0.13588858,0.052756187,-0.5540877,0.09690993,-0.24602294,-0.37785453,-0.5369646,-0.27897048,-0.23792611,0.38947016,0.043583848,0.31417975,-0.7163502,0.15259781,0.20445848,-0.120637946,-0.44770572,0.09695427,0.22630446,-0.056560133,-0.016188893,-0.64544463,0.16185157,-0.26309383,0.41323477,-0.14859237,0.23608845,0.3526527,-0.01920232,0.019907223,0.15941145,0.11165781,0.32603055,-0.54783577,-0.067410275,-0.18586908,0.66412914,0.21429469,0.13250569,0.33301628,0.14846955,-0.37299395,-0.11494342,-0.56021243,0.4555799,0.23880996,0.053096816,0.09826957,-0.17519727,0.33731434,-0.23587169,0.15380451,-0.124470435,0.099103875,0.028564781,0.29064882,-0.39543396,-0.420495,-0.50401837,0.03971926,-0.1160802,-0.05650318,0.30175167,0.7337749,-0.13840011,-0.006979937,0.34715992,0.2133796,0.31832597,-0.15761615,0.06532704,-0.1606115,-0.4064028,0.52070546,-0.11446284,-0.71589655,-0.023399793,0.066301584,0.0484476,0.11059398,0.5259875,-0.8003646,-0.79450184,-0.17688204,0.15077597,0.38155285,0.26906675,0.23468152,-0.53637356,0.3698877,-0.18714213,0.093375154,-0.37860668,-0.25172287,-0.3256346,-0.15175083,-0.065677926,-0.22654462,0.26263264,-0.23219778,-0.17298634,-0.49748293,0.26247108,-0.21481878,0.23431537,0.048870675,0.19067556,-0.47553784,-0.30713367,0.11888911,-0.45853838,-0.54323304,0.15006144,0.394313,0.65686584,0.10438662,-0.37399817,0.3251586,0.14100859,0.20572813,-0.25289375,0.16643359,0.01839932,-0.23049006,0.025908947,-0.1299256,-0.13660492,0.57377595,0.083393805,1.033726,-0.3042815,0.045195278,-0.051217284,0.33002594,0.5545466,-0.3919282,0.5835552,-0.080452956,0.24887139,-0.14173368,0.0077790413,0.41294193,-0.38526896,0.6270008,-0.015656238,-0.058661733,0.05973655,0.1556542,-0.17655657,0.36716837,-0.21052343,-0.59216774,-0.95537865,0.14878164,0.037750874,0.11359455,-0.26015732,0.1860238,0.07397655,-0.42062962,0.87235177,-0.06852528,0.0031936478,-0.05409685,0.41212937,0.3269561,0.2585734,-0.16051887,-0.3347354,0.088205285,0.108861096,-0.045924243,-0.23659086,0.27959648,0.23335126,0.046096053,-0.4963923,-0.40803915,0.49508622,0.37316772,0.44454908,0.21141544,-0.1453904,0.42708743,-0.12190269,-0.37871808,0.16836834,0.6774938,-0.3091244,0.045813896,-0.0076409336,0.06490955,-0.01850781,-0.14837264,0.28902194,-0.3401038,0.5899273,0.1590988,0.39023656,-0.07446601,0.49082914,0.11683069,-0.78424835,-0.17541915,-0.41691417,-0.30594936,0.0014714547,-0.13744043,-0.5113822,-0.1850447,-0.14356454,0.109745435,0.015718747,-0.090903796,-0.269339,-0.20224276,-0.13744234,0.02973751,-0.117541224,-0.41191894,-0.047036145,-0.1421227,0.084057584,0.021542612,0.4264828,0.206066,-0.13732696,0.12259187,0.035906527,0.0035159513,-0.46162245,0.22610201,0.5366918,0.0031269228,-0.32744282,-0.035121884,1.0411,0.08528232,0.054493144,0.35872236,0.014703683,-0.24955328,0.56578565,-0.33093083,-0.73026794,-0.3885643,0.0631151,-0.07025653,-0.26897508,0.27959514,-0.025574155,-0.09740782,0.34692863,-0.67869717,-0.5302608,-0.24602106,0.64610577,-0.16133584,-0.05247776,-0.5538493,-0.44704232,-0.2936365,-0.17912704,-9.953356,-0.68590045,-0.0285278,-0.043325443,0.4213249,-0.5253762,-0.20160156,-0.119860604,-0.12098353,-0.36266506,-0.121030994,-0.19959141,-0.29214972,0.0061504967,0.22980505,-0.41559407,-0.4599014,0.2651465,0.2255938,0.7085993,-0.20500663,0.2426841,0.5127869,-0.16727227,0.19351818,0.32797554,-0.20231158,0.39824787,-0.025795462,0.38769957,-0.4674058,0.019211479,-0.15176645,0.84170794,0.069495745,-0.11098798,-0.43650448,-0.45645568,0.24307325,-0.01812413,-0.3300267,-0.43198282,0.23179111,0.034839835,0.4705625,-0.30860382,0.21754232,-0.29212442,-0.067973636,0.084547825,-0.22960065,-0.613831,-0.26254344,-0.22825481,0.17887639,-0.27123234,0.58466774,0.89591014,-0.3811806,-0.3341717,0.04447452,-0.15362146,-0.7179076,-0.4145499,-0.013833673,0.6406966,-0.4038895,-0.013730617,0.30182254,-0.061934907,0.09610152,0.0014273952,0.1817268,-1.7220733,-0.08277889,0.41289717,-0.21353395,0.52457106,0.39187437,-0.34504917,-0.23390816,-0.100913,-0.09522969,-0.08361587,-0.5410476,-0.4676072,-0.49114606,-0.797288,-0.047143236,0.22918092,0.29911548,0.16736165,0.04795579,0.25819942,0.4378913,-0.048508666,0.56744874,-0.3418246,-0.004794496,-0.117190085,0.33504805,0.012100249,0.07894854,0.64130145,0.44731948,-0.017675094,0.1480245,-0.03211068,0.20096825,0.291825,0.07984872,-0.5615153,0.30019763,0.18196851,-0.34700048,-0.51344836,0.1411776,-0.017721623,-0.38171932,-0.38736248,-0.046553213,0.10470763,-0.29118592,-0.8693552,-0.9359473,0.009583958,-0.31895223,-0.18293661,-0.53412515,0.5091042,-0.114891514,-0.03211299,-0.28637475,0.17650604,-0.3810078,-0.24277093,-0.64428973,-0.16233256,0.225265,-0.29136866,0.40314022,0.27961665,0.70942146,0.37094215,-0.4287912,-0.09098819,0.11407003,0.19599634,-0.16446015,0.16551068,-0.27816668,-0.88614184,0.2311135,0.16945639,0.3770509,-0.021443853,0.21938871,-0.30946916,-0.09112096,-0.6410459,0.051763363,-0.33848202,0.05471585,0.65144825,0.70860934,-0.057225548,-0.13133568,0.22463393,0.18466982,0.051956177,-0.29960135,0.19395486,-0.4274813,0.25761265,-0.26978368,0.598257,-0.26525623,0.12265967,-0.35521346,-0.019311506,-0.11540499,0.20273724,-0.060769938,0.22964348,0.34672505,-0.00622891,0.16714646,-0.054045256,0.32722318,0.51106143,-0.6579049,0.56172,-0.28971064,0.08377065,0.08758025,-0.038419105,0.13529067,-0.5062841,0.26684827,0.03332613,0.37239912,0.06860312,0.3321602,0.16953005,-0.40716964,-0.18803006,-0.1671207,0.4624194,0.29945862,-0.29960415,0.40817308,-0.655326,0.03712017,-0.15639983,-0.14926909,-0.06836574,-0.14021525,0.026569895,-0.73786217,0.19455956,-0.2217242,-0.22300349,0.14490655,0.29551733,-0.6491814,-0.56071687,-0.01012737,-0.0060936934,0.18037915,-0.061235525,0.21551448,-0.5855785,0.41530693,0.11677078,-0.33808285,0.23486115,0.73150486,0.5080277,0.33008096,-0.36544088,-0.25514957,-0.5132059,-0.4395343,-0.25359884,0.19891532,0.055068593,0.1092788,0.38487574,-0.46264216,-0.25563052,0.54245293,-0.16665718,-0.500942,-0.14168443,0.25171983,-0.29832074,-0.88871294,0.088059254,-0.15414779,0.32323363,-0.2598285,-0.09189248,0.12431837,-0.049177818,-0.43147403,-0.19564673,0.025028875,-0.13618517,-0.09988737,-0.31685883,0.22768937,-0.13878176,0.5406273,0.24751619,0.24834839,-0.09354163,-0.5219128,-0.23818392,0.66012454,0.21370925,0.19207405,-0.2416279,0.5971609,-0.17329009,-0.05430595,-0.18015893,-0.22922026,0.19930159,-0.0074880663,-0.096024424,-0.14943157,-0.074238054,-0.5033311,-0.34999335,0.18429893,0.20054968,0.049459413,-0.64271426,0.54267937,-0.066918835,-0.12004897,-0.51315045,0.4754076,0.07435868,0.24929616,0.17928062,-0.11106031,-0.11115103,0.24697357,0.051766284,-0.26553968,-0.0731418,0.78623337,0.34639853,0.121251926,-0.34434903,0.15224627,-0.3867368,-0.16976254,0.40647677,0.021190556,-0.02495686,0.53211045,-0.058235984,0.047798507,-0.13305873,-0.1898226,-0.18658713,0.37255841,0.75046694,-0.038856626,-0.015833868,-0.14192684,0.4798965,0.16085969,-0.29929864,0.074902296,-0.28341347,-0.23350589,0.23535977,-0.13093747,0.08882961,0.06741076,0.55524856,-0.40919682,-0.07631879,-0.2744954,-0.23634003,0.7493381,0.22489342,0.19575474,0.22446097,0.101076216,-0.040326715,0.15726759,0.11077462,-0.023531802,0.10580643,-0.37876716,0.4349949,0.10413393,-0.14758322,-0.45290917,0.12400823,0.13959095,0.36592925,0.007994836,0.05825697,-0.057632633,0.13753621,-0.032882486,-0.38176614,0.31882125,0.78768986,-0.5616901,-0.024054246,-0.32796922,0.3192724,-0.58674026,-0.2351629,0.26577553,0.36448905,-0.44632018,-0.17027298,0.89280224,-0.752965,-0.22348711,-0.045612257,0.02564512,0.2505409,-0.08937501,0.45918432,-0.17374486,-0.52744746,0.42496458,-0.52774245,-0.08215812,-0.11434181,0.23036684,-0.16037236,-0.24348132,-0.07535625,0.17755319,0.07317044,-0.28316256,0.15274388,-0.43727317,0.41591904,-0.33159086,-0.09184378,-0.5288157,0.79021764,-0.19001354,0.40799135,0.050993286,-0.26938277,0.16744827,0.04471716,-0.35413557,-0.084240794,-0.71356213,-0.3434896,-0.62329143,0.37103888,0.19046362,-0.5424354,-0.28105333,-0.05609979,-0.16851825,-0.35231307,-0.13819104,0.7155294,0.5253683,-0.23199993,-0.6722899,-0.17172995,-0.17739469,-0.35940427,-0.36048862,0.1825513,0.26172775,-0.43443722,0.024991734,-0.2835608,0.34785226,0.03569009,0.42610458,-0.2656954,-0.24132797,-0.6218882,-0.11781887,-0.0503167,-0.13666095,-0.31065163,-0.22207056,0.48114526,-0.18260315,-0.47030023,0.34687716,0.11263899,0.0,0,0,0,0,0,0,0,0,0,0,0,2,0,0,1,0,0,0,0,0,0,0,0,0.0,0.0,0.0,0.0
0.2705815,-0.45771876,0.52049303,0.21592486,0.47410816,-0.34936702,-0.29711276,0.30007097,-0.25808105,-0.16819756,-0.037793282,-0.4548108,0.29716897,0.24225003,0.2934108,0.56201035,-0.66465276,0.26577428,-0.02784792,0.07030101,0.6653685,0.16921943,0.17231293,0.06448312,0.3930293,-0.12694094,0.23443101,-0.3724327,-0.5025138,0.23450321,0.26546428,0.5881712,0.11119071,-0.26362327,-0.24952582,-0.26697034,-0.4224889,-0.19302641,0.16916119,0.59584445,-0.47406727,-0.1914754,0.5015886,0.01614179,-0.240185,0.3707613,-0.257818,-0.009176675,0.35402474,0.1339277,-0.75332093,0.22090687,-0.3258633,-0.578742,0.08455946,0.67574143,0.56897336,-0.8262893,-0.28917196,0.3930897,-0.327781,-0.32585126,-0.1106311,-0.05401833,-0.17915288,-0.3558433,-0.013791975,0.49607155,-0.91294014,0.38137814,-0.07911426,-0.08608934,-0.22881448,0.41064593,-0.32474437,-0.20415768,-0.27485073,0.94617766,0.33313844,-0.22846141,0.31458887,0.13916154,0.43489182,0.16641183,0.5628795,0.62666607,0.22833164,0.08803011,-0.819758,0.59351176,0.16225086,0.09147794,0.03516031,0.16244671,0.57154953,-0.6061032,-0.42451435,-0.3784184,-0.537884,0.20750242,0.7834346,-0.30031,-0.021460772,-0.32038108,-0.23595265,-0.16554555,-0.39917305,-0.5177038,0.29442054,0.1389733,0.09837263,0.23803039,-0.015639499,-0.5136059,-0.16560116,0.25849503,-0.20025404,0.24638249,0.3505836,-0.10716412,0.07364172,0.675139,-0.09959823,0.385207,0.17924061,0.28921202,-0.054030184,-0.17840673,0.5908281,0.535057,0.25130734,0.19888283,-0.23519045,-0.35548195,0.29610282,0.09018207,-0.035686906,-0.1457734,0.048446003,-0.020026166,-0.27118114,-0.45742312,0.26807973,-0.14951567,0.35484245,-0.045524806,-0.0007336844,-0.24577864,-0.32711056,0.36563292,-0.7024849,-0.0588924,-0.28230432,0.21164612,-0.08701928,-0.36668786,-0.25385797,0.042785946,0.32602656,-0.022392744,-0.021353917,0.093367845,-0.12117197,0.042672176,-0.09011508,-0.03773247,0.018288378,-0.12657453,0.12909111,0.05252354,0.20342752,-0.65914965,0.105973676,0.33757383,0.47416016,0.19946921,0.009794015,-0.36675316,-0.11793998,0.7042203,-0.36044678,-0.06361079,0.43149632,-0.2783053,0.33465973,-0.13210839,0.5082795,-0.3380406,0.53346944,0.108622015,-0.4010746,-0.2315407,0.13281925,-0.1152259,0.32299164,-0.62012404,-0.006485008,-0.05779831,0.14561644,-0.46745896,0.055574436,-0.14903022,-0.16944794,-0.17403363,-0.6562317,0.091403544,-0.45634773,-0.29076388,-0.49195457,-0.1845215,-0.18242861,0.41519332,-0.32565072,0.034822986,0.0380794,0.2761933,-0.21491112,0.13143167,-0.123877734,0.1306179,0.3214535,-0.032645058,0.14684953,0.09596957,-0.016937684,1.444492,0.123631954,-0.6751879,0.25816882,0.19957298,-0.21043882,0.10146495,0.28333032,-0.46714944,0.5085032,0.17792767,-0.33667603,-0.20678024,0.21209927,-0.007811955,-0.30723435,0.30385843,0.24780855,0.08875819,-0.29304993,0.036985267,0.17206013,0.045918718,-0.22406992,-0.22296321,0.014659591,0.026574373,-0.5603185,-0.11583331,-0.080336936,-0.123256885,0.15303296,-0.59932727,-0.37369156,0.3243009,0.27733737,0.09729559,0.21701875,0.22881739,0.6482595,-0.6354899,0.13067959,-0.057282105,0.6606238,0.10730916,0.23429883,-0.024765788,0.30677634,0.72741914,-0.03862335,-0.68257886,-0.11209236,0.22397986,0.16784857,0.1617738,0.14805782,0.37786445,-0.23632842,0.056998406,-0.07526989,-0.11295878,0.285049,0.37219948,-0.07439355,0.11354116,-0.21231644,-0.09492301,-0.5114511,-0.12449615,0.75366807,0.6151282,0.048474453,0.23361914,-0.58169025,-0.14281112,0.07042647,0.28571254,0.22317185,-0.08545252,-0.40478882,0.19841754,-0.26433516,-0.506303,-10.81586,-0.8145965,-0.027920363,-0.230483,0.0134809045,-0.33457017,0.40065953,-0.1175811,-0.05231047,-0.1779311,0.121186934,-0.05126529,-0.1326309,-0.3545824,-0.18616205,0.4117152,0.4263788,0.17102875,-0.034999527,0.43700093,-0.5701493,-0.1746106,-0.0051108617,0.06453079,0.20193104,-0.3462167,-0.39095175,0.21335405,-2.6981235e-05,-0.22887339,-0.0476636,0.14136183,-0.08799135,1.0560056,-0.2129907,-0.21294281,0.010933168,-0.48480102,-0.32760656,-0.09656785,0.14848065,-0.1334818,-0.3074991,-0.015529248,0.73228526,-0.7644618,0.030473243,0.39267644,0.048013367,-0.39483297,-0.19190225,-0.2287661,-0.06561469,-0.41454017,-0.184018,-0.10826652,0.050723616,1.0785851,-0.3073098,-0.12431481,0.39259627,-0.30132067,-0.010052842,-0.29689065,-0.22405228,-0.008449772,-0.95239943,-0.47996715,-0.4736669,-0.3160903,-0.24811836,0.34349248,-0.23907124,-1.3530002,-0.23733303,-0.03206615,0.45287693,0.32950947,-0.3725277,-0.44819745,-1.0525867,-0.1941437,0.07974085,-0.28678071,-0.23232801,-0.7246727,0.045841638,-0.76501733,-0.6716682,-0.027154593,-0.24826036,-0.2639383,0.37467888,0.13114579,0.15425858,-0.2636823,0.2736152,-0.033329017,-0.033663265,0.40216324,0.23611607,-0.08432888,0.341135,-0.40385514,-0.49256015,0.15535904,-0.23984346,0.24393654,0.091624156,-0.12204362,0.09194956,0.3936204,-0.27677944,-0.08433175,-0.039007917,-0.050379824,0.12574558,0.41666073,0.10542853,-0.44052586,-0.18686582,0.2653059,-0.38913116,-0.3848144,0.31050128,-0.03338,-0.0068358337,0.023884958,-0.15090884,-0.5708656,-0.15893236,-0.1200693,0.004239684,0.072036944,0.40791595,-0.40894783,0.042863283,-0.4394691,-0.14431953,-0.20157446,0.06870979,0.24492851,0.3379612,0.012624652,0.049559575,-0.02914405,0.14421803,0.3443601,0.07043744,-0.009351126,-0.71989554,-0.8486605,-0.114299014,0.0015021648,-0.012435982,-0.087886006,0.23399729,-0.017901108,-0.24769983,-0.4935115,0.07107167,0.078613736,-0.22881985,-0.05279444,-0.0032787689,-0.086281024,-0.047388133,0.5049906,-0.17162253,-0.7021465,-0.21071184,0.47440434,0.37322244,-0.21351519,0.012550174,0.2058261,0.257565,-0.0069801495,-0.40634957,0.9270885,-0.02029171,0.53167325,-0.1691915,0.20136532,0.6953592,0.329677,0.43919834,0.30178398,0.33535427,0.61919415,-0.90741295,0.8216916,-0.0746273,-0.7060526,0.091298684,-0.56334394,0.78994805,-0.2656943,-0.12858206,-0.26458302,-0.6013078,0.27469197,-0.8793647,0.31298086,-0.24514103,-0.15025921,0.17701639,0.44470415,0.46868965,-0.00014112382,-0.2803942,-0.47782937,-0.3756869,-0.30919018,0.2612343,-0.31193507,-0.49272007,-0.5080234,-0.77285165,0.43550205,-0.2605305,0.071773835,0.096794024,0.31543785,-0.1815193,0.120663345,0.5091059,0.08315467,-0.34288424,-0.13526513,-0.051934782,-1.3980882,0.1776052,0.2734451,-0.14623916,0.14141068,-0.36880532,0.074918896,0.106968835,0.07302507,-0.5657454,-0.8982708,-0.06344055,-0.8285774,-0.5567034,-0.18274403,-0.4359235,0.65125585,-0.20229763,-0.4039771,0.24705374,-0.1329366,-0.22948755,-0.3236739,0.07749712,-0.24875817,0.058368873,-0.5267594,-0.48846942,-0.019783348,-0.253307,0.3568409,-0.15161294,0.06579921,0.22743039,0.0029760282,0.15559626,-0.17933539,0.07710994,-0.61785835,-0.47733814,0.0612051,0.03641584,0.2961432,-0.36681148,-0.37873352,-0.19097076,-0.3447394,0.05281767,-0.07098817,-0.3170469,-0.108244136,0.37312382,0.049982842,0.51899576,-0.24062715,-0.1631546,0.17084584,0.42506686,-0.02129177,0.379144,0.31039837,-0.5371302,0.07287679,-0.087221935,0.49517933,0.28136745,-0.3565561,0.28356734,0.3608696,0.27610624,-0.1436343,0.8236252,0.13209048,0.03366956,0.3023075,0.012381025,-0.23865087,-0.2694925,-0.70930153,-0.33419368,-0.29474556,0.6060775,0.74512815,-0.42588982,-0.14289601,-0.79663706,-0.24388796,-0.023252957,-0.026224794,-0.33975264,0.47965944,0.39175418,-0.16213506,0.1033705,0.2603866,0.04619162,-0.41478017,0.19174619,0.2530505,-0.35801017,0.32337248,-0.20154959,0.5579986,0.22454438,-0.2417694,0.01964736,0.1027732,-0.1707421,-0.0064425655,0.3474151,0.316255,-0.12019058,0.11787834,-0.043116722,0.15778935,-0.23313801,0.6359978,0.14503749,0.40451813,0.08311426,0.08905585,0.12143408,0.07407228,0.2694269,-0.13411593,0.04699164,0.3244961,0.048655882,0.49837363,0.073830925,0.36376485,-0.01520392,-0.8352797,-0.49352548,0.14768952,0.4377197,0.23355302,0.29152867,0.08514541,0.29350492,0.21507125,0.19986403,-0.18570507,0.036165304,0.038070343,-0.08961176,-0.27667472,0.16906781,0.31064534,-0.0788442,-0.03600483,-0.46467015,0.25376552,-0.10171116,-0.30224755,-0.2598191,0.2409565,-0.017869271,-0.6262719,-0.48747593,0.47228187,0.27710226,0.0068900194,-0.17510818,-0.09018408,0.20671362,0.044898216,8.910656e-05,0.24688482,0.11175783,-0.29659173,-0.21505484,-0.14678651,0.045458004,-0.058744136,-0.3416865,-0.06259569,-0.96791005,-0.057073783,0.3780034,0.021534823,-0.034137614,0.30203134,-0.14467214,0.25038463,0.27266943,-0.033427373,-0.3434877,0.097238444,-0.2525717,-0.51983744,0.10428806,-0.13887204,0.122263156,-0.45873204,-0.004111709,-0.026687223,0.22645468,-0.051019944,-0.44029954,0.3664658,0.3826904,0.07047718,-0.60976267,0.018812817,0.053221382,0.56304324,0.06975854,0.45689,-0.22511174,0.28507626,0.20559782,-0.119047105,0.008163472,0.18910404,0.23026113,-0.25906885,-0.51325667,-0.3071087,-0.29827207,0.11204329,-0.301711,-0.5249547,0.38143244,0.17503618,-0.19806087,-0.4917067,0.15573895,0.11694353,0.0,0,0,1,0,0,0,0,0,0,0,0,0,0,0,1,0,0,0,0,0,0,0,0,0.0,0.0,0.0,0.0
0.32710415,-0.46303222,0.39168948,-0.108482964,0.4601225,-0.2128859,-0.29605407,0.6149195,-0.18617965,-0.053284273,0.048251916,-0.27989194,0.2717864,0.37355682,-0.12312132,0.6326055,-0.3732702,0.43689954,0.16361423,0.20329098,0.122776985,-0.029973397,0.05787131,0.20251136,0.49325955,0.18278448,0.22869457,-0.50042516,-0.9850143,-0.17944117,0.13007878,0.38058037,0.10945637,-0.015286027,-0.09339749,-0.9221987,-0.4205186,-0.33459732,0.14266285,0.60128725,-0.3139722,-0.1491695,0.36751586,0.15112112,-0.35979527,0.16995654,-0.18936405,-0.07163482,0.035338238,-0.15808861,-0.60576177,-0.24558508,-0.0056174123,-0.10358205,0.21414353,0.35582143,0.4788867,-0.42533126,-0.23504637,0.09136281,0.010466282,0.10754265,0.02438253,-0.31633407,-0.13029459,0.063690566,0.18618311,0.1682691,-0.9683426,0.25554585,0.38429284,-0.07425549,-0.23413713,0.30637705,0.049321327,0.37341774,-0.24736035,0.8027812,0.23381262,-0.009663184,0.19006893,0.24547626,0.34495267,0.23523785,0.30015656,0.4939601,0.15218095,-0.14779902,-0.4189408,0.7468605,0.11614545,0.26833278,0.29182184,0.20265186,0.6361671,-0.33681294,-0.37539452,-0.36784518,-0.17002955,0.043459807,0.2708163,-0.25148878,-0.35232213,-0.14319617,-0.40348205,-0.12752861,-0.6413179,-0.09372465,0.065949164,0.25273803,-0.24956389,0.48848096,0.0019525999,-0.6874032,-0.28800222,0.3169525,-0.015872432,0.07001023,0.20886755,-0.045213275,0.15351,0.66019905,-0.04543919,0.18418199,0.41414264,0.27401876,0.24978842,0.16066866,0.3355157,0.059148427,0.49530143,0.111919306,0.22511958,-0.08332804,0.18147334,0.13692667,-0.08204175,-0.16616821,0.13464394,-0.29230016,-0.3448858,-0.31231612,0.1568525,0.02208312,0.37061867,-0.24684374,0.24380764,-0.34303725,-0.61800116,0.27509165,-0.18228102,-0.32766032,-0.48252487,-0.12264071,-0.037349947,-0.27032575,0.10240991,-0.1372437,0.1931176,0.15673949,0.11323914,0.2979955,0.14874963,-0.23961298,0.054829683,-0.046515007,0.092655085,-0.025322333,-0.3875923,0.08697924,0.07834371,-0.4247491,0.46182117,-0.2607453,0.30230725,0.68301505,-0.07408513,-0.01853006,0.025889045,0.5828984,-0.59686786,0.18085425,0.60665053,-0.62135947,0.14292508,0.027725978,0.42798802,-0.25206625,0.9311722,0.13316292,-0.46737587,-0.032567963,0.25809783,-0.356288,0.25744855,-0.4782323,-0.16579884,-0.27816665,0.07705568,-0.6383041,-0.01665546,0.3263698,-0.16321257,-0.18891591,-0.5325546,0.03690429,-0.09973389,-0.23611452,-0.39346528,-0.31974643,0.2959243,0.5982217,-0.25637344,0.18532762,0.002247195,0.044176932,-0.062122528,-0.15886913,0.007789487,0.14318979,0.08580366,-0.4427152,0.32757932,-0.06936752,0.16946289,1.005302,0.090757035,-0.62235713,0.33150566,0.5048921,-0.37659916,-0.13453227,0.29185373,-0.2776282,0.123681284,0.11228014,-0.41599822,-0.10100667,0.3852234,0.0875108,-0.28591934,0.49606046,0.12940474,0.44851944,-0.0075872433,0.14689481,-0.05906308,-0.5173043,-0.4528645,-0.3847129,-0.16317743,-0.10789067,-0.30835387,-0.21522063,-0.09326383,-0.16369465,0.0029201054,-0.046515767,-0.19655254,-0.26966083,0.4197757,-0.042834707,0.12386723,0.112018555,0.40398064,-0.30495247,0.15281692,-0.059737578,0.5750522,0.11041221,-0.31276473,-0.14506572,0.15813628,0.36450565,0.36382034,-0.32801044,-0.022208638,-0.041521493,-0.1361441,0.014494767,0.26682815,0.16019884,0.12458505,-0.1934518,-0.23642296,-0.043885726,0.35434273,-0.019397728,-0.32533658,-0.13945009,-0.5889789,-0.23375568,-0.115276,0.06068085,0.84212625,0.5431551,0.024767058,0.35997218,-0.5784568,-0.2641971,0.0915171,0.12021028,-0.03882486,-0.14989668,-0.24124064,0.23660026,-0.19392605,-0.4285359,-7.712956,-0.4728631,-0.29174665,-0.4016672,0.059689455,-0.6258863,0.17137928,-0.30223882,0.015520942,-0.068769656,0.16575184,-0.29997805,0.090805635,-0.115123644,-0.10962584,0.50153834,0.548747,0.18029132,-0.011822539,-0.040855277,-0.15418895,-0.2890501,-0.06659682,-0.062271915,0.2348831,0.34463722,-0.30434132,0.42182013,-0.07542345,-0.20561743,-0.31814468,-0.048634768,-0.09708768,1.1399815,-0.088436104,-0.48285317,-0.06957484,-0.23478639,-0.1413117,-0.08418602,0.17177087,0.1583526,-0.25355768,0.028687127,0.8632494,-0.55836564,0.052753102,0.10003452,0.2493081,-0.16559024,-0.08035387,-0.34828666,-0.09016564,-0.13496119,-0.038800076,-0.065997355,0.050548334,0.8003572,-0.2716664,0.030890211,0.30724442,-0.14681613,-0.10963798,-0.026806168,-0.59096426,-0.3402784,-0.6136365,-0.7092511,-0.26196262,-0.19296545,0.11081995,0.42092532,0.32289982,-1.2180231,-0.008492763,-0.53583133,0.4458527,0.5661296,-0.6882485,-0.35434473,-0.2593304,-0.36606148,0.049484383,-0.45397723,-0.54102916,-0.3321521,-0.23750004,-0.4629364,-0.6470831,0.10052779,-0.2805315,-0.13811235,0.63209,0.033038467,-0.14788552,-0.076303385,0.5424902,-0.08203912,0.010643301,0.20307688,0.38549638,0.12218313,0.16423936,-0.2928015,-0.4014696,-0.004200842,-0.08834913,-0.10219682,0.14424941,-0.3242482,0.17621906,-0.2689203,-0.49182412,-0.26863667,-0.06921453,-0.30741408,0.07930421,0.19524671,0.012477972,-0.71245646,-0.16711731,-0.02896757,-0.3414011,-0.2893485,0.14598782,-0.017303767,-0.36923692,0.22953886,-0.44868985,0.010416752,-0.17091288,0.116114646,0.07205186,0.43903458,-0.08933633,-0.45969808,0.16147143,0.160721,0.16386679,-0.1189462,0.25928584,0.6111334,0.111151494,0.24130547,0.27815145,0.22762455,0.32156703,0.73839307,-0.1040537,-0.0530934,-0.37707067,-0.7083644,0.13895479,0.014986423,0.22017466,-0.0683333,0.63169813,-0.00667184,-0.7675821,-0.44553575,0.31292754,-0.12043712,-0.17868197,0.15897013,0.022616718,-0.12606268,0.21779178,0.32172137,0.13853094,-0.59280825,-0.05706655,0.5786526,-0.027681766,-0.071350485,0.20871235,0.41410366,0.29396605,-0.14243692,-0.10758863,0.34392577,-0.013832454,0.19961855,-0.24822365,0.21526259,0.52385163,-0.013568262,0.06735527,-0.055004314,0.21623713,0.6556467,-0.62907356,0.2765534,-0.10977147,-0.40946501,0.19806775,-0.749571,0.61599386,-0.47414914,-0.04614686,0.41854867,-0.4701707,0.28202212,-0.5975776,0.33506852,-0.25921184,0.010908398,0.07837544,0.23479375,0.31925353,-0.013763474,-0.14709938,-0.57167625,-0.394905,-0.39517635,0.28157124,0.07155157,-0.4723073,-0.3503019,-0.6316495,0.29257792,0.28809234,-0.09195463,0.2773115,0.077709734,-0.084707946,0.21100923,0.3284116,-0.22607523,-0.31825662,-0.35721564,-0.019929266,-1.121805,0.13182914,-0.16886431,-0.032999095,-0.15665168,-0.66167444,-0.06112395,0.0060422765,-0.4609007,-0.7182203,-0.36951992,-0.40964308,-0.6237629,-0.46848857,0.14893621,-0.104599856,0.20706509,-0.25429863,0.18248135,0.3602051,-0.44472373,-0.07618216,-0.19196954,0.48125938,-0.43043494,-0.023037147,-0.61228347,-0.26257947,0.019738458,-0.14241977,0.06275098,0.057027716,0.27054742,0.06491856,0.01378784,-0.31559402,0.17654903,0.07318107,-0.7009626,-0.27117503,-0.14583467,0.054260053,0.3938393,0.3428875,-0.06317346,-0.42722243,-0.5439456,-0.26516536,-0.066370495,-0.42855915,-0.2420327,0.40442753,0.3847295,0.124098666,0.048051424,-0.38451135,0.21478975,-0.10689879,0.32392657,0.12069107,0.6928898,-0.34134603,-0.12612562,-0.35672224,0.5013701,0.6805361,-0.3516769,0.3818498,0.56358373,-0.31210747,-0.1551764,0.7128097,0.067668885,-0.20634092,-0.0051222877,0.16311048,-0.22995268,-0.22871286,-0.28806883,-0.11944029,-0.496639,0.47733516,0.8640764,0.20449847,-0.4027473,-0.8754706,-0.040245105,-0.34908676,-0.044099115,-0.10443357,0.09466516,0.44679156,-0.20559101,-0.10238267,0.029793136,-0.18087004,-0.39267263,0.30703622,-0.18424618,-0.3097964,0.13908733,-0.13252412,0.124993,0.039462708,-0.46527997,-0.32531273,0.01373211,-0.3251321,0.0903231,0.12348063,0.19066335,0.103059284,0.22218439,-0.22762412,0.025435328,-0.22898792,-0.014858213,0.28833726,0.41949913,-0.07101181,-0.00961057,0.15473214,0.39556053,0.2769617,0.19576523,-0.04434799,-0.0022068783,0.21844435,0.8408869,0.23018304,0.23302092,-0.07027455,-0.7108329,0.20335525,0.012517458,0.257461,-0.25560468,-0.0468357,0.34964263,0.18586022,0.13144542,0.17122407,-0.31441066,0.047105312,0.06181668,-0.03334314,-0.12543318,-0.10947676,0.32583892,-0.46732002,-0.16993128,-0.70846313,0.16773327,0.28639182,-0.25116327,-0.06888096,0.18736774,0.06579816,-0.450178,-0.14649732,0.3809267,0.25630265,0.41658616,-0.050146755,-0.108939655,0.053721227,0.19846167,0.26490948,0.03263537,0.16610256,-0.21901831,-0.21328379,0.25930795,-0.00071129366,-0.32065013,-0.22620383,0.122034185,-0.3320076,-0.15750629,0.17676573,0.11210881,0.003390745,0.20511785,0.12545854,0.054116197,0.4256255,-0.23407294,-0.29070446,-0.10437755,-0.4259392,-0.31890675,0.076806724,-0.22344276,-0.1325218,-0.24762854,-0.287529,0.1904447,-0.13630211,0.23223661,-0.62416995,0.06732006,0.63374484,0.26886582,-0.425416,-0.43475,0.2812005,-0.109281674,0.026869493,0.020760627,-0.49371213,0.0043993536,0.1254776,-0.43180156,-0.060124572,0.3117645,0.14140607,-0.5611146,-0.43064007,-0.33627948,-0.44095078,0.09568875,-0.22811536,-0.22693187,0.39110488,-0.013666043,-0.27633256,-0.68133086,0.25603005,0.06995924,0.0,0,0,1,0,0,0,0,0,0,0,0,0,0,0,1,0,0,0,0,0,0,0,0,0.0,0.0,0.0,0.0
-0.15679027,-0.10366204,0.787693,-0.2291488,0.16901025,-0.20942996,-0.09857661,-0.1445997,0.37017578,-0.18556774,0.10532841,-0.056520864,0.08748214,0.096043564,0.0566377,0.35369986,-0.028203588,0.025395632,-0.07818367,-0.29471898,0.26574922,-0.1626234,0.088122085,0.10867592,0.11738828,0.26551035,0.3000749,-1.0297403,-0.55298257,0.31046617,0.062753566,0.47488895,-0.13761225,-0.16542542,0.5841206,-0.33159035,-0.23305282,-0.37732947,0.24606293,0.00025049294,-0.44383103,-0.06963666,0.5430559,-0.12900698,-0.31628427,-0.0030370546,0.19530825,-0.49882662,-0.095335454,-0.37097478,-0.3805391,-0.19966039,-0.6290273,-0.486615,-0.26664406,0.3506418,-0.087656215,-0.6343873,-0.22610635,-0.18354775,0.19404154,-0.52406245,0.005602991,0.15537396,-0.2099144,-0.17232554,0.16460106,0.61272097,-0.592829,0.39604443,0.4418949,0.26665866,-0.06145867,-0.13394767,0.05127792,-0.020817041,-0.36985734,0.6650573,-0.23560004,-0.22893743,-0.23744354,0.21682863,0.45773757,0.046064325,0.046856,0.29415926,-0.07747307,-0.38336346,0.05640824,0.8397369,0.048223633,-0.23826948,-0.011885646,-0.0018853423,0.23187476,-0.5554307,-0.6277315,-0.16428223,0.3033116,0.22159241,0.34865937,-0.59923816,0.29083428,-0.28345224,-0.23602131,0.32384846,-0.42135105,-0.06511898,0.03887338,0.2255738,0.19829796,0.3749256,0.5620286,-0.16581112,-0.29115683,-0.3520055,-0.41877574,0.42514423,1.0765245,-0.101811886,-0.34941098,0.436201,0.2506753,0.10968296,0.40674487,0.6604704,0.33690396,0.064148724,-0.016633218,0.51948524,-0.07164614,0.47219715,0.5476444,0.0507203,0.14901912,-0.09840399,-0.293725,0.038311932,-0.2315448,-0.48016438,-0.17562976,-0.17583437,0.29547286,0.4363903,0.30095908,0.33489907,-0.19862749,-0.034550622,0.14021817,0.3470949,-0.50819343,0.25073203,-0.4362455,-0.23449217,-0.088401206,-0.119940884,-0.36970317,0.13461933,-0.4737481,0.8036352,0.60351896,0.5647261,-0.028207744,-0.47591895,0.16383666,-0.19872925,-0.30616435,0.57116866,-0.38270122,-0.035331015,-0.56889814,-1.1090894,0.062253997,-0.07340846,0.013002509,-0.055029914,-0.099128485,-0.4012989,0.45542046,0.38448524,-0.50118923,0.2008329,0.1316613,-0.14465746,0.27424955,-0.07207782,0.7022277,-0.31604314,0.47181958,0.0860453,-0.06693668,0.3316167,0.53258115,-0.47543475,-0.15218481,-0.82326865,0.23773102,-0.76463425,0.19884777,-0.39153442,0.34272933,0.91462606,-0.0026362403,-0.20309183,-0.038665477,0.39543822,-0.005478305,-0.10714123,-0.6078438,-0.07092896,-0.04102237,0.62022567,-0.32129273,-0.068544,-0.055516604,-0.31775743,0.6910679,-0.48934197,0.6531841,0.27659044,-0.11535726,-0.6650138,0.42401233,0.08817299,-0.34967145,1.169258,0.45576817,-0.4343985,0.6657399,-0.2760497,-0.09466073,-0.6791831,0.2474186,0.1618548,0.48947823,0.36079505,-0.2811969,-0.5470168,-0.19393429,0.1508283,0.090739116,0.52192855,0.63080907,-0.0628427,-0.23210008,0.61427385,-0.11464481,-0.5187627,-0.34767452,-0.0788296,-0.162852,0.118629865,-0.12451498,-0.33566806,-0.023006277,-0.18441445,0.34642795,-0.4780921,-0.4701903,-0.56205755,-0.15286751,0.13354477,0.52086145,0.0134264305,0.20258719,-0.36405239,-0.28555614,0.29422688,0.35591114,0.32979134,-0.45097417,0.13294831,-0.30956537,0.55523825,-0.033705693,-0.2788064,0.04244822,-0.11437099,-0.18358053,-0.0041261446,0.115917094,-0.1541234,0.2812165,0.15728642,-0.09991335,0.19367254,0.34567052,0.19642492,-0.020270014,-0.47706714,-0.05396873,-0.058220312,0.04941831,-0.24574612,1.1593146,0.11522804,-0.19817638,0.079570234,-0.17080797,-0.5864463,-0.07151973,-0.33359692,-0.27978307,0.09562308,-0.22787723,-0.18650143,-0.69291306,0.015024598,-11.041356,-0.22478983,-0.62088466,-0.17788492,0.21598083,-0.7067696,0.37825653,0.15777926,0.07718882,-0.62423384,0.15578827,-0.20480102,0.1644016,-0.4250818,0.2527908,0.17221779,0.53278494,0.19233671,0.10023821,0.45018512,-0.4326635,-0.29358855,0.5865415,0.16923493,0.6001592,-0.17665344,0.41377598,-0.24296173,-0.63862973,-0.18058653,-0.4891103,-0.24873787,0.0656687,1.3980744,-0.07221209,-0.102029555,0.21517979,-0.46976066,0.28332034,-0.13208656,0.30071074,0.07349484,0.07298353,0.4126688,0.7065712,-0.09000241,0.29261205,0.42850554,0.32823598,-0.101025276,-0.49258658,-0.06481371,-0.09605804,-0.8682534,-0.023891686,-0.13958344,0.12171652,1.0173302,-0.3700506,0.16943306,0.8831814,-0.15330188,-0.3833624,0.4810177,-0.8722578,-0.20366357,-0.7502792,-0.5522368,-0.27267173,-0.2807778,-0.13484767,0.5232719,0.6448544,-1.2766479,-0.399247,-0.3589001,0.032200847,0.76436704,-0.1748581,0.2853016,-0.3261755,-1.1558824,0.38066143,0.11255936,-0.08038092,0.070673354,0.07501302,0.011359895,-0.09985633,-0.0015911913,-0.3033652,0.010277451,0.47047806,-0.07143543,-0.13385871,-0.28915247,0.63479525,-0.60136586,0.3648907,0.24169172,0.32759708,0.32020873,0.17684174,-0.34781212,-0.65038836,0.22297129,-0.68886137,0.13670933,-0.14264473,-0.28290296,0.12866908,-0.3105196,-0.12256979,-0.0230287,-0.47809994,0.3526237,-0.06507396,0.07726718,-0.36579216,-0.45467907,-0.3423851,0.5011522,-0.7260478,-1.0016761,-0.3692428,0.14130232,-0.21809246,0.27501336,-0.38847363,-0.093468465,-0.71841407,-0.53809506,0.2300518,0.22883064,-0.072837666,0.05256258,0.1897717,0.16654634,0.10743993,-0.4864956,0.93927896,0.502215,0.060181446,-0.17005183,0.49547115,0.25071597,0.44476315,0.1264192,0.07047192,-0.28008524,0.3467251,-0.83735347,0.32854706,0.16550848,-0.42841852,0.09074004,0.46993655,-0.48204598,-0.5551635,-0.6101083,0.5014804,0.28594747,-0.23779982,0.18322262,0.10611738,-0.34607762,0.049696103,0.042100955,0.19885337,-0.27759352,-0.21509993,-0.025620664,-0.18818697,-0.29777625,0.03937802,0.39079976,0.42041168,-0.65089226,0.09656687,0.2691713,0.56444365,0.23469375,-0.42288333,0.07594763,0.5555253,-0.12318042,-0.171097,0.51281184,0.45257077,0.16919945,-0.43594757,0.530576,0.008223751,0.080537215,0.13211794,-0.40748805,0.5202126,0.31053746,-0.17552929,0.5894484,0.14013268,0.5628116,-0.40566862,-0.15617432,-0.42155132,0.10261206,0.20410976,0.61672163,-0.13727917,-0.4321973,0.49342096,-0.37521797,-0.58535063,-0.06544042,-0.042035356,0.41917825,-0.32961097,0.1446913,-0.56295294,-0.022485679,0.2980543,-0.10482716,0.094233096,0.04552611,0.09169211,-0.04913619,0.111744836,-0.3927847,-0.5952763,-0.46018216,-0.04923991,-1.0989968,0.25617456,-0.004436726,0.49634796,-0.34945983,-0.7797982,0.5513696,-0.24381916,-0.23769388,-0.9649258,-0.4421951,-0.19978365,-0.7099923,-0.43279386,0.005778828,-0.42030466,-0.13599953,-0.2521804,-0.03880261,0.26292276,-0.8268928,-0.14965016,-0.29490727,0.5181509,-0.4202276,-0.42059422,-0.91623724,-0.18555494,0.3575013,-0.12898515,-0.2022957,0.051514678,0.2837321,0.06478181,0.12927398,0.1378388,0.47017038,0.37370405,-0.42965472,0.25662202,-0.27840215,-0.12605311,-0.1500803,0.37503055,-0.01511447,-0.49255735,-0.51339495,0.18181567,-0.42183137,-0.54779124,-0.08753753,0.31943437,0.63255125,0.30315918,0.32753953,-0.08163393,-0.27365148,-0.31090686,0.38473603,0.6940016,0.28622496,-0.2672782,-0.028037814,-0.33685288,0.6192858,0.30803838,-0.4454117,0.5224324,0.30497265,-0.0982578,-0.063335165,0.219376,-0.098864704,-0.8293526,-0.030488413,0.09999047,0.007360705,-0.5241654,-0.2695037,-0.0071248347,-0.3551983,0.61223054,0.30020565,0.50663155,-0.7412109,-0.4383939,0.1449353,-0.28487024,0.19946179,-0.096807234,0.84878355,0.64455175,-0.15277019,-0.22087292,0.1791672,-0.24168003,-0.40658486,0.1661633,0.22129174,0.11655703,-0.018639186,-0.17302671,0.16710025,0.033084627,-0.37079662,-0.09392986,0.4347371,0.20916209,-0.033473887,0.15357846,0.47597682,0.39716095,0.015875958,0.29575482,0.050446633,-0.37105525,-0.7466439,0.36064634,0.46010888,0.19813137,-0.30021626,0.010056769,-0.22637272,-0.4675755,0.032149915,-0.10908672,0.17897764,0.048860606,0.78763044,0.2655634,0.37290952,0.51789415,-0.9937062,-0.05934901,-0.41376457,-0.112360194,0.24587493,-0.580532,-0.2864695,0.032990728,-0.17879048,0.6447914,0.14982827,0.34845042,-0.17388435,-0.09926586,-0.2239423,-0.33526784,0.41879264,-0.4827112,-0.23775886,-0.35462403,-0.10654971,0.20446272,-0.4476366,-0.4233766,0.34931782,-0.07589181,-0.35200334,0.033676974,-0.1586886,-0.01832082,0.015379298,0.079021186,-0.58935714,-0.061428297,-0.07590768,0.5146252,-0.1185064,0.5275602,-0.43223792,-0.4259637,-0.28669834,-0.13564384,-0.20151985,-0.026205959,1.1640344,-0.47412613,0.009229442,0.21388558,-0.08037529,0.18359661,0.39248398,0.12863426,0.57224846,0.3636902,-0.96716464,-0.5099805,0.31136817,-0.76656365,-0.8730046,0.037997622,-0.24018179,-0.06482625,-0.19915542,-0.07541951,-0.10695787,-0.10564158,-0.10617957,0.1115588,0.826021,0.5522383,0.31946898,-0.20747279,-0.28857827,-0.04915319,-0.54037166,-0.5584196,0.7599797,-0.44088593,-0.033133525,0.043499812,-0.072983064,-0.13875946,0.26271686,0.0968577,-0.6185032,-0.7083324,-0.2910744,-0.14142708,0.22631246,-0.9360234,-0.16926125,0.3556208,0.23123394,-0.36958098,-0.67542577,0.30725563,0.40855262,0.0,0,0,1,0,0,0,0,0,0,0,0,0,0,0,1,0,0,0,0,0,0,0,0,0.0,0.0,0.0,0.0
0.17420182,-0.08614924,0.5359447,0.15828969,0.066996224,-0.12624593,-0.15600938,0.47646126,-0.22715491,-0.20895053,-0.044905864,-0.14737916,-0.2897874,0.5193457,-0.0021558849,0.5676773,-0.5341648,0.3244867,-0.01245416,0.2684046,0.33908173,-0.044992056,0.021085571,-0.022390723,0.058624696,0.12824142,0.011433852,-0.4819787,-0.6923104,0.19737114,0.2512866,0.3502772,0.29888755,0.09451789,-0.2195919,-0.21489075,-0.27474263,-0.15376632,0.52726614,0.4699707,-0.4353879,-0.20736921,0.35275653,-0.25762135,0.058891006,0.14069182,-0.35309508,-0.3973099,0.38482103,-0.5294737,-1.0383016,-0.26283303,-0.16128275,-0.7289961,0.22539943,0.42372364,0.6510889,-0.7957831,-0.24899945,0.38791233,-0.032763034,-0.3054489,-0.3849343,-0.31628168,-0.22823638,-0.19352506,-0.12492409,0.3756012,-0.66818273,0.053660884,0.3043698,0.20202434,-0.34999618,-0.0018465224,-0.12242868,0.1417229,-0.25671595,0.85557306,0.2009052,-0.19752654,0.03446484,0.15971069,0.5480669,0.29605767,0.49843723,0.3480879,0.28590852,0.30256546,0.026531866,0.55503637,-0.011144563,-0.040769044,-0.1275782,-0.03364754,0.8251119,-0.6978495,-0.6425102,-0.17238446,-0.46852154,-0.018995088,0.22688402,-0.24714035,0.17483474,0.08398353,-0.21700013,0.008533107,-0.597941,0.19115762,0.24668184,0.22131206,0.25184077,0.33371773,-0.25295293,-0.45870018,-0.13786411,0.48435116,-0.40901768,-0.034554318,0.28115332,-0.026960371,0.020021738,0.59877336,0.06311584,0.34441474,0.105615705,0.33508074,0.20940426,-0.059137058,0.21246858,0.21354105,0.16789438,0.29784545,0.29520285,-0.5614174,0.3786142,-0.03870713,0.0024816345,0.21643916,-0.09798091,-0.5582074,-0.206298,-0.003284029,0.34098852,-0.040704384,0.7942086,0.1783117,-0.39943928,-0.13130237,-0.2962345,0.3828645,-0.346578,0.3674003,-0.7685324,-0.16102633,0.02818683,-0.14411637,-0.24726152,-0.12268822,0.10277941,0.5710423,0.1361904,0.2522026,-0.25914863,-0.2864485,0.16274479,-0.001413099,0.50128233,0.6396842,-0.10310613,0.014337941,-0.39426747,-0.6921815,0.0110247405,0.23748364,0.33233258,0.38678086,0.29972622,-0.24094707,0.38323227,0.7120899,-0.55938464,-0.32681298,0.3497784,-0.05005813,-0.015086373,0.02654142,0.737682,-0.6983697,0.4469363,0.07917953,-0.6070068,-0.10877399,0.25404853,-0.044141907,0.5973517,-0.32734525,0.10257807,-0.31751516,0.45894897,-0.3308569,0.02779687,0.39907664,0.016040439,-0.42368567,-0.6262922,-0.021562684,-0.54999965,-0.35045806,-0.68092346,0.026276074,-0.23206411,0.5967709,0.008735661,-0.20613192,0.24626644,0.18071695,0.05404699,-0.259925,-0.056048874,0.15562314,-0.20095153,-0.5869193,-0.19255958,0.25136298,-0.21632752,1.4257061,0.3726522,-0.5235943,0.9225618,0.10529552,-0.018430471,-0.11576305,0.1439085,-0.29447418,0.14242344,0.23926026,-0.099547856,-0.43404377,0.1641476,0.17389305,-0.25037694,0.2886645,0.24063139,-0.08996968,-0.30085194,0.10847886,-0.23209246,-0.48153248,-0.1012604,-0.19793713,-0.135495,-0.094679125,-0.44847804,-0.23168105,0.019981425,0.034513198,0.34465563,-0.32041606,-0.71905047,0.3780275,0.30989406,0.18988878,0.19117293,0.00017830488,0.2920815,-0.6235645,-0.26345187,0.40432537,0.5519494,-0.021252217,-0.15177894,-0.32666987,-0.16955969,0.23550634,-0.09079862,-0.6874081,0.08937506,-0.121191375,0.057374705,-0.33556393,-0.12656932,0.14057262,0.017769236,-0.012743788,-0.31065503,-0.1323378,0.40903157,-0.56290424,-0.24615933,-0.15180992,-0.53178805,-0.38265982,-0.3028677,-0.053368453,0.79967,0.3890549,0.2123069,0.2027205,-0.10575635,-0.2114514,-0.2834922,-0.026816905,-0.07818759,-0.23031893,-0.15834633,-0.25404894,-0.5034983,-0.2851286,-7.986955,-0.21119861,-0.3696835,-0.4364416,-0.2593462,-0.15764564,0.37973985,0.0703532,0.20739071,-0.13477269,-0.118416555,-0.20359269,0.12714978,-0.43946365,-0.33729094,0.60106903,0.84630466,0.20113511,-0.19281653,0.1961754,-0.26307625,-0.37458962,0.6649775,0.009173933,0.58268285,-0.13955992,-0.2464418,0.15424863,0.2711906,-0.18567891,-0.43447864,0.04688411,-0.17858322,1.0621557,-0.47834283,0.07455751,-0.1479323,-0.32818076,0.28241307,-0.18244585,0.31446934,0.013198886,0.042106785,-0.018056067,1.0111117,-0.6280204,-0.21900313,0.43231955,0.05186897,-0.2738662,-0.3904496,-0.18918154,-0.19482246,-0.4934269,0.005268974,-0.18321896,0.31187052,0.82474977,-0.3909627,0.09683636,0.6514887,-0.43814194,-0.26169193,-0.11019001,-0.27152333,-0.33473387,-0.8772522,-0.8463638,-0.8684981,-0.3682071,-0.6224144,0.56527406,0.13410866,-1.2977382,-0.2136441,-0.3737994,-0.06594677,0.38372827,-0.16955419,-0.27119684,-0.9081649,-0.5469762,0.27656463,-0.043453313,-0.41048864,-0.033944935,0.036891066,-0.5916442,-0.22634947,0.12854524,0.024677845,-0.070791915,0.27125224,-0.033332065,0.22532949,-0.5936531,0.68979746,-0.44014192,-0.12139041,0.16614765,0.20048518,0.14115804,0.32186157,-0.23307441,-0.40022132,0.23668016,-0.30245894,0.18033251,0.031345017,-0.33503342,-0.2023019,-0.008970622,-0.15779775,-0.28372312,-0.3625139,0.19935174,-0.16167824,0.34042534,-0.07198648,-1.0335602,-0.5444393,0.2800085,-0.10527435,-0.23238842,0.39814675,0.07618017,-0.26335135,0.0015527495,0.2197756,-0.2852883,-0.2044596,-0.08476045,0.098462,-0.119795084,-0.017127369,-0.50045824,-0.14287461,-0.17237294,-0.088477165,0.20995153,0.50576615,0.6185304,0.39050022,-0.035946585,0.42918542,0.02362115,0.48978496,0.28737137,-0.14249344,0.3276955,-0.32861614,-0.7454352,-0.056195833,-0.17288785,-0.17291017,0.01038544,0.47054806,0.04420211,-0.087726265,-0.5454278,0.3394093,0.15215006,-0.32799065,0.047863778,0.016251286,-0.0642757,-0.07751014,0.042716917,0.010899642,-0.54447806,-0.035777584,0.48123413,-0.039772347,-0.07496275,0.011264989,0.14631319,0.1963807,-0.65393525,0.01769577,0.37601897,-0.051766716,0.26102382,-0.08761747,0.14109679,0.5458273,0.16545387,-0.09790319,0.47948623,0.33730614,0.17989168,-0.46865386,0.74118686,-0.32150513,-0.20979154,-0.11317524,-0.78822386,0.73146844,0.32379353,-0.110847205,-0.028120417,-0.31113917,0.52283686,-0.4478201,0.1391553,-0.17461652,0.54884034,0.31975606,0.1692309,0.34200686,0.046903566,-0.064200595,-0.34505904,-0.5107974,-0.40763307,0.074371934,-0.2283597,-0.42389083,-0.036656056,-0.649553,0.23601191,-0.27740306,0.03880856,0.036742605,0.17080979,-0.020144548,0.1986798,0.006590613,-0.2578603,-0.6202057,-0.31198388,-0.13628073,-1.3873322,0.23925936,0.2621608,0.028651765,-0.39117783,-0.69924945,-0.19818155,-0.31085804,-0.09133066,-0.58151007,-0.43057132,-0.120430365,-0.54890394,-0.43987387,-0.11122138,-0.64127237,0.54635006,-0.49165684,-0.30879483,0.13315237,0.029848518,-0.20740293,-0.3774675,0.5413543,-0.6351333,-0.07152219,-0.76386046,-0.36116904,0.06845723,-0.19497523,-0.028972521,0.2274499,0.14033732,0.23135597,0.11894678,-0.16664357,0.17513615,0.013029397,-0.28108022,-0.33212516,0.24639955,0.15318204,0.19862089,0.07131813,-0.4369435,-0.2013124,-0.19030157,0.27694058,-0.0999291,-0.2484507,-0.2108384,0.34359914,-0.065879285,0.32163203,-0.086065166,-0.14579841,0.16696796,0.4071783,-0.024784267,-0.21738991,0.34758475,-0.24518462,0.13727336,-0.06798294,0.72855794,0.44269893,-0.05158119,-0.06885686,0.15187585,-0.16709608,0.22154917,0.82314837,0.31879312,-0.1631788,-0.12764852,0.108545475,0.0132276835,-0.18685025,-0.2906861,-0.38314533,-0.027620547,0.5065942,0.88705575,0.12469785,-0.18304741,-0.46039346,-0.020356433,-0.23775941,0.16012244,-0.4530464,0.3107556,0.5702672,-0.20563477,0.14888105,0.13942403,0.17280641,-0.1529379,0.60164857,0.13700433,-0.028736658,-0.16402435,0.011052543,0.088832855,0.08991029,-0.4238416,0.20711458,0.17965268,-0.5966688,0.20734589,0.4513063,0.38395762,-0.13523515,0.0883225,0.23924145,0.01313315,-0.24044093,0.2139107,0.35174385,0.4744793,0.52872896,-0.12517539,-0.15051533,0.38433158,0.046556342,-0.20583253,0.3034202,0.21988726,0.5019154,0.34149277,0.13649772,0.17219086,0.69541556,-0.6851425,0.28953958,0.28054732,0.19282016,0.18813065,0.22404253,-0.05181169,0.17956361,0.04211644,0.33303615,-0.20046355,-0.07556044,-0.007812029,-0.08405339,-0.29004604,-0.2488871,0.14057833,-0.44612998,-0.20980509,-0.12915052,-0.04320218,0.052054334,-0.36826393,-0.25953183,0.270929,0.058066517,-0.43655998,-0.19719313,0.13731603,0.10068874,-0.29742274,0.0013835193,-0.45718905,0.044688977,0.13431531,0.25117925,0.15262973,0.29822648,-0.40714756,-0.4051086,0.20147896,0.09052832,0.029368343,-0.08435356,0.054115556,-0.58032763,-0.025773497,0.55607074,0.31331787,0.03422551,0.022701511,-0.31160033,0.078778654,0.35619804,-0.49796596,-0.22017851,-0.25100252,-0.3357666,-0.46570542,0.4106225,-0.079662055,0.17684239,-0.5331117,-0.17233923,-0.08179776,0.04071419,-0.022178395,-0.21265003,0.64569175,0.55399996,0.021833468,-0.26335597,-0.25559592,0.14793263,-0.039496835,-0.12994534,0.39835674,-0.5754575,0.35685298,-0.09996069,-0.26807162,0.17718478,0.45971432,0.12382524,-0.11924154,-0.5286603,-0.42091686,0.16922808,0.16578634,-0.56478,-0.54050046,0.39954677,0.3136181,0.04604487,-0.5496609,-0.09835,0.31647372,0.0,1,0,1,0,0,0,0,0,0,0,0,0,0,0,1,0,0,0,0,0,0,0,0,0.0,0.0,0.0,0.0
0.16231355,0.058197446,0.35154837,-0.07736297,-0.04003942,-0.113112554,-0.4090029,0.42705354,-0.2934124,-0.25836477,0.18435438,-0.04974766,0.15628983,0.3789586,-0.13027504,0.4831309,-0.066550925,-0.011038664,-0.22170652,-0.13351749,0.06543029,0.009808636,0.08185127,0.12380383,0.12528294,0.30912906,-0.32701293,-0.42651805,-0.6540912,-0.16833252,0.22051693,0.12053159,0.03142383,0.12588473,-0.36628944,-0.43106136,-0.26713708,-0.047209516,-0.06901979,0.2447558,-0.09189248,-0.3821192,-0.033942126,0.015267109,-0.1353638,0.19458695,-0.0068519013,-0.3429029,0.12650271,-0.514594,-0.7268195,0.17550331,0.23187707,-0.22006997,0.21704741,0.31164882,0.3415643,-0.4806157,-0.21038133,-0.14760305,-0.119242266,-0.29867658,0.27134144,0.0944499,-0.23812218,-0.16699769,0.2500752,-0.061292734,-0.4552008,0.16128431,0.26428798,0.14285888,0.42131004,-0.07128014,-0.23428762,-0.19412951,-0.14575644,0.4337023,0.11277913,-0.14800894,-0.0067654564,0.44373146,0.15224566,0.14430384,0.3557505,0.040624913,0.10421177,-0.03703359,-0.40263027,0.4021508,-0.046665005,-0.30431992,0.16573717,0.29986277,0.2499002,-0.76415396,-0.22606762,0.17882481,-0.1640006,-0.071167484,0.54286206,-0.19003315,0.12142989,-0.08851352,0.076404795,-0.15187705,-0.24348179,0.12336991,0.10120878,-0.06162666,0.07499403,-0.04857096,0.09498374,-0.07029206,0.016338186,-0.06737068,-0.1987327,0.3993716,0.25394428,-0.47432682,0.09944038,0.24028319,0.15469603,0.13585117,0.00371773,-0.056044374,-0.016295588,-0.32589844,0.31530556,0.036510702,0.1765402,0.32899556,0.20481567,0.07711081,0.2919888,0.113929346,0.05642464,0.0025365055,0.033118665,-0.47462273,-0.37343812,0.072050706,0.27252567,0.23394123,0.23857802,-0.18280905,-0.10061572,0.1875668,0.1040209,-0.20393701,-0.09404625,-0.2502712,-0.4666364,0.08172155,0.13561003,-0.011576669,-0.18910637,0.01177133,0.14812572,0.50525033,0.2370351,0.1647931,0.009054695,0.095029145,0.3087313,-0.054481417,0.113262676,0.19029565,0.1674685,-0.08647676,0.102668054,-0.3068604,0.23664169,-0.33039474,0.23581122,0.07033549,0.29115084,0.0024755972,0.031462047,0.68481004,-0.34242684,-0.23018953,0.33694336,-0.11952606,0.58209616,-0.09622303,0.41556343,-0.2882139,0.6132369,0.1516648,-0.7702211,-0.26350293,0.3424504,-0.26245663,0.1840327,-0.23417138,0.023081722,-0.47277087,0.23362643,-0.17895739,0.09292195,0.3002462,-0.4582513,-0.1761183,0.0031431622,0.50643295,-0.13277532,-0.028605055,-0.59427,0.10430888,-0.4088466,0.33203042,-0.52978206,0.11308835,0.11467807,-0.34221658,0.058521286,-0.261203,0.039812677,0.16257411,-0.1026048,-0.202537,-0.5485508,0.53884786,-0.33900598,0.8034359,-0.08500064,-0.6303833,0.3744274,0.048958555,-0.001822093,-0.1491835,0.064901054,-0.38824645,0.44545707,0.19384268,0.017289808,-0.3006832,-0.16479929,0.07660273,-0.24116863,0.2697759,0.14459679,0.2671428,0.12652457,0.3770567,-0.117218725,-0.56938523,-0.0669761,0.044207346,-0.36438522,-0.27587497,0.21544757,-0.09726239,0.006067114,-0.25874564,-0.08263454,-0.15628448,-0.1904008,-0.04431663,0.3689824,-0.017826581,-0.1349931,-0.06955163,0.07112114,-0.120207675,0.13159111,0.34885463,0.336923,0.14050183,-0.13174678,-0.26868334,0.07888316,0.60794795,-0.30017877,-0.229402,0.19339761,-0.1565092,-0.08392573,-0.506117,0.19335188,0.27882987,-0.46089405,0.27552664,-0.1278539,0.05097028,0.7157994,0.124106444,-0.20926996,-0.262911,0.061413202,0.023028733,-0.26611382,-0.3656815,0.67660666,2.110377e-06,-0.024288338,0.16775808,-0.52857846,-0.33247304,-0.36396858,-0.10350241,0.17099027,-0.018384645,-0.09406829,-0.5004877,-0.49680638,-0.27395,-10.025124,-0.23773028,-0.10169413,0.12632574,0.19115794,-0.42877263,0.04118437,0.26243904,-0.19545256,-0.13745123,-0.05890877,-0.15526123,0.36766717,-0.12847738,-0.023651134,-0.07669334,0.621875,-0.1656918,-0.032484278,0.42795005,0.008308527,-0.39501846,0.6663575,-0.08152852,0.21925968,0.59426284,0.23373765,-0.008572569,-0.15574679,-0.4458008,-0.40848827,-0.011413437,0.10670082,0.6871277,0.035868835,-0.028978022,-0.2313183,-0.3857291,0.12805742,-0.22533879,0.39211237,-0.4792627,-0.25680333,0.3588246,0.6432877,-0.19419539,-0.38532588,-0.3432593,0.11277856,0.16605383,0.053103477,-0.11093923,-0.017937638,-0.4471772,-0.003670127,0.032695826,0.04581966,0.3581022,-0.31481764,-0.14554112,0.49065647,-0.28893548,-0.23847966,0.09123648,-0.37933552,0.1371469,-0.31266698,-0.10132397,-0.11464102,-0.07085036,-0.14689906,0.42255765,0.19408612,-1.7167847,-0.07782989,-0.014789794,0.0051706373,0.33145267,0.08035591,-0.25954473,-0.53608507,-0.661184,0.34797278,-0.11441642,-0.26688102,-0.5614991,-0.2537542,-0.15090059,-0.14149603,0.31431222,-0.06490492,-0.083973296,0.37748468,0.11473315,0.3030445,-0.15711007,0.46499065,-0.4149485,0.07594657,0.5293991,0.122771665,0.25441432,0.25229928,-0.12245416,-0.18425457,0.11766244,-0.37911493,-0.0010707922,0.059311476,-0.16711923,0.011195761,0.24063136,-0.07763761,-0.12502508,-0.378498,-0.50740004,-0.020708662,0.16231701,-0.36176217,-0.37029734,-0.08367723,0.098978356,-0.2019495,-0.45070732,-0.034644805,-0.040173564,-0.11652726,0.02082584,-0.3928212,0.15105124,0.26836655,-0.29353964,-0.3773437,-0.06933356,-0.3151125,-0.21599182,0.052066144,-0.36886582,-0.4972327,0.09589043,0.500096,0.14079449,0.086984135,-0.103046075,-0.03585368,0.06004666,-0.15079743,0.022620331,0.053434253,0.44486177,-0.18099017,-0.7011268,0.12889342,-0.04390101,0.1293912,0.38844612,0.41448238,-0.6153189,-0.045850687,-0.22065127,0.15025969,-0.20287557,0.048091978,-0.009610984,0.17916538,-0.046857797,-0.022153176,0.11590402,0.3891745,-0.22325231,-0.2525051,0.28438035,0.16480754,-0.08604554,0.2537716,-0.08939027,0.14476107,-0.25568032,0.22272582,0.036323987,-0.20722799,0.099434234,0.07889347,-0.15822016,0.29532984,0.06137207,0.01409257,0.13183528,0.14005233,0.17942853,-0.423745,0.4069965,-0.028110981,-0.21586813,-0.1982202,-0.27879626,0.64422035,0.086831614,-0.11617504,0.21252212,-0.2103102,-0.15167786,-0.50985247,-0.14805005,-0.29602268,0.1251019,-0.055504907,0.3414079,0.09846493,0.10723833,0.0984217,-0.31439626,-0.16414635,0.02438333,0.18759798,-0.36250195,-0.24195619,-0.26301157,-0.68662834,0.33534008,0.19426,-0.14397919,-0.028897427,0.012563901,-0.46399868,-0.076698825,-0.10229714,-0.12712258,-0.022403358,-0.1638474,0.053743526,-1.6533009,0.5655197,0.10323017,0.22139816,-0.1399181,0.105926104,0.116990805,0.04690399,-0.072008446,-0.024560103,-0.4628233,0.1030921,-0.10214956,0.07260338,0.26991746,-0.34650505,-0.16111672,-0.19793484,0.17871572,0.4446535,0.0053603547,-0.24677914,-0.041786194,-0.058187343,-0.49788842,-0.18942113,-0.26154262,-0.17190458,0.41485596,-0.22472481,-0.07296388,0.0038538703,0.045710117,-0.047848962,0.27662915,-0.0032789132,0.30775023,-0.10182929,-0.21427715,-0.2398965,-0.22084379,-0.21264397,0.12551242,-0.032205764,0.11289093,-0.4620528,-0.48469785,0.49464253,-0.49773294,0.03910621,-0.4495059,0.19358912,-0.032364883,0.40792605,-0.12685022,-0.11524769,0.04492797,-0.31222022,0.08314648,0.37053323,0.63223803,-0.38445228,0.33025837,-0.18803057,0.2689132,0.57956314,-0.18058537,-0.11243102,0.22781609,0.09963438,-0.2802926,0.44499192,0.14677812,-0.18488358,0.13679673,-0.058629118,-0.058001455,-0.27350444,-0.1233677,-0.12807378,-0.17473342,0.7801151,0.18281673,-0.30119738,-0.17543098,-0.34388295,-0.30299863,-0.18005243,0.048705686,0.0008464718,0.07735591,0.58469355,-0.11247753,-0.11740466,0.6972523,0.16305882,-0.21367475,-0.002815798,0.19445254,-0.37553015,0.16843626,-0.0070057535,0.14302777,-0.011822849,-0.13668263,0.19396037,-0.2587887,-0.23961645,0.2833124,-0.20776081,0.14227222,0.3124348,0.16198814,0.23813869,0.263178,-0.12876569,0.30616936,0.73105216,-0.03835406,-0.32958725,-0.21361671,0.035876967,0.02632869,0.08202317,-0.16509259,-0.15958747,0.13838446,-0.110130176,0.24162331,0.38929814,0.027005969,0.01786931,0.008840887,-0.020728415,-0.06519256,0.40357143,0.055110916,0.16054687,-0.28370672,0.17655855,-0.16415757,0.10233361,0.03535618,-0.23391704,0.037694477,0.051258765,-0.35477355,-0.05675697,-0.1431435,0.02685601,0.28269577,-0.088477544,0.08969318,0.18731281,-0.15363026,-0.26222122,-0.37979734,-0.024312465,-0.34797728,-0.3322344,0.17328884,-0.09575124,0.1901868,0.27824935,-0.13456845,0.22725523,0.24160774,0.13525188,0.13381192,0.030390678,0.032008067,-0.0147138415,0.1820492,-0.31072706,-0.0615277,-0.3229693,0.23432814,-0.30892956,-0.5445657,0.336044,0.54453593,-0.08051303,0.33319038,0.16818066,-0.1444625,0.4309102,-0.18328768,-0.36780512,-0.18065232,-0.14521548,-0.24933252,-0.17388964,-0.0040243687,0.061613098,-0.2793403,-0.11425505,-0.18283476,0.21834183,0.054275256,-0.043948412,0.40433744,0.1255921,-0.37066653,-0.24290693,-0.022310417,-0.12114274,-0.46735832,-0.039355658,0.16320516,0.01409486,-0.04959541,-0.068242274,-0.42330134,-0.1394877,0.10056466,0.17570113,-0.24984272,-0.3410531,-0.2758462,-0.5925532,-0.031571697,-0.3298522,-0.10394886,0.34313092,0.084807225,-0.45895863,-0.028481074,0.062270857,0.11981529,-0.025,0,0,0,2,0,0,0,0,0,0,1,1,4,0,2,0,0,0,0,0,1,0,0,0.0,-0.05,0.0,0.0
-0.04347421,-0.37000287,0.5487743,0.21729092,0.046513543,-0.6006786,0.031870004,0.41628665,-0.30013564,-0.10279124,0.44911426,-0.33964202,-0.31272873,0.37107036,0.05480803,0.16413687,0.066975966,0.0419054,-0.4207782,0.40468624,0.2623029,0.059832968,0.31434205,0.057986733,0.40177506,-0.19163297,0.035428032,0.027252378,-0.26069692,0.495953,0.17549236,0.243793,-0.21637279,0.010645199,0.572564,0.07700535,-0.017223373,0.20436662,0.18443583,0.36699498,-0.7327341,-0.6216925,0.17455873,-0.04031267,-0.47061294,0.07541766,0.04032821,-0.3750308,-0.001778081,-0.54946214,-0.30108085,0.17687212,-0.3268317,-0.47355336,-0.17182021,0.25186896,0.05397282,-0.5610123,-0.68348277,0.20338139,0.08880238,-0.3615255,-0.23433527,-0.31838185,-0.11741649,-0.40379268,-0.11702671,0.57767755,-0.7333129,0.017658606,-0.17394045,0.003652683,-0.14891587,0.355272,-0.24956705,-0.10719893,-0.4702158,0.40426376,0.006379915,-0.5249486,-0.040898692,0.013676057,0.006290962,-0.395933,0.02992471,0.07980442,0.61978525,0.010147973,-0.49630263,1.1125695,0.03205516,0.09105174,-0.119226694,-0.00234307,-0.038662534,-0.49804488,-0.41949815,0.41627055,-0.29968348,-0.42582285,0.8338523,-0.25726548,0.23208202,-0.06991586,0.1767803,-0.19741133,-0.16374297,0.008806394,0.24705562,-0.055263277,-0.05974989,0.021980617,0.17859389,0.17434649,-0.2518492,-0.23369907,-0.37790513,-0.17530341,0.4768384,-0.20745571,0.17576839,-0.10016199,-0.41249257,0.21930192,-0.059657782,0.08463308,-0.03252335,-0.11177045,0.48550323,0.010524934,-0.07186082,0.11093137,-0.14976554,-0.7847066,0.5266144,0.41426072,-0.081415184,0.36171153,0.065437794,-0.40118945,0.2487588,-0.42652366,0.66076016,0.5370721,0.49781638,0.1088388,0.0025751144,-0.3876433,-0.3625646,-0.0011493909,-0.34096423,0.41180575,-0.36147168,0.17923221,-0.15473427,-0.19815738,-0.2684103,0.1372953,0.12062487,-0.055424847,0.52928716,0.19127738,0.24390079,0.0077559743,0.14480905,0.10582818,0.020229653,0.27758685,-0.09550438,0.07242909,0.18659715,0.08206081,0.6929239,-0.2216194,0.7206486,0.044265352,-0.19002996,0.027946906,-0.20480162,0.80886424,-0.263707,-0.43655556,0.3755969,0.082430266,0.5067484,-0.3001295,0.26845658,-0.034056913,0.6030046,-0.18494649,0.25452584,-0.28260192,0.30821526,-0.057629727,-0.32682818,-0.82183564,0.3412119,-0.32512566,0.068502195,-0.40662843,0.09675425,0.07646143,0.071355216,0.3203746,0.26260763,0.3156216,-0.6458666,-0.33121583,-0.5164323,0.0145957805,-0.08209083,0.23564877,-0.49667534,-0.124596626,-0.114748,0.025569974,-0.24390936,-0.21846698,-0.42981827,0.78326315,-0.0361853,-0.22157858,-0.42092898,0.012419624,0.13930891,1.0556229,0.36113068,-0.66972524,0.19280013,0.25443664,0.16847776,-0.28869477,0.3055671,-0.22365353,0.1651963,0.104051284,-0.3778169,-0.4416674,-0.23938014,-0.0950385,-0.07965157,-0.16152772,0.18520232,0.27428344,-0.3169512,0.18925284,-0.08208848,-0.48998174,-0.46200317,-0.028852534,-0.15823053,-0.046852928,-0.33586538,-0.16016036,-0.16779776,-0.16084541,-0.1942524,-0.06865138,-0.11890528,-0.19631901,0.42520124,-0.08836541,0.27202597,-0.15998602,0.03172991,-0.44105294,-0.058892813,-0.28788066,0.6973016,0.019393552,0.38190213,-0.2068546,0.0026455065,0.467821,0.18116644,-0.7633245,0.3476042,0.26669377,-0.12760092,-0.18424039,0.18990916,0.64192003,0.045080885,-0.10472614,-0.24636921,-0.110959165,0.4510864,0.15113692,0.47602546,-0.2021942,-0.2750092,-0.3624995,-0.20129937,-0.55531776,0.24657544,0.23858643,-0.0103659965,-0.03943175,-0.13602741,-0.20729707,0.12534243,0.061817117,-0.17405671,0.20962362,0.0717921,-0.081530266,-0.23988901,-0.5524715,-10.435848,-0.47378904,-0.18001163,-0.1835423,0.4106786,0.18696049,0.09652413,0.41655046,-0.2945981,-0.024022628,-0.14507209,0.16058137,0.18591256,0.23286079,0.1796946,-0.35541716,0.3539177,-0.3698245,-0.12787566,0.57146156,0.08787381,-0.5859462,0.5867673,-0.06656207,0.16481102,0.07006096,0.051800553,-0.20917434,0.11544173,-0.0946284,0.16282499,0.08516693,0.5474798,0.7638044,-0.50533,-0.06405269,-0.25721443,-0.3374812,-0.09903485,0.26787972,-0.6054347,-0.29756108,-0.014443756,0.44740897,0.83331853,-0.061179094,0.6399173,0.69700235,-0.050015196,-0.3245053,-0.007772573,0.2138124,-0.030158164,-0.77926636,-0.19222483,0.5730531,0.40648198,0.45296943,-0.04946688,-0.47686568,0.23343806,-0.27903852,-0.112315744,0.11224613,-0.21809232,-0.0554996,-0.6204451,-0.45260224,-0.2718165,0.045564245,-0.40370545,0.33499825,-0.010710827,-1.1328403,-0.4320799,-0.2868155,0.1851703,0.5108102,0.37506694,-0.5635165,-0.51482487,-0.3776292,-0.23179045,0.009243762,0.34935609,-0.24299219,-0.097414516,-0.025019664,-0.9279652,0.090190694,-0.37658197,-0.59033275,0.6449048,-0.09821298,-0.032949027,-0.42107937,0.2849364,-0.25519764,-0.1661899,-0.14461848,-0.46240416,0.03098188,0.104122184,-0.09827405,-0.088194266,-0.44405138,0.25246426,0.31250957,0.058730155,0.028021479,0.51606137,-0.08157464,0.18363075,-0.1843862,-0.12990724,-0.012406723,-0.07682519,0.8963882,0.009185352,-0.42707404,-0.33946648,0.28948474,-0.4638541,-0.5520638,-0.049575377,0.3434327,0.21049759,-0.11250448,-0.22156402,-0.22671728,-0.013717039,-0.03015813,-0.26641834,0.011728222,0.2984834,0.010713997,0.3252242,-0.45240664,0.03594811,-0.049658414,0.1311064,0.4603307,0.3106007,-0.3219724,-0.23342866,-0.4230612,0.06823211,0.4476355,0.3889004,-0.14465535,-0.6524772,-0.19266096,-0.0040358608,-0.42989686,-0.2824376,0.6157354,0.48571378,-0.13676724,-0.17306702,-1.0314542,0.43741202,-0.21857141,-0.08573239,0.21602176,0.116019346,0.362593,0.016683524,-0.06859559,0.2996719,-0.26325527,-0.34882125,0.15900184,0.0061496277,0.0450432,-0.23353595,-0.025758404,0.23104641,-0.267364,-0.15335631,0.52304316,0.17053825,0.21865584,-0.14499485,0.12544225,0.34477013,0.07011573,-0.3372589,-0.017786728,0.08435735,-0.39185914,-0.39296445,0.73026633,-0.31236055,-0.15635161,-0.03545801,0.073999226,0.5916302,0.022436894,-0.06776485,0.5845951,0.13381626,-0.05026516,-0.16130804,-0.051214132,0.037811086,0.3129872,-0.022353783,0.71628726,-0.06925572,0.23606421,-0.4515971,-0.31841677,-0.23850185,-0.1425716,0.13115215,-0.35932323,-0.70862776,-0.42702228,-1.0141041,0.5686026,-0.20560284,0.13385542,0.33348274,-0.035391204,-0.15013547,-0.23639895,0.14724186,0.52295405,-0.51512444,-0.36469257,-0.51826346,-1.3481947,-0.102877416,0.26680988,0.0076618595,0.17020723,0.08354072,-0.43948728,-0.023344383,-0.06355316,-0.3900954,-0.82595366,0.4422911,-0.81661534,-0.26834118,0.16775173,-0.30136573,0.5578555,0.22383709,0.06334338,0.11693515,0.005120541,-0.47200227,-0.23590617,-0.0044061714,-0.21695885,-0.23662819,-0.6757492,-0.06424864,0.35685378,-0.4414405,-0.026567036,-0.21841449,0.14036667,0.42830032,-0.03881774,-0.20998569,0.22995248,0.3540574,-0.37909943,-0.28788388,-0.3604371,-0.26161662,-0.67096007,0.056245595,-0.13989973,-0.3746264,-0.8017159,-0.104110695,-0.1214274,0.05220825,0.17117363,0.27950752,0.17518741,0.3351296,-0.20469153,-0.33257362,0.17227487,0.22326191,0.048678204,0.6689642,0.27172157,-0.45897636,0.19594023,-0.59962106,0.7826682,0.39694035,-0.35897905,-0.07536112,0.28765947,-0.00030962736,0.26684868,0.30021527,0.53986514,0.1767251,0.31982207,-0.32814938,-0.21346568,-0.21392795,-0.0055283504,-0.10169699,0.2964897,0.22411817,0.30967516,0.13425173,0.11694388,-0.6902901,-0.015170506,-0.30456376,0.41152188,0.10355841,0.60224265,0.5180697,-0.2747151,0.23938328,0.12947223,0.09686272,-0.029979756,-0.1083891,0.5338934,-0.5248295,0.4054826,0.009863042,0.2728327,-0.37143308,-0.44708383,-0.13998276,-0.026862152,-0.059863105,0.09471308,0.3750285,0.11314777,0.32275122,0.00045438192,-0.10686013,-0.25963515,-0.58049434,0.56207466,0.31687394,0.7214589,-0.10054443,-0.2298884,-0.5876825,-0.6214614,0.3741753,0.0628062,-0.16549078,0.6934765,0.36580876,0.04414957,0.34271613,0.34425613,0.5521955,-0.6788304,0.028380776,0.046280652,-0.103266105,0.7612264,-0.33797142,-0.3079065,0.3492328,-0.20127445,-0.028297143,-0.42168903,0.3938023,0.23728655,-0.41500458,-0.3339389,-0.027569944,0.3902919,-0.51917547,-0.04023464,-0.37937856,-0.103602745,-0.73570764,-0.35735554,-0.14653662,-0.14749242,-0.1758855,-0.49356827,-0.47566852,0.19645439,0.09461463,-0.100393906,-0.280114,-0.5029168,0.07186272,-0.49017113,-0.010659814,-0.22222799,0.38117418,-0.29216102,-0.4247326,0.39003146,0.48080704,-0.36525142,-0.1671554,0.42485672,-0.43442294,-0.06420918,0.41825068,0.1361319,0.023205312,0.25863126,0.28533652,0.17218883,-0.26074016,-0.10749225,0.20499122,-0.19324031,-0.35211328,-0.8560886,-0.05286162,-0.134996,-0.21301647,-0.6581132,0.22643197,0.15248236,0.42641574,-0.042152368,-0.29239982,0.4092255,0.2489084,-0.21478273,-0.5478396,0.29636884,0.017204521,0.35626107,-0.14504196,0.49870917,-0.1476432,0.1272362,0.18131392,-0.3103561,0.22010475,0.058252297,-0.01916086,-0.10845283,-0.3834366,-0.24455456,-0.023990564,0.09924272,0.08091385,0.28500232,0.45204037,-0.43268594,-0.15140183,-0.56859255,0.17135993,-0.23789325,0.0,0,0,1,0,0,0,0,0,0,0,0,0,0,0,1,0,0,0,0,0,0,0,0,0.0,0.0,0.0,0.0
0.30299768,-0.6392066,0.34537435,-0.23992492,0.4208573,-0.1632985,-0.14754504,0.06625054,-0.42667302,-0.063359104,0.4972944,-0.6515321,-0.24165851,0.31964087,-0.03818472,0.023574337,-0.18628304,0.06585994,0.36777934,-0.33124128,0.30003127,0.32688835,-0.5822969,-0.096320085,-0.037248485,0.21898572,0.040773798,-0.06243201,-0.3714464,0.041472867,0.10266274,0.19016902,-0.06553764,-0.21930529,-0.47327936,0.26007608,0.2508405,0.19673525,-0.04622993,0.22268425,-0.8874829,-0.2625734,0.5921131,0.3466783,-0.396269,-0.07996442,-0.25242347,-0.2256573,0.6109223,-0.11554563,-0.06773815,-0.030490829,-0.28283986,-0.34549463,0.30925867,0.09469546,0.4090617,-0.6874762,0.4889629,-0.051719148,-0.41864702,-0.43115374,0.2273473,0.041931543,-0.052548427,-0.3897694,0.24085484,0.49924096,-0.6363061,0.12748943,-0.27054647,-0.07744282,0.17284556,0.16918562,-0.0076839677,-0.14460073,-0.13475804,0.4134029,-0.32634357,0.43730786,-0.5745402,0.06323785,-0.08661533,-0.06784711,0.5598075,0.2974621,-0.48816156,0.2270354,-0.00093271275,0.8898125,-0.090997,-0.3358197,0.3082483,-0.08582447,0.29382417,-0.14983536,-0.36241964,-0.062241595,-0.052573442,0.11671787,0.304746,-0.4942194,-0.30295524,-0.020720493,-0.12428808,-0.012075249,0.0012655217,-0.1428859,-0.27584752,-0.28747365,0.18588816,0.53154594,-0.024263443,-0.002359615,0.0212538,0.325398,-0.65632194,0.3648061,0.45687202,-0.18174219,-0.12458234,0.5569585,0.43818185,0.42878997,0.3389734,0.20712604,-0.09373667,0.12637068,0.1994863,-0.22289707,-0.36516544,0.25548503,0.5236783,-0.23348363,0.36592868,0.104671024,0.04884705,0.44630828,-0.27877015,-0.33030868,-0.2403738,0.17637187,0.40272486,-0.08603034,0.5762446,0.41941416,-0.053570945,-0.23886222,0.059878122,0.1500919,-0.31140873,0.10681703,-0.26704672,-0.45731056,-0.27365547,0.020537749,-0.32041746,-0.33929512,-0.110365786,0.08875998,0.22646092,-0.36018264,-0.29161158,-0.07483846,-0.19335043,-0.15613377,0.5023848,-0.014860378,-0.09985902,0.33486763,-0.1743965,0.46046004,0.5058937,0.19143319,0.38700685,0.11560383,-0.06319178,-0.592265,-0.052467596,0.6110547,-0.47521996,-0.023825377,-0.14585508,-0.049323082,-0.51394004,0.12161594,0.50266135,-0.39773557,0.6448031,0.28991267,-0.23438685,0.028598154,0.20805235,-0.5424796,0.47135222,-0.26202798,0.03693125,-0.40126416,0.62480336,-0.023007521,0.35055986,0.0038771266,-0.4087566,-0.42236462,-0.15941377,0.6588778,-0.2435134,0.015934506,-0.45600915,-0.04076738,-0.45321822,0.09494693,-0.6964777,-0.11403394,0.069999985,0.17767887,-0.03160702,-0.06623677,-0.37988472,-0.15453355,-0.0527171,-0.34414566,-0.33166328,0.30692837,-0.6727794,1.2618906,0.51990134,0.16924028,0.44262663,-0.31265908,0.26356742,0.025471142,-0.08682997,0.13243765,-0.23132248,0.22545423,-0.27870536,-0.37786162,0.04929315,0.018682143,-0.4112006,0.20015411,0.33260477,0.2932355,-0.08466017,0.48917922,0.08873398,-0.22399622,0.1770835,0.12820537,-0.22970378,-0.25698754,0.11057132,-0.49238816,-0.03998669,-0.4634535,0.020200761,-0.29482725,-0.32771942,-0.004320295,0.28422517,-0.036345698,-0.15289669,0.024848633,0.06626028,-0.852856,0.01977421,0.110166155,0.16792284,-0.072511606,0.059461292,-0.21909268,0.041680086,-0.03331185,-0.18554218,-0.5343485,0.17304595,0.32841274,-0.046589043,-0.15071814,-0.25783333,0.36360678,-0.59309864,0.15114619,-0.0920857,-0.12574098,0.14056319,0.055994645,-0.06736477,-0.46181682,-0.43514898,-0.115558185,-0.28092653,-0.15509859,0.39867687,0.039027825,-0.46450213,0.50354654,-0.65045255,-0.13174611,0.21456236,0.318701,-0.42778853,-0.13959096,-0.62188166,0.017888885,-0.54721147,0.1573628,-9.721021,0.23104733,-0.066292316,-0.013112077,-0.16737159,0.019322583,-0.538824,-0.019979663,-0.36626828,-0.17859574,-0.41219333,-0.34632567,0.09956954,0.030935096,-0.27559215,-0.03895336,0.24028987,-0.18648209,-0.09320306,0.2147003,-0.07219037,-0.45517096,0.6889837,0.04863237,-0.08034594,0.2845529,-0.056313545,-0.3695306,0.08651638,-0.07275631,-0.17710328,0.095473744,0.26374614,0.664794,-0.6009221,0.3228788,-0.23502006,-0.061102618,0.2800161,0.3365691,0.12569256,0.51232034,0.27557763,0.1151624,0.52260935,-0.20846938,-0.15087263,-0.24358757,-0.44667533,-0.1604643,-0.29385844,-0.19893551,-0.3677709,-0.45100382,-0.16894662,0.13962789,0.21622504,0.33007327,0.061592717,-0.20498319,0.41039357,-0.70606613,-0.06886084,0.05459292,-0.41823995,-0.08441398,-0.82245207,-0.5224351,0.73680377,-0.24593301,-0.16910629,0.30353686,-0.2153166,-1.8347222,-0.32673815,0.5780416,0.1300433,0.04942218,-0.20904367,-0.2495953,-0.8552161,-0.12660347,0.012554314,-0.23328622,-0.18077667,-0.3881218,-0.0671939,-0.2718558,-0.16009296,0.12152925,-0.08911712,0.41180643,0.346038,0.35159382,0.028917814,-0.03716636,0.3895309,-0.44402286,-0.119603865,0.30493048,0.20017022,-0.65363955,0.15811862,0.26339445,-0.18504684,0.032393385,-0.044019293,0.12957619,-0.18774654,0.14821067,0.43017337,-0.042063188,-0.13315748,-0.23111437,-0.22964649,-0.12437501,0.5916018,0.60411304,0.10812057,-0.5048545,-0.23369229,0.19614933,-0.151915,-0.44623372,-0.05657955,-0.15870546,-0.41088006,0.22511469,0.0548155,-0.16352199,0.2880431,-0.003921814,-0.20376588,0.16502318,-0.17910917,-0.15168656,-0.186496,-0.11297804,-0.18882392,0.07537703,0.14859913,0.0014031176,0.13826592,0.1435992,-0.054714713,-0.013188503,0.006558258,0.24638884,0.21089314,0.4190006,-0.1719446,-0.39990962,0.11154436,-0.47482708,0.3249441,-0.0149643095,0.48763835,-0.58695,-0.022132272,-0.3004166,0.23741937,-0.13330746,-0.100259215,0.1728474,0.014377045,0.012635637,-0.12613685,0.11927465,0.069017425,-0.065950036,-0.9313371,0.14655457,-0.13530324,0.43430877,0.22023703,0.0019045415,0.01163924,0.044478733,-0.17108987,0.13367125,0.07728433,0.07636281,-0.17751513,-0.032912724,0.70703834,-0.028488027,-0.018838784,0.4086081,-0.08265169,-0.034375966,-1.0468872,0.6438575,-0.35534427,-0.54481596,-0.47121942,-0.41891432,0.41865623,0.36745045,0.03450168,0.32946345,-0.16258304,-0.24054109,-0.06837956,0.35883054,0.015917808,0.15489563,0.4056115,-0.35231277,0.3016035,0.25235185,-0.06257126,-0.6727135,-0.64445966,-0.25845164,0.19421937,-0.07867145,-0.5219686,-0.20021702,-0.4560707,0.22199994,-0.45555106,-0.1605087,0.27182913,0.16759151,0.17608665,-0.6733877,0.37491593,-0.14570554,0.21400826,0.60395104,0.060244545,-1.0867207,-0.17166652,0.03430933,0.07075185,-0.39300647,-0.12545314,-0.12871106,-0.16287635,-0.048439812,0.12990905,-0.39604905,0.016554033,-0.27850834,0.31684378,-0.10167763,0.04836903,0.33274356,0.13313727,-0.25093138,0.46876287,0.27000946,-0.6520133,-0.31531414,0.08036287,-0.15905268,-0.08588148,-0.5323703,0.1836611,0.54366374,-0.7170861,0.43212593,0.38600624,0.10515361,-0.21685024,-0.4344736,0.48726785,0.27221942,0.3136155,-0.14609675,-0.07006075,-0.10577791,0.4724524,0.27799752,-0.021060886,-0.0331753,0.3431901,-0.42409602,0.26448157,-0.062406074,0.06277656,0.3344364,0.44055304,-0.15760355,-0.33379677,-0.22866409,-0.21228854,0.03566995,0.10118145,0.34345317,0.056558568,0.55081356,0.029029498,0.08185576,0.022279995,0.5880043,0.26986215,-0.32473227,0.2605728,0.17383091,-0.4125183,0.16163667,0.15975468,0.33897972,-0.45541823,0.25417563,-0.18042402,-0.21506494,-0.41363212,-0.44014037,-0.039714765,-0.1589552,0.23554112,0.13150384,0.003506665,0.04212748,0.18968047,-0.44588742,-0.40864334,0.04783879,-0.012497656,0.032455694,0.49839142,0.2599345,0.6521034,-0.049683142,0.052901443,-0.06420507,-0.24943046,-0.07529513,-0.005500473,0.32168266,0.076558046,0.16556136,-0.09445709,-0.37207612,0.21808515,0.41726473,0.12604477,0.20213233,-0.12838651,0.070673354,0.2511474,-0.15718004,-0.33447912,-0.08220974,0.032408874,0.109671585,0.12946318,0.9507795,-0.15936047,-0.26171976,-0.2871546,0.03437754,0.26344863,-0.4350077,-0.03442484,-0.019377617,0.08591241,0.18586452,0.3503413,0.17638773,0.25613135,-0.22512121,-0.010672907,0.296422,0.2298106,0.10529382,0.598261,-0.24070084,0.325118,-0.43106785,-0.020476604,0.10900461,-0.38215378,0.018804528,0.38727137,0.058497857,-0.4590999,-0.10652692,0.15921499,-0.10134841,-0.509334,-0.08366155,0.46969652,-0.38562453,-0.08484814,0.03964782,0.1862546,-0.04050256,-0.06013946,-0.06498673,-0.0442221,-0.020178678,0.1413257,0.2810719,0.01996912,-0.110667646,0.39529476,-0.04529807,0.31952164,-0.15108906,0.46650776,-0.39216432,-0.048656862,-0.122623526,-0.38967302,-0.02327996,-0.39341977,-0.37762976,-0.20943652,0.4758462,-0.11414812,-0.032841053,-0.0009513243,0.17884535,0.03579085,-0.34727266,-0.1021296,-0.056083713,0.010042455,0.072628625,-0.09445271,0.075685814,-0.06846482,-0.124958254,0.3570671,-0.06162067,0.30207616,0.13704939,-0.0040233154,0.42190447,0.5011444,-0.80421185,-0.057763588,-0.24328585,-0.023785591,-0.17352837,-0.110621005,0.05464637,-0.2919655,0.16168435,0.33365855,-0.32839188,0.29683468,0.1435153,0.030503972,-0.48342705,-0.480356,-0.42409298,-0.41553888,0.2262908,0.25594786,-0.1423994,0.3481749,0.503466,-0.39434075,-0.50453436,-0.07258118,0.23632723,0.0,0,0,0,0,0,0,0,0,0,0,0,0,0,1,2,0,0,0,0,0,0,0,0,0.0,0.0,0.0,0.0
0.2869459,-0.48863328,0.792508,-0.22370106,-0.032034315,-0.0652788,0.019867443,0.71998847,-0.47079873,-0.12481592,-0.016170975,0.078964785,0.31676173,0.13542162,0.0589944,0.8974945,-0.36535805,0.26583254,-0.07547179,-0.16431099,0.5443945,0.31910688,0.0822147,0.056638602,0.53584176,-0.25582615,0.061539236,-0.28380316,-0.60157174,-0.11191223,0.30193093,0.335184,0.36700264,0.023718508,-0.5554149,-0.4330743,-0.15779154,0.05538393,-0.14144485,0.41667435,-0.13261776,-0.70539033,0.4646469,-0.19535194,0.10833996,0.37897217,-0.12363118,-0.4167592,0.12674548,-0.018825762,-0.5843185,0.17083739,0.09765997,-0.36756405,-0.10884335,0.090801306,0.26484963,-0.4372126,-0.03614441,0.19072457,-0.07828373,-0.26545575,-0.21304452,0.18971987,-0.019916037,-0.3356707,0.13917612,0.65747267,-0.7883239,0.14113763,0.5947957,-0.09380943,0.07926519,0.053303886,-0.006617246,0.08816648,-0.3300631,0.47937766,-0.040730387,-0.37114853,-0.05011942,0.6416049,0.26371694,0.2927307,0.62872237,0.16563472,0.24734522,-0.068669476,-0.521893,0.6614933,0.03045081,-0.1414771,0.1468084,-0.006820773,0.75351006,-0.6278454,-0.9381525,-0.25820863,-0.15273565,-0.07628654,0.2612253,0.018469956,0.08533042,-0.15428483,-0.3969088,-0.16841996,-0.3668661,-0.45462108,0.24945533,0.3393281,0.1811856,0.06612176,0.090153895,-0.53200537,-0.1129846,-0.027255364,0.0066875415,0.17344931,0.20407368,-0.052690253,-0.30831817,0.41095102,0.031359088,0.13564068,0.33893636,0.17640534,0.0794592,-0.5223188,0.28121555,-0.26821175,0.20419776,0.4449286,0.40561476,-0.065154225,0.60287285,0.20027052,0.11164364,-0.3059672,-0.20704262,-0.32381508,-0.016029485,0.3583291,0.22797926,0.0556661,0.33682454,0.125137,-0.59111726,-0.060448483,0.1655931,0.2104135,-0.25152075,-0.15531002,-0.47658086,0.28639102,0.1551782,-0.7509811,0.11804263,-0.0132660875,-0.1369331,0.6148796,0.37495747,0.1968973,0.015621833,-0.10804129,0.12760644,-0.48870242,-0.21084185,-0.06669351,0.4419345,-0.019210035,0.044049677,-0.57120574,0.26173085,-0.082640514,0.778684,0.3390472,0.3231087,-0.027983606,0.1934514,0.512871,-0.37035266,-0.24975403,0.1364826,-0.15689157,0.25328735,0.101557225,0.59360445,-0.36507252,0.45568806,0.41921502,-0.27815187,-0.16277844,0.058609042,-0.022616997,0.112154655,-0.5367401,-0.17949241,-0.4871103,0.50921065,-0.10106873,0.60618895,0.30615753,0.0029921774,-0.13559824,-0.5305368,0.45116422,-0.11759948,-0.32947195,-0.74198717,0.4346164,-0.45380506,0.6131562,-0.10816064,0.04152673,0.02014258,0.20722789,0.29005912,-0.5872979,-0.09482227,0.39136437,-0.36521283,-0.07568071,0.24798173,0.07981095,-0.19776084,1.4158572,0.1487091,-0.26179713,0.7630527,0.22978692,-0.06483818,0.040390987,-0.2210289,0.009203626,0.41451567,0.21467057,-0.54414004,-0.2805094,-0.060551133,0.097415775,-0.05840127,0.37347126,0.7316946,0.0118289115,-0.38726687,0.6012917,-0.0663924,-0.074891426,0.120861165,-0.27477437,-0.2690863,-0.14619021,-0.13344826,-0.63535494,-0.0507552,-0.21879385,-0.252215,-0.24633293,-0.13088545,0.38725632,0.3913055,0.2852387,0.014620083,-0.040941063,0.22871087,-0.2128248,-0.0052878126,0.1422804,0.39161754,-0.05235425,-0.059062827,0.031514145,0.033324387,0.5673626,-0.10620363,-0.37630123,0.3666303,-0.24695683,-0.046276785,-0.34301284,0.10167983,0.396998,-0.25669646,0.22845472,-0.23438986,-0.21113887,0.55144674,0.17528786,0.14989479,-0.062425483,-0.19923405,-0.18542309,-0.1443969,-0.024947029,0.9656693,0.48423538,0.35488498,0.14489537,-0.61894196,-0.3488951,0.18381324,-0.08928303,0.11204951,0.1458048,-0.28344893,-0.44267163,-0.5760908,-0.35612613,-10.265412,-0.56639564,-0.065905295,-0.27145213,-0.13154848,-0.27116987,0.0038470975,0.19734533,-0.018806534,-0.6738733,-0.07197447,-0.31960198,-0.26852065,-0.3651447,0.031452056,-0.18056923,0.7660004,-0.12330103,-0.011722905,0.36545575,-0.2829367,-0.41679087,0.5430596,-0.19361688,-0.013878153,0.2568525,0.25541472,0.09136773,-0.32832292,-0.23437305,-0.24005724,0.088729315,0.089146264,1.1707573,-0.6581318,-0.18171993,0.12133673,-0.78260726,0.08261739,-0.40774763,0.44039458,-0.042384844,-0.15980045,0.07522619,0.6862018,-0.41057074,-0.033869695,-0.0006129577,0.30349648,0.2499131,-0.6040599,0.0382851,0.29565415,-0.45862168,-0.5236181,-0.011637339,0.18453993,0.75663686,-0.105580136,-0.29452226,0.3988983,-0.6096447,-0.4391306,0.23578086,-0.2298992,-0.1885737,-0.6000103,-0.2841686,-0.03913246,0.023042478,-0.37715158,0.30090684,-0.10868579,-1.8173723,-0.4344352,-0.118894145,0.11850303,0.18877997,-0.2139389,-0.24435681,-0.7959435,-0.61279225,0.16233683,-0.023161625,-0.52455443,-0.6546895,0.036218032,-0.7477178,-0.35724065,-0.1722328,-0.095583506,0.025001664,0.24139391,0.23432316,0.11670119,0.0138294045,0.4344654,-0.5488541,-0.22548446,0.45226175,0.25605822,0.12624454,0.65810746,-0.22024135,-0.15743731,0.11066579,-0.2540925,0.36637485,-0.075012214,-0.32243478,-0.17605515,-0.18886648,-0.74256027,0.2811918,-0.5406413,0.02561193,0.042340007,0.12872718,-0.2802708,-0.67769885,-0.26154828,0.3051271,-0.3525279,-0.58249885,-0.15529218,-0.4238829,-0.10413322,0.10076961,-0.20218636,0.044065442,0.095863946,-0.38374463,-0.38710812,-0.08692997,0.053405356,-0.18336315,0.22516437,-0.12680988,-0.09695809,0.44437382,-0.06220882,0.7288328,0.26368988,0.21079126,0.09327057,0.14901377,-0.19637048,-0.10376982,0.11333523,0.028226353,-0.4816989,-0.384579,-0.030598635,-0.40591925,0.20158575,0.16057967,0.43669364,-0.5507186,-0.17221178,-0.15127815,0.16701026,-0.12376313,0.046663713,0.13871372,0.040373594,-0.115711495,0.022810116,0.16577443,0.07438325,-0.4688129,-0.7097448,0.8461751,0.101977184,0.25472075,0.33554253,0.26644164,0.40693748,-0.1143678,0.13633235,0.58425117,-0.14732213,0.22147875,-0.095182136,0.021453166,0.23360668,0.43703613,0.06027575,0.30674604,0.5626046,0.24880913,-0.38740715,0.4411071,0.019641666,-0.5971333,0.0869726,-0.7239233,0.6649034,-0.06100772,-0.10679388,0.31801942,-0.15941308,0.14805035,-0.49669126,0.2264108,-0.61338997,0.038301583,-0.061964884,0.08488295,0.06387465,0.19251838,0.44687992,-0.455912,-0.39674962,-0.41960052,-0.005578801,-0.3977652,-0.51870674,-0.23228626,-0.72482497,0.22653025,-0.19863544,0.10739085,0.22310092,0.3564946,-0.27533656,-0.036108207,0.28017688,-0.28137586,-0.047392674,-0.16114159,0.016937423,-1.0047092,0.45977557,0.19485348,-0.10335674,-0.34612533,-0.44898793,0.07616881,-0.42248762,-0.039471187,-0.19681732,-0.72142553,-0.15601756,-0.3938349,-0.20771953,-0.024948101,0.0067354334,0.3332505,-0.22093111,-0.039149433,0.5844027,-0.123247325,-0.048694592,-0.46879008,0.007345839,-0.71663165,0.05225766,-0.20219992,-0.24372968,0.27762896,-0.30364555,0.0653573,0.20661771,0.20213634,0.07395924,0.2477325,0.28217736,0.23492825,0.04622528,-0.24417034,-0.24160495,-0.025841111,-0.45228696,0.39652607,0.4615707,-0.37269726,-0.42517427,-0.5065867,0.1634382,-0.24213511,-0.42852482,-0.13629085,-0.039231423,-0.10968369,0.32859364,-0.21135262,-0.5539019,0.29560924,-0.13544528,0.324678,0.17949079,0.5364626,-0.40041715,0.012507324,0.29489446,0.5860182,0.49848923,-0.19346856,-0.004298,0.07969652,-0.07995811,-0.23342468,0.5594982,0.33919024,-0.28540805,0.38050884,0.19263498,-0.35383755,-0.34383237,-0.051583514,-0.114559405,-0.041728407,0.6575351,0.7273309,0.06921146,-0.24501482,-0.43047428,-0.13240461,-0.6155465,0.33670998,-0.13155799,0.137265,0.5736225,-0.08061737,-0.4692001,0.18602863,0.08539237,-0.25927976,0.03544986,0.033802874,-0.49463052,0.30873805,-0.13407452,0.11817353,-0.030687716,-0.3585818,0.108984545,-0.053520776,-0.049623728,-0.19533066,0.06536376,0.75534415,0.13337846,0.09534791,-0.12491023,-0.12644948,-0.30154175,0.101617,0.1710167,0.023408404,-0.17902449,0.028730415,0.0258955,0.113068886,0.43905017,-0.249721,0.011227004,0.18045351,0.20142442,0.34972346,0.08811842,0.33949023,-0.37722194,-0.49064136,-0.1525138,-0.26483035,0.16057137,0.30055538,-0.028733408,-0.07027235,0.3017275,-0.022418063,0.3584341,-0.051260743,-0.4158215,0.18157965,0.12269989,-0.2782513,-0.30239633,0.13635804,0.14743395,-0.014794013,-0.32584012,-0.059637014,-0.00087358535,-0.3095024,-0.020165749,-0.3163299,-0.01769433,-0.41062394,-0.38923347,-0.14789823,-0.22078094,0.29781535,0.42550507,0.024561014,-0.08359167,0.3921757,0.24025753,0.092721656,0.002730184,-0.23872194,-0.13069086,0.22372793,0.061270803,-0.3619161,-0.380367,0.25749263,-0.36739886,-0.16170296,-0.15439028,0.2666407,-0.020392608,0.42981556,-0.092769355,0.03279513,0.36803025,-0.35352287,-0.29249936,-0.013862698,-0.26423186,-0.5407053,0.023554945,0.09511859,0.15746437,-0.14656578,-0.4436633,0.29609329,-0.155785,-0.0071822833,0.079185106,0.64641196,0.22044817,-0.1792275,-0.58038354,-0.16624907,-0.050085,0.008011944,0.42978722,0.3881878,0.0062908065,0.05080937,-0.22881708,0.04522474,-0.3513968,0.1477128,0.49372768,-0.1839105,-0.5181476,-0.46962875,-0.2965885,0.08840087,-0.38893518,-0.032861277,0.016375447,0.20166294,-0.750026,-0.56456655,0.15100102,-0.14467773,0.0,0,0,1,0,0,0,0,0,0,0,0,0,0,0,1,0,0,0,0,0,0,0,0,0.0,0.0,0.0,0.0
0.34690103,-0.34661686,0.5364029,-0.05267382,0.63359183,-0.29354575,0.08044202,0.7651461,-0.38614446,-0.62764335,-0.24141459,0.029746516,-0.05239831,0.19267267,0.23039553,0.56590986,-0.35145158,0.5657033,0.015475116,0.59623444,0.5340946,0.18152197,-0.3617637,-0.14353462,0.8000088,0.055861086,-0.21709032,-0.43106854,-0.993143,-0.42955443,0.19950289,0.0636588,0.36921757,-0.09890778,-0.3394805,-0.68572325,0.105386265,-0.035477996,0.33655953,0.5040152,-0.54387456,0.07753513,0.27293473,-0.121397905,0.10407104,0.26851466,-0.10227785,-0.20336635,0.051041353,-0.07772378,-0.7764658,0.17212917,-0.10759903,-0.21099164,0.38449326,0.38294,0.5054752,-0.7983221,-0.61811835,0.23194683,-0.10220042,0.19234419,-0.05870971,-0.081987835,-0.14987735,-0.023119137,0.4389459,0.25408736,-0.70864373,0.5329888,0.28511629,0.1201535,-0.15981704,0.3717091,-0.002284496,0.41431227,-0.46714687,0.78301775,0.05278636,-0.31552157,-0.3665117,0.16994835,0.4398494,0.053184148,0.3846091,0.4343202,0.023644257,0.42089915,-0.6187185,0.45911175,-0.13230503,-0.31641778,-0.42004386,-0.17691511,1.1483171,-1.0692121,-0.5133889,-0.15737018,-0.06609669,0.049495053,0.18943992,-0.5336768,-0.095978424,-0.12171875,0.04011158,0.21300001,-0.83045906,0.17056769,0.22596836,0.46179208,-0.24681596,0.189241,0.17537895,-0.61760175,-0.21529935,0.17438322,0.2796984,0.037269965,0.042873297,0.31644595,-0.11797393,0.4596594,0.1478452,0.40776825,0.5808613,0.32746303,0.2038878,-0.3933278,0.59772366,0.25116277,0.7238796,0.57643545,0.35359848,-0.4338484,0.47810048,0.16945234,0.12980753,-0.13430607,0.051465914,-0.3003817,0.18085304,-0.22431707,0.31652787,0.23486483,0.56034094,0.27308652,-0.24063593,-0.83208185,-0.25906068,0.4562742,-0.38134032,0.030776339,-0.5024728,-0.03724074,-0.28619334,-0.033815626,-0.40515125,-0.24130279,0.24288015,-0.29158264,0.37247318,0.19662042,-0.1583083,0.03779335,-0.14243639,0.0579825,0.067905456,0.62145555,0.1883443,-0.3798298,0.073752716,-0.72928673,0.40312344,0.245603,0.13451055,0.64107215,0.2143907,-0.08025098,0.19260916,0.765077,-0.55574614,0.015860682,-0.08167055,-0.8165269,-0.123736314,0.20805441,0.80603606,-0.4730355,0.40376803,0.16890132,-0.47373402,-0.47315174,0.0050941445,-0.240076,0.69079155,-0.44878924,-0.75576586,-0.2539385,0.50946593,-0.27390856,0.24097027,0.018691504,0.30226716,-0.30232993,-0.8549038,0.21596758,-0.14769329,-0.8372716,-0.34341162,0.11809595,-0.5014436,0.352819,-0.026231572,0.47081923,-0.16169111,0.28514692,-0.10144077,-0.18376508,-0.14047642,0.3035548,0.40503043,-0.23686789,-0.06357605,0.005419587,-0.3305874,1.0317829,0.17071731,-0.054763146,0.6825889,-0.0018362423,-0.56579036,-0.04073376,0.32251891,-0.16333957,0.06930428,0.37614465,-0.23159768,-0.45488507,0.20677269,-0.028245296,-0.4586712,0.22057112,0.13155383,0.17926507,-0.3081974,0.30209687,-0.035965174,-0.5653583,0.059426006,-0.31290662,-0.027464975,-0.2575518,-0.6374025,-0.35279626,0.056842,-0.19820188,-0.22526957,-0.26311645,-0.5784454,0.4108468,0.25128818,0.15806282,0.095876284,0.15472454,-0.037267815,-0.6378201,0.38121194,-0.15606065,0.7322603,0.3238347,-0.03601111,-0.64660734,0.12605046,0.62680006,0.14481977,-0.03384298,-0.1243127,0.21062236,-0.004097115,-0.15866226,0.17265987,0.6180043,0.110182635,-0.0033281655,-0.07015266,-0.17239273,0.4857953,-0.13560607,-0.5199463,-0.23547012,-0.5300191,0.13574769,-0.25840273,-0.14128153,0.95446646,0.60555184,0.2775461,0.1698701,-0.4152622,-0.36821213,-0.21742338,-0.4472807,-0.07389066,-0.22935589,-0.010063753,0.6574189,-0.63380194,-0.5529645,-7.7037144,-0.2575609,-0.30837,-0.19129124,-0.40011337,-0.41519332,0.18517706,-0.020124182,0.3616862,-0.038211804,-0.06261046,0.0818481,-0.21007878,-0.38871795,-0.29289877,0.2549007,0.8046679,0.09694596,-0.34809944,0.35704246,-0.59768695,-0.41663152,0.24386585,0.052707415,0.23832697,0.22724423,-0.027931646,-0.013384145,-0.1905332,-0.20362113,0.20290089,0.114393644,-0.09795329,0.7920752,-0.35025683,-0.17156067,0.11688267,-0.301934,0.39780155,-0.43808076,-0.001709733,-0.00516001,-0.37739486,-0.26808488,1.2018847,-0.8776817,0.4890279,0.6174834,-0.045291286,0.1884416,-0.40896642,-0.60680807,0.019501144,-0.55628306,-0.13157366,-0.11818114,0.60517997,0.9981755,-0.24009696,-0.4746669,0.4155126,-0.69196147,-0.22973816,-0.1505711,-0.12488399,-0.28924558,-0.68522745,-0.9416618,-0.34510583,0.03750902,-0.4594247,0.39965898,0.05927595,-1.0892015,-0.0911998,0.13805099,-0.031232528,0.29384786,-0.49055922,-0.43995616,-0.86686236,-0.409759,-0.23746015,-0.14316624,-0.62525874,-0.32433787,-0.069592625,-0.56319696,-0.6563332,0.21947199,0.15979077,-0.080052674,0.23261599,0.61158925,0.036736704,0.017127462,0.9136484,-0.55790937,0.24269642,-0.03878755,0.39936692,-0.07470651,0.5268008,-0.062239118,-0.04290264,-0.16789225,-0.488246,-0.16569549,0.24520375,-0.35565543,-0.2033899,0.049926642,-0.57041544,0.1919128,-0.8410073,-0.12729909,0.17864181,-0.13640341,0.6201729,-0.5693022,-0.4063954,0.26197258,-0.3105775,-0.14313933,0.6188375,0.16155271,-0.05143605,0.22746281,-0.05081546,-0.23090224,0.056108214,-0.08381326,0.5226064,0.30663365,0.17012413,-0.32621548,0.033995565,0.12698406,0.18902574,0.2049294,0.021872018,0.3839438,0.17584386,-0.09574784,-0.014785016,-0.057957515,-0.095383614,0.22879428,0.037241172,0.37931472,-0.6191642,-0.89751005,-0.24007314,0.17201239,0.34452766,-0.1398053,0.16660093,-0.0033678764,-0.30028516,-0.6320265,0.12365489,-0.07097533,0.16461535,0.73871344,-0.07902925,0.24744613,0.65063685,0.07218657,-0.013752306,-0.70040214,0.19492768,0.41877148,-0.13208121,-0.16634691,0.1301743,0.02962716,0.14416392,-0.27970052,-0.16891748,0.5434098,-0.20777261,0.11239662,0.25671118,-0.31120324,-0.1669689,-0.28073055,0.26297805,0.15756088,0.50236964,0.6995639,-0.7046202,0.69820654,-0.2915319,-1.0311595,0.2931848,-0.8172599,0.56223935,-0.35704654,-0.057911772,0.6809524,-0.5260731,-0.14046268,-0.78145057,0.5598174,-0.0726822,-0.0051509542,0.04598192,0.28818882,0.16894284,0.12014607,-0.026274376,-0.45640576,-0.19461721,-0.71127844,-0.031400185,0.09361706,-0.31769997,-0.2750386,-0.44312638,-0.02239164,-0.00025483296,0.33924335,0.5635099,0.31240046,-0.20591326,0.22361508,0.251125,-0.39142635,-0.12032147,0.088656195,-0.067563765,-0.92129064,0.25941327,-0.10929643,-0.19831462,-0.38857448,-0.71759385,-0.59361964,-0.12549719,-0.45848313,-0.14934231,-0.6108672,-0.60441214,-0.541059,-0.4263285,0.13589016,-0.7816788,0.02137226,-0.30342782,0.1646712,0.12916632,-0.3189136,-0.12367394,-0.6438474,0.16131903,-0.38700238,-0.05685105,-0.053464122,-0.07694847,0.44454348,-0.023622716,0.24684797,0.23067203,0.40741384,-0.008838296,-0.022180466,0.17903139,0.10902218,-0.039981946,-0.6479952,-0.38680217,0.03477497,0.05712469,0.35097244,0.055914417,-0.36221296,-0.15808146,-0.21999511,-0.09182605,-0.39932466,-0.4139538,0.0059699505,0.27639604,0.09607319,0.30392963,-0.3342774,-0.11772005,0.44147685,0.5002109,0.078374036,-0.2679616,0.40125313,-0.18058257,0.33396634,0.051002078,0.50014323,0.5956037,-0.12264392,0.29862878,-0.07107273,-0.2868754,0.13123122,0.53762645,0.25236169,0.036311597,-0.012771981,0.11756884,-0.47766593,0.30630797,-0.3598937,-0.48683795,-0.20728989,0.37981662,1.1362723,0.2532493,-0.43815544,-1.0925255,-0.28752652,-0.499315,0.18038864,-0.21866453,-0.01113573,0.5775458,0.05421023,-0.6254003,-0.2424461,0.037855104,-0.07824387,0.10254326,0.17680936,-0.71188426,0.35544148,-0.40225533,0.43350372,0.38615733,-0.409124,-0.13453434,-0.003948256,-0.18468931,-0.109050274,-0.028623011,0.38756898,0.10683463,0.25727567,-0.31388777,-0.106593296,-0.35343713,0.2691427,0.208589,0.030236071,0.09213022,0.44358486,-0.4269436,0.44247904,0.19878483,-0.14591576,0.69549066,0.050373174,-0.35172966,0.92141676,0.5599634,-0.004521134,0.09466568,-0.9732567,0.10956543,0.04820528,0.23369244,-0.44386128,0.25298816,0.042629417,0.13766986,0.44006714,-0.15922207,-0.23034008,0.05033806,-0.013627878,-0.14259703,-0.3868097,-0.38587448,-0.3338243,-0.38479373,-0.36780322,-0.45401055,0.20080757,0.26740524,-0.5795672,-0.24464776,-0.11893038,0.14674273,-0.40904266,-0.11179416,0.1632331,0.09889106,-0.19021632,0.028929776,-0.064799525,-0.18851158,0.31221902,0.7470497,0.062845066,0.008187498,-0.13531384,0.1344077,-0.101230934,-0.38857177,-0.42161864,-0.11760792,0.026407573,-0.3710559,-0.2711014,0.06902338,0.34464437,-0.07914795,0.3632611,0.15379354,0.5338845,0.2981536,0.12089035,-0.010764743,-0.10544245,-0.11476614,-0.22388592,0.029852025,0.20508128,0.43545187,-0.6685478,-0.4859804,0.17011867,-0.1478035,0.02160126,-0.43784738,0.34783444,0.2459983,-0.21326268,-0.29866198,-0.5048458,-0.11650939,0.48605537,0.44227874,-0.007103584,-0.70767725,0.23425911,0.15363094,0.010122849,-0.21408968,0.40495923,0.5005113,0.05349078,-0.8501217,-0.48101625,0.09692417,0.10974635,-0.27795053,-0.5402538,0.50956774,0.21003926,-0.40917766,-0.644268,-0.09740925,0.30645952,0.0,0,1,1,0,0,0,0,0,0,0,0,1,0,0,1,0,0,0,0,0,0,0,0,0.0,0.0,0.0,0.0
0.021962084,-0.0535731,0.3418119,-0.19759792,0.48402014,-0.19025664,0.1696663,0.30143422,-0.2364444,0.15135889,-0.04896172,-0.025524769,0.031198228,0.21503474,-0.004251662,0.47598648,-0.25217554,0.24029808,-0.54910785,0.122166775,0.013685534,-0.5255739,0.22356644,-0.21722941,0.3705433,0.50404143,0.16998106,-0.24819545,-0.3914045,0.51604396,0.21994802,0.23935749,0.32360345,-0.2956565,-0.21268776,-0.6585109,0.1188789,-0.24023323,0.35542476,0.24506138,-0.058192383,0.17251636,0.29623362,0.13052422,-0.018121682,-0.27400735,-0.06437054,-0.7761068,-0.14657412,-0.4586604,-0.98092705,0.22425061,-0.8251178,-0.3481905,-0.050227653,0.2858667,0.08427896,-0.44411755,-0.031908184,-0.050936967,-0.0036080396,-0.15269244,0.06847047,0.32861325,-0.60939807,0.010247524,0.24347652,0.16918579,-0.544742,0.2513903,0.34567192,0.026023306,0.11590893,-0.014771045,0.25406063,0.09189053,-0.22527517,0.34669563,-0.16218443,0.030147705,-0.042700786,0.02717552,0.8651748,0.11131638,0.37904504,0.22630452,0.15085623,-0.25618604,0.2056502,0.7367783,0.07388543,0.057994023,-0.36253825,0.042351656,0.14936511,-0.5467589,-0.856297,-0.117667496,0.24555711,-0.1985518,0.49607703,-0.21203701,0.49210304,0.15734571,-0.16296257,0.05770327,-0.10573904,-0.4726783,0.119021714,0.3857521,0.049266033,-0.3518487,0.25144166,-0.18912345,0.18483429,-0.03410088,-0.2276685,0.48906597,0.14416443,-0.27062985,-0.2375305,0.0010440061,0.18938029,0.17453474,0.39964718,0.5683953,-0.02268751,0.17955476,0.075315826,0.53453076,-0.08105064,0.24366806,0.10374336,0.17363717,0.19576122,0.102253914,-0.41437495,-0.12408216,-0.118385054,-0.5086128,-0.29985234,0.2371048,0.15780982,0.24932423,0.27535817,0.0056775603,0.045509864,0.26069233,-0.07435939,0.7115976,-0.17688683,-0.2610557,3.342703e-05,-0.17203298,-0.047331646,-0.45601645,-0.12867065,0.0016958325,-0.20771495,0.13293222,0.5466378,0.500429,-0.09574394,-0.08479515,0.090562865,0.12493884,-0.29032362,0.3826463,-0.5394205,0.004082151,0.04232679,-0.21603173,0.38275138,-0.3297683,0.19041294,0.16623649,0.015228713,-0.0685459,0.5072889,0.7444761,-0.62845874,-0.14959551,0.30099615,0.080590546,-0.09918182,-0.23387787,0.4151913,-0.64519304,-0.012859833,0.1302159,-0.3966744,-0.23393351,0.12674151,-0.26908833,0.03792809,-0.49440706,0.20088167,-0.376974,0.44327644,-0.05075653,-0.13197502,0.40892884,0.091593266,-0.3352391,-0.32187554,0.54227024,0.024626458,-0.041041285,-0.45690662,0.23764296,0.07320051,0.39581463,-0.060285613,0.2997896,-0.19575106,-0.11315479,0.52647036,-0.1940655,0.10192153,0.21717471,-0.18098955,-0.17589904,-0.055051968,0.13369614,-0.43593392,1.1565108,0.32894126,-0.5382641,0.68382835,-0.067549564,-0.11788776,-0.21336372,0.2222609,-0.55078775,0.27414495,0.15180153,-0.22012086,-0.07524597,0.2480511,0.25337794,-0.19692524,0.3419616,0.44283086,0.18929476,0.11626367,0.6981444,-0.19304903,-0.36332566,-0.26650873,-0.05843587,-0.04093625,0.31249076,-0.19838308,-0.47145236,-0.0629714,-0.2656041,0.18899848,-0.41352084,-0.1285531,-0.3312717,0.20489345,0.3129961,0.38668385,-0.21154793,-0.045350768,-0.5331276,0.12139873,0.24927466,0.4330982,0.17191122,-0.49436477,0.4056213,-0.28050458,0.3150067,-0.12455423,-0.08451393,0.33438426,0.12355405,0.18129085,-0.6064905,-0.4823127,0.19677344,0.21896929,0.25522873,-0.15533493,-0.07332041,0.53145677,-0.37378135,-0.32524854,-0.34183696,-0.20506452,0.3292341,-0.44478974,-0.026443437,0.7051877,0.26863155,-0.22100079,0.69483536,0.10215902,-0.68036246,0.04327853,-0.13100737,0.15518638,-0.22806068,-0.008931114,0.18339516,-0.66008,-0.95034707,-10.312217,-0.07016733,-0.5853802,0.059259154,-0.48331964,-0.66528285,0.039938975,0.40956536,-0.45104203,-0.22772698,0.03654891,-0.39831445,-0.045620136,-0.6526669,0.0397344,-0.10324068,0.42248118,0.24903503,-0.4776426,0.19890334,-0.054833926,-0.4103645,0.66709304,0.1271539,0.77892953,0.22003447,0.20407519,-0.017969424,-0.1384713,-0.2513667,-0.2273818,-0.19032602,0.046605717,0.9266442,-0.07998231,-0.5536692,0.026143178,-0.54145414,0.28003076,0.2967802,0.03235373,-0.27550083,-0.17126994,-0.0855021,0.8273618,-0.20219979,0.23920937,-0.12832475,-0.028462257,0.061785154,-0.22911407,-0.18400401,-0.16377129,-0.47395205,0.20573355,0.6811005,0.12367118,0.6349755,-0.2588186,0.08391058,0.732657,-0.48120472,-0.51547617,0.538365,-0.8015878,0.046411842,-0.76663417,-0.091229305,-0.30147293,-0.080387324,-0.28486884,0.52989024,0.41033065,-1.0821795,-0.098188035,-0.17082886,0.3740834,0.60031426,-0.41034898,-0.11481744,-0.36240587,-0.84527135,-0.084687226,0.028851595,-0.35068882,-0.47504658,-0.1960001,0.11430394,-0.27744046,0.5230136,0.42638028,0.22356781,0.1374429,-0.16938782,-0.22281066,-0.40189502,0.6539863,-0.83749086,0.048418604,0.43513855,0.3248866,-0.0070502954,0.4485733,-0.8220313,-0.9065889,-0.0066393423,-0.48957238,0.45360997,-0.019994106,-0.0688981,0.28995666,-0.40992263,-0.50609785,0.07815799,0.014035324,0.081901595,-0.13662437,0.2695834,-0.0607156,-0.47714683,-0.28461882,0.15494782,-0.37899047,-1.0422152,-0.21044576,0.5244865,-0.14310879,-0.26699752,-0.2916946,-0.06792799,-0.513654,-0.61287344,-0.2590565,-0.25302964,0.011592936,0.37139726,-0.018458722,-0.40067768,-0.25730443,-0.09692369,0.5515334,0.06729036,0.026807314,0.3111796,0.4377255,-0.3818731,0.21580166,0.15784828,-0.117714465,0.71739995,-0.66037595,-0.39599282,-0.110590085,-0.39266154,-0.42962945,0.23245578,0.41225106,-0.7359255,-0.30113062,-0.24304199,0.2819984,0.1377486,-0.32350188,0.112468794,-0.33956745,-0.24432698,-0.3009875,-0.14922763,0.038477,-0.48194903,-0.19974573,0.0027181196,0.05125938,0.26446134,0.050968636,0.272399,0.46915162,-0.7030101,-0.14801998,0.40989554,0.34682652,0.031275753,-0.07938781,0.040382065,0.37882495,-0.34888324,0.059217826,0.5020224,0.7984549,0.2783566,-0.6059212,0.790097,0.071567215,-0.08264503,-0.34202537,0.046200287,0.1779497,0.13622072,0.18145384,0.73158777,-0.18810299,0.122347444,-0.15274309,-0.081809565,0.09637278,0.024962576,0.9110872,0.042936847,0.020500371,0.01594301,0.28770125,-0.25842327,-0.5653648,-0.37196094,0.36431858,-0.13331433,-0.438213,-0.110910274,-0.5451119,-0.10957666,-0.14340393,0.23274966,-0.41311872,-0.12712014,-0.06339369,0.26915354,0.15407185,-0.5286273,0.06828012,-0.21694349,0.16953394,-1.2609359,-0.19073229,-0.13759114,0.30246764,0.18182522,-0.45726594,-0.09145733,0.001434276,-0.008854795,-0.25115514,-0.32904077,0.25004566,-0.15386492,-0.628981,-0.0774939,0.08586485,-0.33396494,-0.15840097,0.083579436,0.21126595,-0.5132755,0.11661359,-0.25150898,0.4071203,-0.41876018,0.032079037,-0.08484084,0.008255103,0.5664108,-0.022439906,0.117831446,0.113667786,0.13672182,-0.2267313,0.12963611,0.22430658,0.30777335,0.09411161,-0.30963728,-0.01793589,-0.2530014,0.0972772,-0.3087512,-0.32053843,-0.080600366,-0.7337149,-0.72250473,-0.091110066,-0.48915997,-0.3894285,-0.25721005,0.39040685,0.51396513,0.10629275,-0.027355177,-0.43481022,-0.042047292,-0.5117919,0.250569,0.41134694,0.2561062,-0.42853013,-0.0396141,-0.46466687,0.193783,0.7285551,-0.11776015,0.116887905,0.55388933,-0.2321152,0.20455724,0.058279887,-0.22485425,0.0023622427,-0.0639405,-0.18543354,-0.25674394,-0.40835798,-0.4014807,-0.4374868,-0.5715747,0.41276294,0.5575023,0.7027924,-0.806437,-0.41485295,-0.012232367,-0.04617122,0.24836315,-0.42419112,0.50571734,0.6364774,0.25461593,-0.20344654,0.06928326,0.10254711,-0.067572854,0.25890845,-0.08259079,-0.1417011,-0.095897056,0.057264123,0.03947263,-0.066290036,-0.084080495,0.025845315,-0.047480445,-0.057708565,0.1444217,-0.14022489,0.16136399,-0.05111145,-0.12017436,0.08312951,-0.18051112,0.16946444,-0.722641,0.6966436,0.64712805,0.44888315,-0.4022303,0.19077763,-0.21151535,0.1431625,-0.123471975,-0.09073376,-0.01840297,0.07535395,0.50757116,0.3657079,0.3272202,0.05776269,-0.65340036,-0.18812832,0.016863659,-0.45467395,0.15310091,-0.13531679,0.23563588,0.5119215,-0.067010194,0.31048492,0.3927112,0.28931466,0.036586635,0.23703714,-0.029754676,-0.013779469,0.49947095,-0.6258859,-0.36391926,-0.22231656,-0.29135597,0.357473,-0.33865047,0.15362102,0.13688414,-0.039228924,-0.37402305,-0.24543554,-0.043096658,0.18110266,0.17782432,0.10337384,-0.556126,-0.21484202,0.24066804,0.11775102,0.028558014,0.30923137,-0.7734174,-0.20229544,-0.15507545,0.105251655,0.13028103,-0.09365354,0.8340367,-0.96800184,-0.19736165,0.027619509,0.4032168,0.07900582,-0.043665662,0.20159906,-0.1827029,0.3326725,-0.3212046,-0.5662802,0.006366344,-0.15537629,-0.75387895,0.11586667,0.09658773,0.13485806,-0.55023336,-0.4957649,-0.21631566,0.1911987,0.07120896,-0.18195902,0.3402623,0.28723928,0.2492114,-0.13836202,-0.04807897,0.029058533,-0.17024413,-0.13424902,0.40334848,-0.09155736,-5.755171e-05,0.011072198,0.28739998,-0.1925963,0.33671054,-0.15309745,-0.049823657,-0.6808411,-0.08554719,-0.35511804,0.15752378,-0.12070306,0.0020285544,-0.049392924,0.6095837,-0.5017129,-0.27588764,-0.039244622,-0.13950005,0.13809523809523808,0,0,0,0,0,0,0,1,0,2,0,2,0,0,0,1,0,0,0,0,0,0,0,0.2,0.0,0.0,0.0
0.05405581,-0.02318944,0.4882932,-0.08139823,0.49337178,-0.25776377,-0.49748635,0.032159433,-0.08975192,0.053469535,0.07503779,0.05617608,-0.051999226,0.40885448,0.018622536,0.17895812,-0.0041329437,-0.062576555,-0.05895052,0.011723939,-0.05376171,-0.0059272526,-0.15887918,-0.025751188,-0.031938415,0.22368607,0.40830994,-0.7492578,-0.7073806,-0.2711838,-0.01737397,0.40141815,-0.29068047,-0.55061793,-0.08393963,-0.060454324,-0.5767477,-0.057423543,0.18858121,-0.057513885,-0.40324324,-0.078856565,0.35980693,0.31564423,-0.28136355,0.09878172,0.087536834,-0.3601164,0.057424307,-0.79300857,-1.3311114,0.2304082,-0.050009843,-0.42566204,0.3316001,0.21019477,0.5322735,-0.7555951,0.29873553,0.14823203,-0.20726103,-0.15861171,0.0001859659,0.18493067,-0.43249333,-0.41068614,0.076591186,-0.19986056,-0.97835195,-0.24419805,0.581953,-0.3107674,0.005658578,-0.3195134,-0.19567783,0.24535422,-0.5719805,0.6228545,-0.10076122,-0.04399508,-0.13318908,0.56176454,0.49187106,0.31351984,0.46615,0.3293203,0.38469684,-0.034918703,-0.24252062,1.0560181,0.13236563,-0.024625583,0.3019508,0.13720483,0.38938046,-0.2250873,-0.007636289,-0.0041963304,0.015228499,0.12091262,0.37519586,-0.83757704,-0.38574395,-0.12184463,-0.17937699,-0.027119748,-0.69297767,-0.2388945,-0.02462896,0.2686954,0.07095355,0.41691044,0.06232511,-0.63810235,0.21437508,-0.018903537,-0.5858462,-0.068242215,0.2585545,-0.0627004,0.13174587,0.90110475,0.13125783,0.13234243,0.2562429,0.23670658,0.30371106,0.40774208,0.14845985,0.2564586,0.48053452,0.36531,0.46810964,-0.08528122,0.13646695,0.037030887,-0.21162838,-0.09178301,0.3991524,-0.63789934,-0.30558947,-0.50059545,0.3974733,0.5304224,0.63943493,0.213461,0.47654402,-0.34158126,-0.32108563,0.54054743,-0.17021546,-0.14256926,-0.5879753,-0.20779984,0.17447041,-0.09589215,-0.28613442,0.22896223,0.044784293,0.60702354,0.014952377,0.038783003,-0.17962213,-0.6123383,0.22053905,0.008174335,0.4222061,0.7656752,-0.16647494,0.25826317,-0.23519583,-0.6811377,0.4515506,-0.35041153,0.50861275,0.4011403,-0.27753696,-0.24639316,0.4404554,0.7508799,-0.6049505,0.14364064,0.6101845,-0.43765,0.098239735,-0.3201662,0.36785537,-0.6200582,0.46369788,-0.050194692,-0.6802414,-0.18984245,-0.16895176,-0.19011281,0.40436563,-0.7864985,-0.08228209,-0.605728,0.55187654,-0.6267532,-0.19591896,0.36579266,-0.42775548,-0.5711222,-0.49640155,0.27326187,0.044419937,-0.5833746,-1.076121,-0.1751224,-0.02837176,0.020299278,-0.42616984,0.2026838,0.4856875,0.004376265,0.06097979,-0.04690049,-0.040572222,0.60331583,-0.011822765,-0.65694785,0.26544696,0.2774663,-0.37644172,1.4071307,0.53335375,-0.70728,0.91792333,0.12075919,-0.09973724,-0.3915663,-0.09328011,-0.7359421,0.24983358,0.16645399,-0.5327529,-0.45016503,0.29546896,0.45303866,-0.61727035,0.8468454,0.037257515,0.10966794,-0.079648644,0.35951465,0.102599144,-0.66714025,-0.37462586,0.27559453,-0.30604154,0.10159481,-0.07166405,-0.042352915,-0.067384265,-0.24995403,0.35387015,-0.018062957,-0.45284852,0.018678144,-0.07372436,0.48019776,0.19648162,0.21509176,0.42442706,-0.5096065,0.047852397,0.16521604,0.64085275,0.11343002,-0.43547887,-0.2689189,-0.1406185,0.46640456,-0.41013074,-0.5028313,0.4532048,-0.20585443,-0.0734844,-0.6186286,0.26327085,0.3275463,-5.161762e-06,-0.27332398,0.10870757,-0.03120297,0.29470876,-0.18809675,-0.35649475,-0.18400303,-0.016005367,0.1336048,0.20668216,-0.32286912,0.72109246,0.3467683,0.21002206,0.40179598,-0.37142918,-0.16094755,-0.3525838,-0.6163125,0.42478096,-0.036480088,-0.32056972,0.170649,-0.698474,-0.34424838,-10.113799,-0.21060166,-0.46515247,-0.11485195,-0.11028244,-0.1675889,-0.13173738,0.15721738,-0.31830373,-0.30837792,-0.10877141,-0.51521623,0.006454583,-0.47199234,-0.2774919,0.5231987,0.5453358,0.44628647,0.27874622,-0.008997863,-0.17042597,-0.65759856,0.030067638,0.4048839,0.27723914,0.19585986,0.26714203,-0.15714058,-0.27264816,-0.31247878,-0.10498925,-0.05100698,0.06475003,1.1075623,-0.29141128,-0.25692275,0.06764679,-0.20505212,0.18733983,0.18798149,0.14235526,0.37759244,-0.11008728,0.19722259,0.8346255,-0.5671721,-0.40076667,0.35129884,-0.14155577,0.0002493602,-0.3609723,0.088404156,-0.21782789,-0.3770653,0.22561061,-0.031564083,0.036155745,0.3406101,-0.3404583,0.55580914,0.65267396,-0.14014359,0.14350587,0.24725759,-0.2148361,-0.35908034,-0.29832473,-0.28591847,-0.28010303,-0.3499834,-0.005434515,0.6232589,0.2296891,-1.3844843,-0.21558028,-0.36615327,0.43527234,0.06766024,-0.3306337,-0.33058244,-0.40139604,-0.79209816,0.30783793,-0.3802275,-0.46157917,0.011763797,-0.49414387,0.19761585,-0.18303764,0.33097526,-0.61066043,0.046765786,0.06847512,-0.24721867,-0.15508457,-0.4028046,0.5114447,-0.61772406,0.032322995,0.83531106,0.23367085,0.107946984,0.058582913,-0.013436765,-0.54198664,0.5353714,-0.73705,0.19256844,0.18052399,0.09450357,-0.4447676,-0.01618838,-0.14033367,-0.21031475,-0.5115253,0.37242103,-0.3297389,0.37887508,-0.11287924,-0.27981338,-0.35160238,0.34540665,-0.15263523,-0.76696146,0.4307632,0.08536566,-0.11613291,0.1799657,-0.41911218,-0.4069499,0.17964111,-0.20629889,-0.5109452,-0.32893988,0.077093,-0.38455406,0.22518677,0.026329106,-0.44267842,0.11651644,0.69099337,0.41369697,0.3993107,0.023778176,0.106729075,-0.31256258,0.23998621,0.22682478,0.18695238,0.30696756,-0.17144199,-0.6745174,0.26492736,0.063867,0.2048077,-0.101418965,0.3786428,-0.38652572,-0.011708133,-0.72104996,0.36165372,-0.061945144,-0.15075524,0.0043376316,-0.22576702,0.10852939,0.04129914,-0.1593635,0.1940777,0.053796425,-0.06838844,-0.030366091,0.40235028,-0.053035107,-0.01155473,-0.060406074,0.6446469,-0.5871036,0.1317181,0.37110797,0.1436749,0.1520331,-0.056928784,0.05098466,0.4739975,-0.10230173,0.08816249,0.84261763,0.0887885,0.11267516,-0.72428185,0.46311367,0.15110439,-0.17941079,0.2504582,-0.40151897,0.35470635,0.22770576,-0.14272453,0.3066402,-0.2749226,0.262257,-0.49732196,0.21236399,-0.11520186,0.09408675,0.1780017,0.18363701,0.48592147,-0.05062356,-0.049233686,-0.15314072,-0.88483316,-0.2888571,0.8390274,0.28514582,-0.070601925,0.07269766,-0.67855936,0.28408366,0.04722021,-0.29357806,-0.0138997175,-0.07906399,-0.051810775,0.21266915,-0.19973052,-0.008017319,-0.57711786,0.113260075,-0.108107805,-1.972918,0.3042348,-0.18997501,-0.00996165,-0.29944363,-0.3945753,0.21432777,-0.25804856,-0.2916916,-0.32995597,-0.6827569,-0.16201727,-0.4352378,-0.46761593,0.42390338,-0.6475941,-0.083846375,-0.12806775,0.3015699,0.15678649,-0.5558071,-0.5687371,0.2801894,0.27766708,-0.25202182,0.19030829,-0.5101885,-0.36536723,0.6587467,0.10516307,0.005977562,0.06143651,0.42607972,0.3946556,0.10358919,0.34146088,0.22067694,0.376581,-0.16996288,0.109749325,-0.16723631,-0.053404547,0.39176697,-0.58651924,-0.15326476,-0.2505429,-0.664693,0.24927792,-0.28195617,0.04487587,-0.35257134,0.20047282,0.23497373,0.08498468,-0.022328388,-0.42744818,-0.001498987,-0.16422242,-0.27079865,-0.18814509,0.19307646,-0.6922374,0.18538314,-0.30896172,0.26357034,0.72939277,-0.23462236,-0.44200492,0.49740165,-0.21320152,0.5245998,0.51584166,0.27120543,0.029056586,-0.075326905,0.20272288,-0.09795876,-0.14243639,-0.6355088,-0.40794837,-0.28957897,0.7034763,0.44916138,-0.06322819,-0.22468923,-0.54343456,0.21403989,0.019079335,-0.032583028,-0.41754773,0.57581896,0.6236065,-0.26363394,-0.109936215,0.16325004,0.28810203,-0.7348181,0.19873497,0.35563916,-0.036307555,0.19516821,0.4421447,-0.05300438,-0.10512093,-0.18635315,0.15932631,-0.011559183,-0.4850577,0.09694133,0.12031185,0.106329896,0.076806635,0.15418825,-0.36790454,0.07194195,0.13173877,0.28775433,0.06748852,0.46638831,-0.027113019,-0.72383136,0.20145193,0.36988163,-0.13121624,-0.36255103,-0.19225167,0.22626194,0.40201634,0.44363114,0.48977706,0.4611797,0.14017306,-0.7368095,-0.28577238,-0.040769156,0.085712455,-0.17412218,0.26955867,0.09549825,0.18504696,0.46023133,0.22130848,0.21165127,0.20477308,0.19538723,-0.016928969,-0.27423942,-0.3186127,0.21339819,0.07224628,-0.17945652,-0.07385689,0.089257985,0.029399483,-0.44474941,-0.06899663,0.07773212,0.11002419,-0.39149076,-0.08956824,0.14165992,0.11839302,0.24462338,0.0046495455,-0.2656648,0.2820539,0.060419664,0.2627515,0.14438792,-0.048646722,-0.47882512,0.042649172,-0.06272605,-0.052610945,-0.12888692,-0.11405062,0.28238222,-0.60176516,-0.3414095,0.7801096,0.2687403,0.012688314,0.2482271,0.1701974,0.08736001,0.48067197,0.07650424,-0.67824143,0.0014202815,-0.3093218,-0.4655455,0.46626037,-0.23665726,-0.054533556,0.22678833,-0.33305863,-0.11497263,0.39528558,-0.49484596,0.040071167,0.21952055,0.40599146,0.339151,-0.53187907,0.048605815,0.03027731,-0.16287649,-0.58836347,0.19969216,0.04443407,-0.01721006,0.0071391384,-0.003951794,-0.28505552,0.50516915,-0.07069029,-0.65943414,-0.7016902,-0.26641476,-0.5307619,0.09455244,-0.34558573,-0.07960901,0.24600732,0.23723315,-0.25921473,-0.59193355,-0.008949491,0.17614943,0.0,0,0,1,0,0,0,0,0,0,0,0,0,0,0,1,0,0,0,0,0,0,0,0,0.0,0.0,0.0,0.0
0.37498015,-0.2831101,0.51871604,-0.09130141,0.012124523,-0.55894303,0.11907172,1.1895422,-0.3479572,-0.10056879,-0.032729298,-0.24397682,0.252792,0.52284664,0.29950953,0.94128823,-0.292534,0.3153157,0.036001932,-0.118237406,0.52241015,-0.13269188,-0.22484736,0.27018353,-0.05015734,-0.224324,-0.039173987,0.12490098,-0.83322024,0.12802345,0.31704533,0.5052409,0.3176262,0.2530571,-0.1624999,-0.789922,0.015332296,-0.42139843,0.09392623,0.3101649,-0.61592495,-0.56114876,0.53377604,0.177372,-0.27537218,0.17727762,-0.15252157,-0.07036493,0.41773155,-0.35371074,-0.41627806,0.10838336,0.29326734,-0.028602906,0.11620019,0.8488173,0.44196254,-0.8276539,-0.29378343,0.1816862,0.36512542,-0.30310303,-0.29522422,-0.14647076,0.26181033,-0.023079155,-0.14350376,0.39639995,-0.5367087,0.16217972,0.14628215,0.35123566,0.26605994,0.188453,-0.23496875,0.12236561,0.103512004,1.0437229,0.15909326,-0.013468918,-0.23341371,0.34277722,0.32828504,0.29979008,0.5161053,0.2857962,-0.12619936,-0.37829238,-0.3562597,0.76012033,-0.36650318,0.023967924,-0.19046539,0.2662308,0.62040335,-0.4818678,-0.31605434,-0.48726514,-0.4625777,0.2679087,0.09332065,-0.5581295,0.12780944,-0.05259476,-0.20521875,0.11495583,-0.18667264,0.18569309,0.27547187,0.09157371,-0.58225775,0.21630348,-0.361981,-0.27625507,0.15929918,0.23515883,0.23053442,-0.4335544,0.17274909,-0.25240707,-0.6985349,0.25657034,-0.27286872,0.24166654,0.035974797,0.3338083,-0.096001595,-0.29523546,0.013994439,-0.17993437,0.5790939,0.5164186,0.5157855,-0.7519443,0.5276945,-0.26267755,-0.053932484,-0.113879554,-0.25882867,0.20515251,0.23200852,-0.21350242,0.13166538,-0.0805757,0.11104083,-0.052482083,-0.1077851,-0.51012117,-0.18684638,0.09690987,-0.40525195,0.072445944,-0.6734491,-0.24257359,0.030816596,-0.71182746,-0.16837254,0.08671802,0.093698874,0.1525403,0.058230635,0.046800565,-0.17226912,0.44658172,-0.10192653,0.0347661,-0.070129305,0.19284649,0.21273871,-0.3224522,-0.2822445,-0.28784722,-0.13962726,-0.12010949,0.73854196,0.44996685,0.036502417,-0.40646517,0.024765022,0.39748725,-0.32987958,-0.36189997,0.8603006,0.04937869,0.05207067,0.17223346,0.4905457,-0.04129132,0.18508203,0.20770739,-0.61159235,-0.23110504,0.0903808,-0.37167507,0.14100048,-0.29199058,-0.066106126,-0.15314552,-0.028864546,0.0965299,-0.13301115,0.14338392,-0.027873093,-0.19377376,-0.5505526,0.51940346,-0.028752327,-0.14356408,-0.43615615,0.29637176,-0.44000652,0.42564023,0.015490098,0.45214036,-0.10273732,0.19824778,0.35603824,-0.5304351,-0.5754347,0.2317788,0.4230514,0.023112692,0.0756438,0.20443802,0.24797691,0.94075286,-0.20770861,-0.5578784,0.6357837,0.0017174814,-0.06693735,-0.16589971,0.56394964,0.12073013,0.19889997,-0.12151089,-0.38173622,-0.008652308,-0.025045456,-0.0018926307,-0.25927982,0.07281264,0.19644143,0.34783414,-0.15885867,0.46487704,-0.023248494,-0.35112596,-0.14017192,-0.094973564,-0.01579306,-0.27940214,-0.44964263,-0.6667832,-0.13801809,-0.022387553,0.0778683,0.030364214,-0.11461046,0.27394435,0.42717072,-0.10291648,-0.06330144,0.19176148,-0.11016914,-0.14345649,-0.023774989,0.2887237,0.4219347,0.15118288,-0.43601787,-0.22661775,-0.034207094,0.7697737,0.2397192,-0.3466745,0.06381351,-0.10315572,-0.07035509,0.0093272505,0.118323594,0.1609227,-0.13644217,-0.06536093,-0.14802948,-0.20666651,0.25884277,0.5432115,-0.34237155,0.22881119,-0.16813256,0.3142106,0.10416951,0.004671422,0.7912663,0.31322074,0.18180057,0.068644986,-0.35126984,-0.5345732,0.26115733,0.28344145,0.0267612,-0.03839358,-0.26908284,0.29185474,-0.17387205,-0.48246384,-10.788141,-0.0365747,-0.26613846,-0.4917209,-0.18259244,-0.09224333,-0.008993494,-0.10385913,-0.2771088,-0.45648372,-0.26216167,-0.17409399,0.36221278,-0.35794643,-0.13786304,0.104810804,0.29093987,-0.21671797,-0.17064624,0.44666737,-0.49848512,0.20708479,0.44357738,0.32436085,0.28096533,0.16778894,-0.44855404,0.3216148,0.48673058,-0.02874165,0.19793926,0.17417365,-0.35031483,0.8676324,0.020370923,-0.2520637,-0.42411813,-0.5826956,-0.16293316,-0.2365538,0.031940218,-0.29154652,-0.13189365,-0.08429341,0.9038738,-0.56648284,-0.17708807,-0.08581048,-0.049778853,-0.06268836,-0.3896615,-0.32942966,-0.13887656,-0.34395614,-0.19859417,-0.37494752,-0.05881606,1.0771538,-0.29140103,-0.5635667,0.45812675,-0.3599751,-0.46300617,-0.3339737,-0.038958088,-0.60495085,-0.7134085,-0.5417394,-0.0018489514,-0.45519856,-0.019536633,0.37264508,-0.11457518,-1.1593016,-0.17185682,0.14216809,0.3248802,0.3938551,0.044325348,-0.27450246,-0.56452173,-0.04401568,0.17365181,0.19549045,-0.37227362,-0.62679595,0.315957,-0.69953966,-0.33171815,-0.07981671,-0.3685581,0.16825743,0.25123286,0.19857347,0.05262211,-0.1437581,0.111621,-0.38350406,-0.101586945,0.13722254,0.7653643,-0.030988373,-0.09270802,-0.20721066,-0.17721641,-0.10040174,0.27210766,0.17703962,-0.2089271,-0.12692448,0.071310036,0.02374203,-0.5784297,-0.025563445,-0.026875649,-0.09456155,-0.24696596,-0.009084659,-0.2524888,-0.672787,-0.3852417,0.22442743,-0.3482419,-0.24548775,0.026574388,-0.021304516,-0.43444604,-0.37104622,0.016794516,-0.23948228,-0.22800007,-0.14807028,-0.23363881,0.035589263,0.21978337,-0.29163882,0.13619368,-0.6544483,0.22553833,0.3455287,0.16003084,0.64377916,0.14095148,-0.092387855,0.26712048,0.5467407,0.29069713,0.44659287,-0.039999206,0.03959971,-0.43313596,-0.1833497,-0.22316906,-0.072605774,0.3935052,0.1970744,0.59154457,-0.3447768,-0.47109795,-0.07568905,0.5239343,-0.35962102,0.3175927,0.5213788,0.34710887,0.20893872,-0.13001777,0.04493625,0.014340506,-0.75609946,-0.39172706,0.931254,-0.058695838,-0.12803157,0.15854612,0.24656612,-0.103619196,-0.18296283,0.29047424,0.39610636,0.034267597,0.20035878,0.06143081,0.03420311,0.4528103,0.5295137,0.20511575,-0.08828272,0.06204,0.5300096,-0.47253087,0.2386852,-0.27865607,-0.50914663,-0.18088572,-1.0302583,0.70567995,-0.19835997,-0.15854508,-0.0029248106,-0.4112661,0.229626,-0.5765636,0.6536072,-0.24282451,0.19010548,-0.13628884,0.19345857,0.11679955,-0.06888886,-0.22157711,-0.36989972,-0.2109493,-0.30717295,0.06670926,-0.20397328,-0.5218876,-0.16103248,-0.36682582,0.36303577,0.0006672056,-0.06353137,0.5170398,0.2689339,-0.25761104,-0.003754416,0.50552964,-0.15986863,-0.29938155,-0.121084206,-0.11293378,-1.1665037,0.53671277,0.20008017,-0.3121974,-0.16205207,-0.5013477,0.096064605,-0.25382495,0.3245409,-0.14301237,-0.856253,-0.23456608,-0.5174773,-0.06655847,0.14126307,-0.28552023,0.46850663,0.0393443,-0.32222396,0.44856575,-0.5508997,-0.23476835,-0.43564457,-0.007559191,-0.69572014,-0.2994339,-0.035841938,-0.2458328,-0.19221368,0.24728931,-0.062415138,-0.011789496,0.17042615,-0.18618646,-0.098637305,-0.46712115,0.25869143,-0.051607028,-0.16119064,-0.13608706,0.007919165,-0.111612484,0.24786785,0.11643601,-0.3200423,-0.26784968,-0.39612487,0.15254933,-0.10291901,-0.3328227,-0.23568374,-0.11383285,0.10987204,0.4098249,-0.09243655,-0.22631384,0.4252964,0.087811604,0.19328927,-0.087671325,0.6135371,-0.21496086,-0.022473626,0.5242365,0.25752512,0.691616,-0.078937076,-0.11703566,0.016823411,-0.16033573,-0.36556953,0.16984347,0.16745675,0.0060825194,0.13634853,0.10768856,-0.06620703,0.18473995,-0.06883592,-0.4628835,0.00015208602,0.87546897,0.51442856,0.284246,-0.30197522,-0.5797996,-0.33714044,-0.4724195,0.04898119,-0.42578185,0.32349432,0.5114621,-0.30512702,-0.096106805,0.007481271,0.19086178,-0.19156817,-0.015469166,0.11697484,-0.7651741,0.32994813,-0.5989771,0.3822666,0.102377236,-0.1069591,0.34066382,-0.22445583,0.052307833,0.009645466,-0.120639585,0.3968225,-0.30695802,0.3769523,0.20538084,-0.2826767,-0.4454794,0.52168417,0.2220497,-0.1418601,-0.3017389,0.21752465,0.12813453,-0.073553465,0.52209413,0.04659743,0.12766278,-0.11258599,0.19460435,0.53188705,0.4258051,0.06208612,0.0046878676,-0.5498861,-0.22218955,0.050892636,0.4992519,-0.15935591,0.0654484,-0.15975997,0.67656356,-0.112605676,0.65939903,0.13359144,-0.4244979,0.07078316,-0.08941549,-0.047823895,0.02630415,-0.08272625,0.28600138,-0.018048517,-0.39464465,0.051346384,-0.021406932,-0.1019793,-0.34495097,0.2345311,-0.14019695,-0.5343829,-0.26714382,-0.20699844,-0.009449617,-0.21450463,0.3014135,-0.34896556,-0.03183865,0.11612762,0.57425463,0.2582519,-0.080534555,-0.37592176,-0.21653897,0.37451103,0.14157814,0.017666278,-0.2827561,0.19008467,-0.3577035,-0.29462457,0.17251423,0.31675643,-0.09986864,0.44202617,-0.2891697,0.09776512,0.28970975,-0.45813903,-0.21336408,-0.1403197,-0.48446167,-0.47804886,-0.024259752,0.10336767,-0.04047535,-0.76371026,-0.6769181,0.102753066,0.04067017,-0.24852495,-0.21166493,0.40156388,0.4154339,-0.27805513,-0.765295,-0.2766104,0.021363532,0.11739002,0.53257847,0.14221783,-0.06980951,0.1842404,-0.39452884,-0.51875216,0.2577724,0.6265067,0.30521858,-0.2815691,-0.60933214,-0.609988,-0.23656368,0.22453108,-0.48942852,-0.3330154,0.2644785,0.07011527,-0.6437828,-0.4831088,0.47282058,-0.21496822,0.1875,2,1,0,0,0,0,0,0,0,2,0,3,2,0,4,1,0,0,0,0,0,0,0,0.0625,0.0,0.0,0.0
0.30128098,-0.23762354,0.63557976,-0.036712505,0.4638026,-0.610295,0.0202092,0.49981365,-0.11746331,0.10208018,-0.35467553,-0.03454955,0.039935183,0.15822306,0.16184078,0.5948341,-0.2774748,0.20497896,-0.012111065,0.20863579,0.46250573,-0.07337502,-0.14417887,0.011001118,0.2727667,0.119304635,0.35285184,-0.4061074,-0.82700866,-0.066723846,0.40188962,0.27619284,0.1785711,-0.36124524,-0.1473061,-0.38752812,-0.12740444,-0.51142746,0.25441676,0.42963257,0.066247806,-0.20054016,0.29481506,0.16366245,-0.12375985,0.0011606422,-0.19020523,-0.44469565,0.022361534,-0.23041973,-0.88211447,0.07002646,0.10280194,0.07490249,0.3406225,0.2801433,0.3018318,-0.43932176,-0.2218737,-0.029533142,-0.03268466,0.3074028,-0.10267267,-0.095338956,-0.15061511,-0.001766224,0.07089937,0.5415476,-0.95422715,0.22966474,0.08621316,0.13088807,-0.06505739,0.3951073,0.22845165,0.3784797,0.06028664,0.60155165,0.25333393,-0.012844083,0.15277754,0.3327635,0.35787755,0.2714541,0.34302288,0.3446711,0.047083274,-0.15620208,-0.47844827,0.7234524,-0.22885425,-0.12750442,0.07282848,-0.29205474,0.68677527,-0.49430627,-0.26193407,-0.5143835,-0.27132604,-0.1297326,0.51991075,-0.19822602,-0.06361869,0.023240892,-0.24746893,-0.11856856,-0.6582355,-0.4980598,-0.17145877,0.49089217,-0.2316599,0.30961552,0.031675115,-0.4848593,-0.101175696,0.050667252,0.07255996,0.19682252,0.14891198,0.25070095,0.03914613,0.4511659,0.045046795,0.11793778,0.3019734,0.03711516,-0.12835686,-0.06730004,0.033484556,0.22591987,0.92881304,0.5449879,0.33867425,-0.30668393,0.007900098,0.095868155,-0.19575219,-0.45145008,-0.026223917,-0.108264506,0.045618653,-0.21517374,0.0393477,-0.027679127,0.2960283,0.3195055,-0.09996789,-0.3313503,-0.42061588,0.3199445,-0.52112705,-0.17886768,-0.13754871,0.06345377,0.17499265,0.026652338,-0.06733956,0.122822225,0.2250867,-0.028468864,0.17137168,0.35152718,-0.3238715,-0.0086865565,0.12496234,0.06540092,-0.22419536,0.44818264,-0.049547464,-0.1046051,-0.018708734,-0.32907116,0.02758079,-0.07750853,0.1808373,0.31680986,0.15630537,-0.07475492,0.5602989,0.5432875,-0.6161042,-0.24865979,0.42173213,-0.47960353,-0.05197513,-0.03195304,0.6920886,-0.4015794,0.20495506,0.07914914,-0.44978616,0.25926247,0.27405947,-0.48623866,-0.0036985225,-0.23346667,-0.30373985,-0.4586372,0.02824813,-0.20399201,0.1604644,0.087191,-0.27775377,-0.11079607,-0.57979023,0.28886855,0.23185335,-0.5211323,-0.28034854,-0.30327338,-0.36332783,0.23488851,-0.25271168,0.43738788,-0.05084215,0.06655806,0.16968493,0.04484128,0.037283298,0.11022988,0.11747961,-0.44693622,-0.0937959,0.21022832,0.028254217,1.1850102,0.05538957,-0.13850622,0.8879659,0.31750667,-0.32669997,0.055653464,0.47988594,-0.09955256,0.2545437,0.039125778,-0.47697076,-0.7146631,0.25111058,-0.05944922,-0.08015963,0.46124864,0.2775135,0.2419061,0.049887296,0.266271,-0.1351625,-0.27993327,-0.14585754,-0.17156136,0.14402007,-0.025590166,-0.59765196,-0.39436775,-0.36287215,-0.24709107,-0.41907105,-0.2537002,-0.123888195,0.11945436,0.096992016,0.026175905,0.13280424,0.0005287383,-0.020018414,-0.65646863,0.41204467,0.05070306,0.48591843,0.26078424,-0.05524824,-0.1907799,-0.059721746,0.37915158,0.2011321,-0.07473734,0.04705964,-0.18660736,0.026574135,-0.030297227,0.22660908,0.12601368,0.052826818,-0.17472962,-0.50481576,-0.11621408,0.213039,-0.052542135,-0.4247757,0.12445924,-0.5502223,0.42264745,-0.58332205,-0.19680409,0.85893244,0.33192128,-0.23161,0.28907806,-0.23154645,-0.20722061,0.57411337,-0.26553872,-0.17324264,-0.19243711,-0.31512675,0.3957798,-0.6378355,-0.6893422,-8.287503,-0.48225945,-0.45326978,-0.3148576,-0.17129007,-0.38229832,0.18227156,-0.3411386,0.069330074,0.07947546,-0.15492313,-0.055001583,0.11314127,-0.36390048,-0.23469925,0.503788,0.650428,0.02848385,0.23612602,0.2590957,-0.120837964,-0.2537584,0.17833337,0.022062702,0.21910863,0.085397676,-0.24010098,-0.061051406,0.06651695,-0.41413364,-0.11941794,0.06928365,-0.2717601,1.096494,0.21264142,-0.39631772,-0.14983614,-0.31778926,-0.15710025,-0.18591473,0.043213323,-0.053263407,0.10098184,-0.0062476583,1.1085837,-0.43895194,0.30040509,0.21617323,-0.32397246,0.0926981,-0.1903203,-0.5024067,-0.12424905,-0.34746507,-0.15193683,-0.24970983,0.04652551,0.9835341,-0.12593518,0.14346077,0.53168535,-0.43677115,0.04056937,-0.24110596,-0.73284775,-0.25014713,-0.6779651,-0.6663976,-0.16753837,-0.09383381,-0.5592867,0.5595924,0.07551925,-1.0971749,0.12326744,-0.55859697,0.13881345,0.3049761,-0.245966,-0.20670395,-0.22259766,-0.36741105,0.07286462,-0.13080983,-0.4280381,-0.3146292,0.06490524,-0.25130665,-0.5223686,-0.11069307,-0.3308378,0.14989235,0.23707879,0.03323538,0.07644756,-0.05130531,0.72658676,-0.62271965,-0.06266327,0.27650693,0.603223,-0.19650741,0.41345224,-0.39257306,-0.26409948,0.10747216,-0.23818657,-0.023880152,0.232686,-0.26898557,-0.1398425,-0.047856584,-0.34388325,0.18269607,-0.27794805,-0.12679918,0.37204057,0.2544713,0.22420739,-0.5679235,-0.41188154,0.24336445,-0.32193244,-0.2720135,0.14244685,0.10600949,-0.19034612,0.1063039,-0.6323564,0.15059976,-0.065603964,-0.26942155,-0.019891111,0.060723104,0.13792755,0.13888007,-0.070778206,-0.09679516,0.47407955,0.16009408,0.0456122,0.38333794,0.330604,0.024781033,0.16244324,-0.20844473,0.41486767,0.5271301,0.005854196,0.07883376,-0.19463465,-0.5554624,0.14326343,-0.123723656,0.43711346,0.004925811,0.48641217,-0.05540352,-0.15578133,-0.5689972,0.4093023,-0.3157909,0.08044877,0.4251064,-0.015228378,0.060124654,0.09207275,0.49350893,-0.0038290345,-0.61044437,-0.019674934,0.27096438,-0.19214466,0.16855668,0.23849405,0.24601707,0.33932334,-0.4455636,-0.20147751,0.29206723,-0.08199851,-0.1563115,0.09541536,-0.23398139,0.21214116,-0.40774286,0.1551612,0.3208977,0.5952328,0.6024519,-0.1949541,0.6783463,-0.058594365,-0.34703183,0.39542454,-0.6925766,0.47522873,-0.43308458,-0.056853738,0.41134933,-0.26207915,0.13275898,-0.6938331,0.033301845,-0.5860876,-0.1044724,-0.078672096,0.2806336,0.19758576,-0.338714,-0.51694006,-0.5509844,-0.30772394,0.036735054,-0.20227423,-0.01640626,-0.58617735,-0.09887471,-0.39015883,0.29605234,0.10450737,0.18626085,0.1688823,0.2996749,-0.29692933,0.3499755,0.23191988,-0.22812007,-0.11431428,0.10633659,0.13329314,-0.9417477,-0.176761,-0.14417435,-0.10881546,0.016086198,-0.87232345,0.2115745,0.03347321,-0.33140767,-0.44410884,-0.2040153,-0.35109437,-0.41864392,-0.38466063,0.14006981,-0.28282702,-0.13671948,-0.33362725,0.0018850812,0.20250544,-0.553046,0.13559757,-0.38412955,0.44165125,-0.27010697,0.16275807,-0.10790519,-0.35141873,0.07806215,0.37756407,0.15499648,0.085756905,0.30581313,0.12735018,-0.09397317,-0.39518788,-0.027839389,-0.19877616,-0.58078384,-0.56767726,-0.20141047,0.2984907,0.38492212,0.31541902,-0.19407761,-0.03738282,-0.38864422,-0.26657748,-0.44030043,-0.3378457,-0.0070143845,0.5304749,0.099811696,0.39883363,-0.3669207,-0.42163658,0.26075113,0.029371452,0.013002953,0.26679486,0.5475764,-0.46802616,0.22393124,-0.24292235,0.2704395,0.61145765,-0.2100512,0.33356094,0.36429128,-0.13339412,0.08096277,0.5057959,0.014649511,0.11754366,0.17159396,0.02826471,-0.09861135,0.015268142,-0.20390311,-0.040867724,-0.36041394,0.2415461,0.7914617,0.18535125,-0.45743203,-0.70316666,-0.047560167,-0.6021132,-0.058906265,-0.04478551,0.45052907,0.40515378,-0.057233162,-0.19613081,-0.11451231,0.15439472,-0.0931658,0.42888093,-0.20626856,-0.28023207,0.039138384,-0.27561307,0.32016146,0.0949528,-0.2073552,-0.30881757,-0.20163727,-0.3324387,-0.009982389,-0.20160136,0.09539397,-0.3823263,0.34462234,-0.17350264,0.00890742,-0.22006622,-0.08605672,0.15470903,0.08683961,0.24282032,0.1974118,-0.23082672,0.33248198,0.046273533,-0.11354866,0.16383716,-0.17858538,-0.11898193,0.5268423,0.36982736,0.17533563,-0.18256645,-0.62452334,-0.21707976,0.003678195,0.29584134,-0.23019007,0.15694302,0.2889471,0.37257236,0.12726697,0.014766523,0.037543226,-0.062375456,-0.10880599,0.073531836,-0.20019272,-0.17760111,-0.022685774,-0.45645115,-0.060844027,-0.672441,0.09297331,0.3700656,-0.2768651,0.11897999,-0.16401811,-0.28456238,-0.38408843,-0.5489553,0.43820408,0.043021813,-0.12676187,-0.037637174,-0.10857823,-0.06904155,0.16296655,0.19201356,-0.27230266,-0.08600026,-0.016073303,0.04409133,0.13446932,-0.12587482,-0.0035025605,-0.16155162,0.52624106,-0.50086546,-0.00048493297,0.26674947,0.36952305,0.088197306,0.12199233,-0.075746134,0.3023495,0.711276,-0.0369966,-0.35068843,0.20304845,-0.37735492,-0.47456065,0.23850216,0.0057266676,-0.0049174987,-0.6196269,-0.24787657,-0.020988893,-0.14264555,0.3837791,-0.25750518,-0.23461,0.098953396,0.3261658,-0.5010067,-0.43113834,0.006757664,0.31593457,0.028083948,0.28212634,-0.34643322,-0.08053691,0.28138018,-0.1901246,0.066158995,0.11319947,-0.07178933,-0.052625157,-0.6337398,-0.1695989,-0.2502981,-0.078701094,-0.76688635,-0.41411975,0.1011745,0.14581066,-0.38453233,-0.38678673,-0.16249308,0.34332776,0.13333333333333336,0,0,1,0,0,0,0,1,1,1,1,0,0,1,2,0,0,0,0,0,0,0,1,0.0,0.0,0.0,-0.13333333333333333
-0.2874017,-0.0024829844,0.2523068,-0.06751751,0.18313764,-0.23790625,-0.2519116,0.15749939,-0.12631878,-0.28225708,0.42596695,-0.068006545,0.21495314,0.45450222,-0.071061485,0.18972082,-0.08186212,0.24851826,-0.15504238,-0.28806278,0.39497906,-0.29105052,0.17478298,0.061367754,-0.0027186018,0.12347549,0.08169321,-0.14661881,-0.19872336,0.29153657,0.22679554,0.17653872,-0.11120868,-0.12041927,0.0016922865,-0.20107986,-0.20484763,0.11341704,-0.13246128,0.19624023,-0.12650198,-0.29202718,-0.18990141,-0.414184,-0.4520773,-0.111807674,0.21021187,-0.71935815,0.2556832,-0.17984486,-0.5782359,-0.4457521,-0.60256773,-0.30686384,0.021709928,0.13272978,0.41157064,-0.5429487,-0.3171847,0.17233528,0.478938,-0.09058407,0.023772527,-0.14274853,-0.26418403,-0.60388386,0.015888799,0.07611832,-0.48102915,0.31378695,0.063611306,0.4420317,0.11194147,0.0017501735,0.07608428,-0.36001766,-0.21008518,0.5396724,-0.084463656,0.16857462,0.27467418,0.28756574,0.21656671,-0.009503786,0.2629092,0.30344966,0.0050543845,-0.11060494,-0.18004596,0.833099,0.16043468,-0.1252961,0.31509876,0.07090045,0.2751895,-0.6484967,-0.083681814,-0.1314198,0.12918232,0.3575471,0.27394545,-0.04264711,-0.26417768,-0.4814294,0.024926972,-0.16542582,-0.19274747,0.2625159,0.037309617,0.23509736,-0.18311703,0.28299165,0.2532835,-0.27609748,-0.29043084,0.13580553,-0.012593349,0.24824075,0.7106365,-0.16949093,-0.529222,0.4875135,0.39420798,0.10165882,-0.004268595,0.17589708,0.1733184,-0.23524609,0.32579827,0.28186032,0.37942284,0.44051254,0.20034039,0.16185726,0.14842956,-0.3599018,-0.20180662,-0.43943173,-0.18878464,-0.35380137,-0.42959756,-0.33953774,0.23809318,0.35123566,0.06142104,-0.5289557,-0.16147739,0.04983544,-0.15368435,0.1547764,-0.38897073,-0.14686593,-0.4095291,-0.22947684,-0.54364586,-0.28129667,-0.7129512,0.09410403,0.27378735,0.37115914,0.17412934,-0.27596587,0.047741156,0.11268525,0.41021976,-0.12426595,0.28101254,0.3331288,-0.44415,-0.20290704,-0.22084717,-0.238132,0.2802939,-0.2489556,0.48070905,-0.06097352,0.09682002,0.03317965,0.2592245,0.028875155,-0.508442,0.1657197,0.3057632,0.18835674,0.24334541,0.18806316,0.4878907,-0.30196488,0.78338456,0.099417284,-0.1910087,0.117788956,0.4754263,-0.19606094,0.28768086,-0.38424468,-0.0060107815,-0.47016335,0.16339661,-0.098098315,0.04672985,0.17038366,-0.5105278,-0.11264894,0.008393838,0.63278395,-0.21189678,0.019297391,-0.51970625,-0.03334432,-0.014923041,0.5544937,-0.7045974,-0.1689752,0.20212486,-0.21946037,0.025179079,-0.24178742,0.73453486,-0.02694002,0.46618068,-0.40233955,-0.47788715,0.3744286,-0.58122224,0.9571873,-0.016739797,-0.24742086,0.2869399,-0.2842864,-0.14275265,-0.16319019,0.4933288,-0.4581592,0.1787722,0.46418664,-0.25878403,-0.13480572,-0.3062825,0.23307124,-0.2617583,0.51354563,0.29353246,-0.14163522,-0.11182922,0.44133878,-0.005746694,-0.61986434,-0.3080958,-0.43067604,-0.28340253,-0.49709678,-0.14489841,-0.37362605,-0.19142115,-0.15923679,0.26710954,-0.012486555,-0.2294785,-0.55738115,0.291274,-0.22883922,-0.005446645,-0.056235638,-0.3856629,-0.19682817,0.07517388,0.19404772,0.19518319,0.1457442,0.20409426,-0.07656225,0.49341092,0.31294954,-0.15873104,0.09306592,0.4223933,-0.006262369,-0.3409121,-0.6144391,0.2736144,-0.08331558,0.19940586,0.19591002,0.029871693,0.0380918,0.47932443,-0.2662807,0.037747946,-0.6337874,-0.1210847,0.0039558457,-0.32118323,-0.20354863,0.3866793,-0.090011984,-0.74486077,0.31004,-0.4191118,-0.3922885,-0.66940653,0.11218608,-0.23246545,0.15026136,-0.58606374,-0.3806704,-0.33141595,0.09669773,-11.971394,-0.6756965,-0.5002171,0.016035138,0.23184502,-0.36646745,-0.18920192,0.16387728,0.09680175,0.14636555,-0.12490202,-0.3625341,0.42538524,-0.1662313,0.34399587,0.664063,0.53662735,0.03493677,0.0951801,0.36281002,0.07873816,-0.22724935,0.79882044,-0.2169289,0.35345024,0.37090072,-0.06131877,0.002995541,-0.18702458,-0.57171804,-0.26018098,0.24166077,-0.21474093,0.6623719,0.40572137,-0.16086355,0.031479694,-0.11215723,0.103137754,-0.25636947,0.33535826,-0.33207452,0.033018902,-0.055853833,0.44094598,-0.16820776,-0.33096105,0.002464602,-0.1006797,0.2340252,-0.4727272,-0.19332857,-0.16747074,-0.29310605,0.26092875,-0.43940943,0.15421592,0.61224866,-0.20629679,-0.22430672,0.14598164,-0.4895913,-0.22926092,0.12147191,-0.29401913,0.17399448,0.16489062,0.08445341,-0.054535512,-0.094161555,-0.047270242,0.059401594,0.5879079,-1.5493885,-0.17567575,0.11196199,0.050583906,0.5841729,-0.11024029,0.13877067,-0.3385827,-0.34385732,0.11982046,0.059259836,-0.24371499,-0.34521976,-0.06882355,-0.25210607,-0.30172428,0.3536254,-0.25627837,-0.4293459,0.7061868,0.14932667,-0.07723734,-0.31581563,0.53729475,-0.6239164,0.09397384,0.41675824,0.41374314,0.51197565,-0.010269701,-0.20925547,-0.28337252,0.48856342,-0.14985907,-0.20996366,0.036372975,-0.0027113373,0.2705505,-0.47405526,0.09944025,-0.12070571,-0.31696364,-0.003401531,-0.03315853,0.25209665,-0.44996095,-0.34696257,-0.3731145,0.07295747,-0.46199372,-0.8964969,-0.47202432,0.2377446,-0.58484423,0.41348186,-0.63060325,0.24612015,-0.16075554,0.0031397545,-0.10451432,0.21287197,-0.44608438,-0.4535232,-0.16205782,-0.24947605,0.31993508,-0.30193242,0.44569075,0.26037145,0.54992455,0.27684593,-0.26746362,-0.47433093,0.49962914,-0.1178652,-0.4825142,0.1888906,-0.19501051,-0.9542871,0.5773199,-0.018140225,0.23546778,0.15254928,0.060157813,-0.4409257,-0.07599665,-0.6308998,0.1985031,-0.46100357,0.20521137,0.07755989,0.27461314,-0.016748006,0.2494792,-0.07050819,0.4258683,0.32083642,0.042451452,-0.2979284,-0.41663915,0.24421263,0.05911591,0.33658746,0.3069925,-0.276078,0.27082324,0.037986137,-0.12997922,0.30270302,0.047335092,0.006267664,0.6314768,0.06113616,0.19477496,-0.14275634,0.3415752,0.26484573,-0.45841685,0.74740744,-0.09127589,-0.26342005,0.33057708,-0.145006,0.5087992,0.049924582,0.1650528,0.6756807,0.32224312,0.14413051,-0.08939114,0.038150027,0.059214335,0.10164263,-0.0049444367,0.39173383,0.29487592,-0.25818527,0.115926765,-0.34252998,-0.013794002,0.06808076,-0.09770993,0.12417572,-0.043504864,-0.16514368,-0.714117,0.16673648,-0.30226478,-0.11225088,0.21079868,0.015768206,-0.24769539,-0.41611275,0.64056015,-0.20102301,-0.44332322,0.012104647,0.02867283,-1.3429267,0.47611398,-0.30676427,0.32136682,0.20442833,-0.15425624,-0.10608529,-0.06877532,-0.37709114,-0.9850048,-0.3005656,-0.44749328,-0.4137012,-0.28389752,-0.18679649,-0.20733634,-0.16028821,-0.3648679,0.021576557,0.4236043,-0.094272226,-0.22369424,0.10166355,0.17629103,-0.3995312,-0.5609082,0.065788895,-0.28678754,0.5858427,-0.13601628,0.061756425,0.0067838742,0.09429291,-0.045028657,-0.11448626,-0.13266145,-0.029459639,-0.09913791,-0.09301982,0.12551431,0.165151,0.44214743,0.0030443645,0.07117079,8.505881e-05,-0.13424946,0.14851354,0.39100635,-0.013443614,0.12693562,-0.45105857,0.23726775,-0.11177714,0.33837074,0.37532735,0.10422076,0.157593,-0.15166721,0.37446675,0.3559482,0.1517241,-0.7993102,-0.07378837,0.06776002,0.25855824,0.74637,-0.71550363,0.48805743,0.350177,-0.10686169,-0.40370196,0.3261663,0.525594,-0.3042699,0.24592385,-0.002583437,0.37850007,-0.32109386,0.16589738,-0.21754195,-0.04294919,0.81428605,-0.027107887,0.02440336,-0.8396946,-0.04287335,0.31014404,-0.055133194,0.06577174,-0.10352934,0.34620935,0.57925385,-0.14661795,-0.4248417,0.37381822,0.05610404,-0.6532023,0.1553585,0.10738502,0.0021361464,-0.23593433,-0.3499006,0.19462553,-0.14615907,-0.18829067,-0.18659396,-0.006273151,-0.19113444,0.68223894,-0.056266986,0.194101,0.07764037,-0.13276389,0.45924735,-0.15787062,0.18081415,-0.31757697,0.71913636,0.41389775,0.024234697,-0.12745121,0.032968447,0.3491703,-0.26195893,-0.09047432,-0.08141323,-0.29180348,-0.2637787,0.58561814,0.67861384,-0.23107013,0.1343542,-0.24722624,0.13055135,0.13747205,0.024344683,-0.16203493,-0.07075564,-0.2786227,0.0010943243,-0.6233662,0.4033482,0.58504796,-0.43418652,0.23354585,-0.116203375,-0.07117019,-0.40865248,0.11817982,0.045157205,0.13754997,-0.32424638,-0.25701818,0.23382276,-0.34193218,-0.33532342,-0.16425192,0.028366726,0.14416373,-0.23162742,0.28685907,-0.2724978,-0.21725483,0.3936218,-0.36730695,0.3029702,0.00018588812,0.27829865,0.07743266,0.31050858,-0.26105082,-0.03360557,-0.02936043,-0.013362298,-0.06535361,-0.27023605,0.3314047,-0.23357488,-0.59169734,0.12797731,0.6299039,-0.041099995,-0.022555454,0.45934638,0.13215119,-0.11765371,-0.40316242,-0.15551162,-0.28440526,-0.56014407,-0.3925054,-0.06099755,0.12941991,-0.18044621,-0.37614077,-0.18005653,-0.3036308,0.085326366,-0.0056869593,0.09076337,0.30200723,0.75098586,0.028405871,-0.39472473,-0.33586207,-0.16556688,-0.43091905,-0.0057250685,0.25667563,-0.02170737,0.028539037,-0.013299083,-0.09771865,0.046073243,-0.13338195,0.15262622,-0.3095681,-0.26094732,-0.385735,-0.7456556,0.054835334,-0.032652102,-0.06587508,0.020748992,0.28318006,-0.16685463,-0.31199256,0.36638433,0.30783826,0.07777777777777779,0,0,0,0,0,0,0,0,1,1,1,0,2,0,4,0,0,0,0,0,0,0,0,0.0,0.0,0.0,0.0
0.320805,-0.3424845,0.30561602,-0.009395449,0.4565283,-0.07141294,-0.10139539,0.45369694,-0.42160106,0.32202882,-0.015955241,-0.5500114,-0.109582804,0.50375295,-0.07750109,0.3877467,-0.2455653,0.65490144,0.07118616,0.2456517,0.15024629,0.0032873442,0.01671034,0.124399215,0.32180366,0.06414341,-0.116160505,-0.15161332,-0.9288993,-0.21721089,0.6276235,0.32679832,0.31920454,-0.08424976,0.07240907,-0.57875437,-0.52499086,-0.2597184,0.022294335,0.3688,-0.1482578,0.04416544,0.3728587,0.1563025,-0.06089553,0.5222392,0.048743278,-0.25672475,0.26931968,-0.324906,-0.6281596,0.19098085,-0.25652337,-0.61416703,0.2549932,0.64336836,0.7552656,-1.0161401,0.2807702,-0.025945459,-0.01191537,-0.12393264,0.19945948,-0.27389237,-0.41193432,-0.27071914,0.23399277,0.7329752,-0.8096321,0.042070206,0.25399444,0.054565247,-0.31547233,-0.038275402,-0.0614661,0.43234852,-0.10894042,0.62487805,0.20239246,-0.25553894,-0.17671858,0.2739654,0.3707985,0.4906803,0.2941501,0.23327242,-0.036342073,0.06874041,-0.34471348,0.8242942,-0.13487582,0.26133165,0.2452073,0.08406851,0.28816426,-0.4088231,-0.8814011,0.019217066,0.015379643,0.22263232,0.45391205,-0.36489367,-0.05078164,0.21613082,-0.13391529,0.038791742,-0.3908682,0.05708052,0.074877016,0.053916074,0.23792328,0.30952057,-0.22461228,-0.56883776,-0.15891096,0.32842514,-0.08488833,0.060805947,0.3397842,-0.0407547,-0.01812601,0.62150544,0.040871676,0.40797728,0.3495081,0.25551283,0.16213824,-0.25590345,0.4978916,0.43752503,0.26183844,0.6984106,0.36624652,-0.31877425,0.20609531,0.35915473,0.13795449,-0.35515854,0.28477615,-0.2158781,-0.43991065,-0.55029863,0.15131405,0.32734022,0.49020463,-0.15201801,-0.41698727,0.057510443,0.03202826,0.63500845,-0.531259,-0.21060996,-0.18158644,-0.091842,0.37809655,-0.046492133,-0.07693906,-0.70399374,0.26866215,0.32554275,0.16457184,0.047163107,-0.3308873,-0.14340815,0.016536413,-0.38034946,0.105108865,0.60270464,-0.19913693,-0.18906942,-0.14370331,-0.58398247,0.19514057,0.1482341,0.45512345,0.5776791,0.19346891,-0.3520004,0.42784387,0.98278564,-0.4029026,0.07858889,0.3085543,-0.37230137,0.15153576,-0.136535,0.79744494,-0.4250612,0.5663683,-0.055193294,-0.44873294,-0.40971318,0.16379409,0.024223544,0.33897662,-0.51858306,-0.06283689,-0.22584695,0.7483793,-0.30674037,0.047503706,0.31612995,-0.12167563,-0.5530001,-0.6266253,0.34736344,-0.18813288,-0.5519519,-0.6063876,-0.09964163,-0.06874409,0.5155093,-0.34185392,-0.023306197,-0.015310146,0.3404352,-0.19107868,-0.31100592,-0.16421959,0.21478258,-0.5171228,-0.36555034,0.037586883,0.20960431,-0.15167841,1.3539894,-0.053159848,-0.3592856,0.39581928,0.07788695,0.039709024,-0.06291428,-0.11157199,-0.5821509,0.20512845,0.3394278,0.04124478,-0.5464674,0.032541588,-0.0760094,-0.4193577,0.5767632,0.27574435,-0.24220592,-0.23541853,0.2677732,-0.41047856,-0.25779477,-0.43611968,0.10037118,-0.3992341,0.11912691,-0.43639985,-0.45070148,-0.04438133,-0.28085625,0.1308352,-0.0965491,-0.44456238,0.15842654,0.09718862,0.21875504,0.097408876,-0.037429925,0.2110223,-0.56574076,-0.027837776,0.02642406,0.67051446,0.065227784,-0.1897637,-0.35682654,0.06314572,0.6590472,0.18076698,-0.38207167,-0.026073778,-0.18021303,0.14434554,-0.347434,-0.0915868,0.54997724,-0.39348987,-0.017429987,-0.5037905,-0.06788021,0.5359699,0.111253805,-0.13525133,-0.051896404,-0.19325265,-0.0035919624,-0.100887366,0.29241285,0.7656822,0.3960124,0.22988512,0.30869073,-0.3044901,0.037528586,-0.395485,0.057056133,-0.09866201,-0.19052504,-0.24106632,0.015164967,-0.08788736,-0.4798418,-9.118851,-0.17794113,0.10493221,-0.41706756,0.000105505285,-0.312837,-0.026387405,-0.3058156,-0.2155317,0.03685261,-0.14764346,-0.31418002,0.15909445,-0.3171097,-0.2926753,-0.39337704,0.52849,0.0027980094,-0.35127664,0.14703858,-0.53821486,-0.37472734,0.12491696,0.10205011,0.32546762,-0.07993141,0.09835652,0.07686634,0.35131443,-0.41588888,-0.36282584,0.33273438,-0.12000102,1.0385797,-0.2394722,-0.093791895,0.00081336853,-0.371894,-0.0011048389,-0.11963847,0.08036242,-0.25450468,-0.19003023,0.118989974,1.0958425,-0.28577542,-0.023746312,0.2018707,-0.05268863,-0.27151793,-0.07769764,-0.48015746,0.036236044,-0.16800265,0.048848882,-0.12976523,-0.09724214,0.7237532,-0.11191828,-0.3322665,0.70251054,-0.19945377,-0.22220181,0.15807158,-0.13972184,0.055671778,-1.0377802,-0.703461,-0.24230614,-0.22331497,-0.37034896,0.5133075,-0.07271196,-1.4532349,0.04460434,0.04848491,0.12505303,0.222489,-0.43358243,-0.40019345,-0.82693624,-0.015652694,0.1272461,-0.25122505,-0.17433219,-0.81273484,-0.10099428,-0.51359904,-0.34123555,0.32201612,-0.051592916,0.03202,0.22644159,0.36758533,0.056607634,-0.10654832,0.69787544,0.077685215,-0.08325923,0.49245313,0.23781067,-0.1318294,0.8083406,-0.4291175,-0.3336507,-0.007508241,-0.31085902,0.36106968,-0.39247552,-0.07501758,-0.2734287,-0.032478362,-0.5055737,-0.080240086,-0.089918196,-0.24285528,0.13241184,0.5022307,0.19000101,-0.525267,-0.35720906,0.42593005,-0.24151249,-0.8298732,0.3485017,0.022857578,0.018824302,0.07777024,0.10371195,-0.34130067,-0.10591476,-0.28332448,0.06634839,-0.13728431,0.54522896,-0.5189615,0.1095152,-0.05870287,-0.29994032,0.15643057,0.120409414,0.15927611,0.24143814,0.06181736,0.3021291,-0.13682823,0.20273481,-0.0007858386,0.25668368,0.49650455,-0.6548433,-1.2938114,0.21610862,-0.0412174,0.28842166,0.43315968,0.21873446,-0.47866142,-0.04559382,-0.4788738,0.21816891,0.03970786,-0.0035179032,0.20510933,-0.48711914,0.03320328,0.22137132,0.30864972,0.070540324,-0.28662634,-0.26593456,0.5504259,-0.13488121,0.06831724,0.044581953,0.42243108,0.27886727,-0.28726777,-0.3424559,0.76051635,-0.1068927,0.5241472,0.24292105,-0.24425617,0.3456945,0.04291677,0.3504951,0.46156514,0.39703563,0.43890777,-0.7196518,0.6603556,0.015225271,-0.39226556,0.3958511,-0.41037223,0.5779421,-0.13938743,-0.16523083,0.2110307,-0.2572335,0.08060884,-0.51270676,0.06882835,-0.32300925,0.13046917,-0.082247354,0.5104789,0.083875954,0.23895445,0.216863,-0.48666778,-1.0683125,-0.5290684,0.47005618,-0.38814163,-0.4292122,-0.28001097,-0.65549135,0.117830075,-0.13603444,0.106711365,0.004768456,0.1529999,-0.17002992,0.01021432,-0.04839068,-0.3585219,-0.02224647,-0.3403841,-0.16835,-1.528355,0.2944358,0.15084718,-0.048296403,-0.23940106,0.12067297,0.07195344,-0.047438446,-0.43308976,-0.19017057,-0.7783224,-0.17192668,-0.77978295,-0.2638747,0.11452343,-0.44509372,0.20482536,-0.41729134,0.018253675,0.2391993,-0.199221,-0.29811347,-0.23561424,0.16514349,-0.9001419,0.12183132,-0.35819772,-0.06811307,0.290059,-0.30260518,-0.0144778155,0.102478854,0.38566,-0.09222664,0.17602438,0.25740498,0.31882536,-0.39062968,-0.4471134,-0.2534461,-0.4528614,0.10151123,0.35019258,-0.3595593,-0.14079268,-0.29558694,-0.68978167,-0.17407943,-0.17889427,-0.5060931,-0.0708255,0.4996147,-0.36130524,0.5906494,-0.27881128,0.057876814,0.30168062,0.2517413,-0.17705686,-0.0052550156,0.41138688,-0.24768382,0.1782348,-0.40138245,0.4766814,0.39285254,-0.032617617,0.30095258,-0.08368442,-0.2913962,-0.46746296,0.736531,0.4620432,-0.03037141,0.06558928,-0.042223673,-0.347684,-0.3027975,-0.735467,-0.4452755,0.13698821,0.5764116,0.44762707,0.23538986,-0.28457618,-0.53632116,-0.23353048,-0.47287914,0.35185856,-0.30487856,-0.008399465,0.8745842,-0.15334891,0.024612237,0.055463705,0.56758165,-0.24922311,0.24375957,0.07397001,-0.36087525,-0.06845249,-0.0024664963,0.4174126,-0.028444316,-0.35101786,-0.055152796,-0.11189783,-0.62704915,0.19946888,0.29232046,0.30178937,-0.42786622,0.2710924,0.0261684,0.15822245,-0.3172221,0.48061913,0.08628291,0.35007468,-0.39438033,-0.060878433,0.11436592,0.31975964,0.25127947,-0.22851455,0.1927101,0.25877944,-0.17136608,0.33915755,0.36861932,0.09585907,0.25749654,-0.7301496,0.2016079,0.42909145,-0.059554283,0.020828411,0.2965936,-0.1180491,0.39248317,0.18689127,-0.014277191,-0.14572373,-0.06220109,-0.21822445,0.1577261,-0.0418206,-0.29086864,0.057090808,-0.47893494,-0.07277018,-0.18259825,-0.020411925,-0.1603817,-0.36432564,-0.2669265,0.13021529,-0.11088433,-0.27808756,-0.46033645,0.765794,0.36336514,0.31870577,-0.40134418,-0.055949077,0.29279685,0.124452725,0.34903175,0.2306264,0.018683301,-0.08916813,0.0058490797,-0.26035276,-0.21367577,-0.30207014,-0.4730075,0.22006151,-0.83160955,-0.26790902,0.36531562,0.2601093,-0.019700324,0.37286127,0.008922293,0.23087783,0.4910506,-0.3969646,-0.32105008,-0.15889508,-0.1771399,-0.73278344,0.12130918,0.45948365,0.041421477,-0.06945958,0.06483755,-0.16526629,-0.16393557,-0.32032922,-0.56692195,0.4785581,0.35283133,-0.044348285,-0.48414648,-0.03052466,-0.07689875,0.33388734,-0.16093002,0.11655592,-0.3959291,-0.11111239,0.21269946,-0.5204858,-0.020101076,0.3596677,0.08594356,-0.00096999225,-0.5834375,-0.49959505,-0.062114034,-0.10388399,-0.33655572,-0.31096986,0.5915294,-0.20913687,-0.15014482,-0.402341,-0.07075385,0.210406,0.0,0,0,1,0,0,0,0,0,0,0,0,0,0,0,1,0,0,0,0,0,0,0,0,0.0,0.0,0.0,0.0
0.31839526,-0.3950827,0.3093395,0.055619463,0.50657225,-0.053931117,-0.09578351,0.45018184,-0.38697335,0.31188893,-0.00013330013,-0.5998439,-0.2636837,0.44981804,-0.10830888,0.41992664,-0.32092354,0.6812697,0.20984045,0.21050201,0.05243586,-0.057076152,-0.06079548,0.11479755,0.1698936,0.18250616,-0.0865378,-0.17554708,-0.939024,-0.0826114,0.5040318,0.34390378,0.2939492,0.0065900683,-0.05291787,-0.47354016,-0.53308547,-0.27581424,-0.031661566,0.29981855,-0.11026488,-0.012636052,0.41351235,0.17083544,-0.109202,0.57276475,0.08160826,-0.10189623,0.3292953,-0.5073153,-0.73919696,0.18532242,-0.24702787,-0.5761256,0.22464801,0.56036687,0.7384502,-1.1054345,0.3409079,-0.065585434,0.003936749,-0.22410883,0.19635437,-0.29514158,-0.41386813,-0.32716367,0.2128703,0.7508784,-0.8764521,-0.12737457,0.1903029,-0.14285105,-0.38706076,-0.046123005,-0.101851694,0.39736405,0.004083461,0.5455285,0.18508096,-0.13693562,-0.25644198,0.40930817,0.29169053,0.5402166,0.23810129,0.29296446,-0.11346506,0.1483924,-0.16170168,0.6865213,-0.1774406,0.21343674,0.3423869,0.08109591,0.174758,-0.30457866,-0.8741776,-0.016438112,0.109725036,0.26794043,0.4603825,-0.461207,-0.10267002,0.20009302,-0.16675563,-0.07233222,-0.30969304,0.013702094,0.23021962,0.052413877,0.28242514,0.2435872,-0.18068151,-0.60525995,-0.08936054,0.505218,-0.084828824,0.06963487,0.29390115,-0.17051311,-0.09459557,0.63105184,0.09485758,0.4272438,0.37120402,0.3226432,0.22982012,-0.16905159,0.4370537,0.45016655,0.15156344,0.7134023,0.4099714,-0.2331627,0.08349892,0.3609991,0.06944844,-0.29841852,0.29953006,-0.37141606,-0.3933969,-0.47895622,0.021498457,0.30132824,0.5331577,-0.061894525,-0.34215346,0.08621857,0.059028808,0.5749973,-0.5061268,-0.16112822,-0.3062638,-0.21331531,0.397707,-0.10590291,-0.14672053,-0.7361319,0.285347,0.33827195,0.2141507,-0.04337629,-0.19254439,-0.20709543,-0.10676044,-0.30192405,0.18605489,0.6597925,-0.21696514,-0.12199118,-0.2770069,-0.61173826,0.18330497,0.23877715,0.5270551,0.41648698,0.1325715,-0.3925186,0.5399518,1.0193663,-0.3922261,0.06266208,0.40109122,-0.2135777,0.1429759,-0.09739707,0.8381955,-0.3947094,0.60489243,0.002520771,-0.4518272,-0.28120765,0.16020522,-0.098433666,0.24841255,-0.538925,-0.017201597,-0.11048241,0.6913935,-0.25762787,-0.056922097,0.5253793,-0.039705027,-0.5260689,-0.6128126,0.41507244,-0.08491016,-0.5838535,-0.67425406,-0.16760592,-0.084004804,0.44185954,-0.27429414,0.0426703,-0.15101849,0.21234533,-0.2725374,-0.3074728,-0.21068616,0.1257497,-0.54494894,-0.5495714,0.086081274,0.08557247,-0.24186473,1.2660203,0.020409083,-0.28609535,0.33909744,0.109816134,-0.013169816,-0.041957963,-0.16711196,-0.6396251,0.18041168,0.37944975,-0.027471049,-0.5678583,0.15897706,0.018074106,-0.48077115,0.6342283,0.22119547,-0.11132327,-0.1230185,0.291412,-0.26628786,-0.23177387,-0.36226323,0.2708921,-0.36638522,0.023135327,-0.43251407,-0.4678631,-0.07089018,-0.3778964,0.22068782,0.09618023,-0.41919553,0.19488283,0.16762155,0.21278904,0.08993121,0.066296965,0.25072965,-0.61275965,0.042518474,-0.06578876,0.6379501,0.013914859,-0.21389817,-0.36878052,0.1952763,0.6075132,0.2947183,-0.35996115,0.12448159,-0.14547831,0.14679609,-0.47422993,-0.1930539,0.6072594,-0.445459,-0.069750816,-0.51190275,-0.13331988,0.49512932,0.0175124,-0.08125948,-0.037775174,-0.061847348,-0.038519386,0.04871607,0.1454849,0.6744327,0.27822852,0.21523508,0.31302142,-0.37759212,0.06524957,-0.476857,0.15495524,0.050102238,-0.16843718,-0.21266522,0.04322992,-0.1463235,-0.58939964,-9.441309,-0.07124573,0.21991228,-0.3748482,-0.007219637,-0.2921527,-0.0245639,-0.16093545,-0.29783967,-0.056024842,-0.1541577,-0.29779306,0.025537124,-0.35157993,-0.29882276,-0.43508992,0.4935138,-0.003938541,-0.31126052,0.18529004,-0.4375358,-0.42068732,0.09399594,0.13539176,0.37514043,-0.12299445,0.10657649,0.067303844,0.44473308,-0.4002631,-0.38545,0.2527847,-0.112542465,0.9936253,-0.27591458,-0.07794638,-0.023760967,-0.4272652,-0.0679786,-0.17749207,0.22328405,-0.13427079,-0.10363491,0.14591426,1.0921787,-0.41266254,-0.15069173,0.098650895,0.013102675,-0.38343132,-0.029707603,-0.3421292,-0.1295185,-0.18709095,0.042884186,-0.1628943,-0.2480327,0.67254335,-0.10047476,-0.38445863,0.6745066,-0.30098772,-0.23214073,0.1201462,-0.1578118,0.04101907,-1.0007108,-0.7238522,-0.27040583,-0.18184926,-0.30986354,0.40161777,-0.112211294,-1.6062627,0.09579055,-0.015874606,0.13204922,0.14477225,-0.32690853,-0.3914621,-0.9142586,-0.015352596,0.1797853,-0.24975577,-0.16656381,-0.76222384,-0.16397776,-0.38095415,-0.20824441,0.44736558,0.025619773,0.07824318,0.15832518,0.3582843,-0.013503207,-0.0915554,0.5239668,0.19451116,-0.1341493,0.61423445,0.17873678,-0.27393612,0.63816255,-0.3649766,-0.3105123,0.12318465,-0.3608926,0.46276656,-0.2935065,0.06564305,-0.3531407,0.14704172,-0.5217936,-0.20765547,-0.25034642,-0.22018023,0.22265469,0.4843568,0.17244953,-0.331366,-0.3602494,0.41024274,-0.17946507,-0.75871205,0.30817103,0.17871484,0.04020652,-0.10471815,0.1428389,-0.38988656,0.035929427,-0.29410735,0.025020534,-0.13551562,0.48067474,-0.36961988,0.05704873,-0.05647273,-0.46465448,0.24872726,0.14483076,0.19557525,0.33279964,0.094313204,0.33909228,-0.09804827,0.30067265,0.068677105,0.2702597,0.49657363,-0.70640916,-1.290261,0.19036578,0.054967392,0.39839423,0.44059122,0.19417638,-0.49840823,-0.08594749,-0.5214312,0.26504245,-0.032880582,-0.0043899417,0.11242619,-0.40788487,0.04736144,0.32648194,0.14592975,-0.0818256,-0.17812824,-0.20389687,0.55264395,-0.16316366,0.053984746,-0.062073626,0.27589503,0.16213562,-0.09044304,-0.2918138,0.85867846,-0.06255781,0.48770633,0.09586565,-0.3520812,0.31351617,-0.15293388,0.3090671,0.4731331,0.16241337,0.45816296,-0.7071007,0.68041414,0.05766667,-0.4570344,0.42723653,-0.49553257,0.6007045,-0.13708039,-0.22486863,0.42921716,-0.19045696,0.10634507,-0.4806672,0.22203699,-0.2878724,0.107927226,-0.059145194,0.48928848,0.060215645,0.13952497,0.17683908,-0.4593082,-0.98259735,-0.45765227,0.31885934,-0.343001,-0.33924836,-0.3849066,-0.5732459,0.116605066,-0.272521,-0.092763446,0.09314565,0.0981234,-0.25001085,-0.049226303,-0.08388925,-0.43353093,0.088461116,-0.22610015,-0.040536895,-1.5225366,0.25027823,0.20566621,-0.104993895,-0.320669,0.13708988,0.11250454,-0.123216964,-0.32645166,-0.256606,-0.7149473,-0.18192378,-0.595738,-0.2148642,0.041241217,-0.4382599,0.17789602,-0.33303455,0.12966564,0.15615568,-0.12880191,-0.24843769,-0.34354192,-0.011559895,-0.8408587,0.20406803,-0.47775927,-0.0024580108,0.20982309,-0.28503314,0.06663701,0.03686689,0.26854062,-0.061817035,0.11804322,0.3467849,0.32555583,-0.23025885,-0.31897992,-0.10474143,-0.46495795,0.14887522,0.38993317,-0.34665024,0.033890534,-0.35135216,-0.70568955,-0.053606182,-0.111887515,-0.45957115,0.003251491,0.37283477,-0.34805134,0.47218105,-0.24460506,0.19757824,0.32174918,0.2701975,-0.20479046,-0.061090942,0.40502006,-0.1657486,0.25876108,-0.42721066,0.5294716,0.32258153,-0.098092444,0.13780671,-0.15605693,-0.16832854,-0.4410188,0.82022375,0.45267987,-0.073318474,0.09279435,-0.019023824,-0.20304374,-0.34388256,-0.6886741,-0.49560884,0.034918636,0.53608096,0.31383795,0.06935678,-0.28243345,-0.34085494,-0.29117635,-0.4415533,0.39020002,-0.2862782,-0.045517396,0.8697043,-0.2846512,0.08032355,0.03952716,0.6920324,-0.25520027,0.24650508,0.14891453,-0.3206745,-0.112432346,0.065014906,0.45734105,0.079477005,-0.48877025,-0.07560697,-0.06951112,-0.6589762,0.23856978,0.41833088,0.13201493,-0.4227227,0.16218954,0.025930712,0.20746866,-0.11595035,0.29666436,0.034903575,0.3879027,-0.35257453,-0.17451102,0.059260216,0.34881455,0.36592674,-0.2834759,0.120406196,0.2762625,-0.20624207,0.33216584,0.42131856,0.119406134,0.16561836,-0.6723363,0.19476093,0.47095683,0.038162764,-0.09034783,0.34318757,-0.27423608,0.2849894,0.23909432,-0.023890307,-0.011414974,-0.109292075,-0.26375937,0.067747444,0.111579925,-0.24549335,0.08187894,-0.35771343,-0.15601887,-0.1292265,-0.10516225,-0.050306283,-0.37371072,-0.25091767,0.1926051,0.016288219,-0.3057241,-0.3820647,0.75067186,0.30741063,0.24357076,-0.42067719,-0.07480412,0.3428043,0.12625925,0.19607809,0.44246617,0.1290547,-0.257037,-0.023670794,-0.22842865,-0.26830018,-0.22830765,-0.34533632,0.19305971,-0.7125734,-0.29666656,0.34538183,0.21716085,-0.027620774,0.43789247,-0.05129498,0.15327647,0.46754402,-0.3406918,-0.35764214,-0.18603918,-0.2752794,-0.6150919,0.14823076,0.47050792,0.047896396,0.17007236,0.023153571,-0.17254645,-0.117255785,-0.16702119,-0.6837046,0.5380729,0.36960694,-0.06986936,-0.41393515,0.04130138,-0.057788502,0.31240472,-0.071890675,0.058827415,-0.39005092,-0.13734287,0.15210375,-0.6927705,0.08840278,0.2861251,-0.079259,0.12777767,-0.6639451,-0.6112204,-0.17030607,-0.07614608,-0.3154632,-0.15055248,0.5801977,-0.27459678,0.03455277,-0.3016542,-0.053547114,0.217085,0.0,0,0,1,0,0,0,0,0,0,0,0,0,0,0,1,0,0,0,0,0,0,0,0,0.0,0.0,0.0,0.0
0.47221905,-0.19442831,0.57085615,-0.00215202,0.5014325,-0.17345935,0.14651269,0.5448485,-0.4425757,-0.27565837,-0.41202986,-0.084121056,-0.022853406,0.34492815,0.11514549,0.73330355,-0.27247173,0.46877518,0.017456844,0.17588858,0.49306232,0.06105224,-0.100478604,0.17684244,0.6273168,0.12896924,0.059811786,-0.45583114,-0.7461545,-0.29192516,0.1273115,-0.18983291,0.11853275,-0.128228,-0.45236,-0.8353664,-0.4335941,-0.08343493,0.5586629,0.5899065,0.22696678,-0.42929703,0.074428946,-0.08285118,-0.101597555,0.300411,-0.07750603,-0.055750202,0.08974712,-0.27019233,-0.59585387,0.11644363,0.20233847,-0.26666623,0.4092298,0.31350434,0.4642564,-0.26983598,-0.4958955,-0.06885385,-0.38544095,0.20289283,0.31074494,-0.18789455,-0.1594337,0.083169416,0.23792192,0.60961646,-1.1976554,0.03371695,0.39051923,0.36761224,0.21692723,0.4577134,0.26447314,0.30531466,-0.13954666,0.75078934,0.39954707,-0.38466573,0.13332845,-0.15946072,0.4773708,0.35411346,0.117047966,0.0893816,0.19649641,0.13912383,-0.6439666,0.8451776,-0.496748,0.2516809,0.18526629,-0.035615183,0.9906894,-0.46617082,-0.48946255,-0.43684426,-0.31873524,-0.03900835,0.34648937,-0.40214282,0.050019458,-0.44304743,-0.44507724,0.18667112,-0.5376841,0.0046069827,0.12528363,0.22212948,-0.15809214,0.2038835,0.22256285,-0.6926719,0.16309586,0.08642186,-0.06822972,0.26365095,0.107113324,-0.14351925,0.16116591,0.121905014,0.27268058,0.095495135,0.48470157,0.075754926,-0.06560545,-0.28658244,0.027683558,0.5460222,0.94471925,0.38372084,-0.15270656,-0.3786967,0.32286647,-0.14807883,-0.044054307,-0.1370402,0.02801547,0.17488697,-0.3348583,-0.40388334,0.16321963,-0.035657123,0.17134258,-0.19184686,-0.20837626,-0.39807194,-0.25000516,0.30051148,-0.15600933,-0.39174914,-0.20541865,-0.37492397,0.4352812,0.012508744,-0.102112204,-0.045594893,0.15838738,0.19809759,0.04945638,0.25166208,0.06987915,-0.3109378,0.17945632,0.01676523,0.29302895,0.31588984,-0.07734267,-0.30903834,0.062484007,-0.6040865,0.7122149,0.12055829,0.15121718,0.5536672,0.25691074,-0.3602679,0.080783024,1.0059451,-0.76260257,-0.1166744,0.32820365,-0.6028375,0.24988474,-0.05827482,0.40724704,-0.47894078,0.44810927,0.24512646,-0.5308084,-0.07766657,0.03587726,-0.4842219,0.52347445,-0.19986942,-0.123839915,-0.4411016,0.328767,0.031642098,0.23660047,0.12476908,-0.055345125,-0.33611634,-0.64300627,0.37903768,0.05530858,-0.31203887,-0.6760264,-0.4043013,-0.36076573,0.13497837,-0.26464903,0.32181683,-0.2958914,0.0749613,0.12962013,-0.38465127,-0.13393903,0.39275146,-0.27457324,-0.31107327,-0.11291231,-0.31166136,-0.13951732,1.1538407,-0.07789586,-0.39182845,0.6776302,0.16031455,-0.4056083,0.055961203,0.046848524,-0.028363891,0.4562965,0.54086566,0.13960229,-0.3237579,-0.08024647,0.16073261,-0.4607731,0.48509023,0.1728092,0.030578863,-0.25903052,0.350526,0.014268883,-0.5650389,-0.16080047,-0.16993874,-0.122156456,0.29732162,-0.3951648,-0.010768304,-0.0770908,-0.2644769,-0.09372876,-0.18292081,-0.34769425,0.31032822,0.37608474,-0.39096916,0.17227171,-0.17709307,0.18090066,-0.43320763,0.077305935,0.052106813,0.6168706,0.49099755,-0.49056172,-0.239727,0.004906683,0.70224005,0.2666202,-0.46501532,0.17675523,-0.25229445,0.12149737,-0.28403586,-0.18457428,0.20887713,-0.049271196,0.012514676,-0.3101391,-0.16067524,0.37643415,-0.08518017,-0.4640017,0.11374344,-0.37540534,-0.036388624,-0.12326022,-0.03325135,1.0061843,0.36531746,0.13417587,0.13204838,-0.66897464,-0.01705982,0.03477232,0.023694271,0.0772143,-0.40213084,0.05369682,0.54409313,-0.3197169,-0.308654,-5.689625,-0.14644553,-0.21892384,-0.46389148,0.08323966,-0.41019437,0.06416355,0.057410784,0.21908489,-0.069590114,-0.041117106,-0.16157761,-0.051576193,-0.4911951,-0.09702921,0.0019161344,0.6601456,0.11674257,-0.26409036,0.31946373,-0.3076791,-0.2802945,0.37210563,-0.06321601,0.7419924,0.13653822,-0.2916343,-0.036526546,-0.03813367,-0.2338201,-0.30606744,0.029613812,-0.15182438,0.76437765,-0.1094981,-0.37331986,0.12355115,-0.58566046,-0.18420187,-0.26943702,-0.116086036,-0.40616524,-0.41292113,0.06485623,0.93659586,-0.62428814,-0.3239127,0.47168654,-0.09795018,0.014179506,0.05760069,-0.4989843,0.04689441,-0.4632057,-0.06949145,0.0051892577,0.0831716,0.7372857,-0.48488647,-0.2719093,0.707321,-0.23902628,0.031910382,0.24545725,-0.22518337,-0.3594182,-0.7918352,-0.42156774,-0.48900265,-0.12184838,-0.27632514,0.6169154,0.085125595,-0.72723603,0.031238792,-0.34731963,0.20896195,0.14876176,-0.5331348,-0.4168144,-0.6609299,-0.20983414,-0.10791533,-0.15217833,-0.51209646,-0.071246415,-0.20467603,-0.5182572,-0.44079944,0.31577364,-0.12180006,-0.072124965,0.20144995,0.22912836,0.08282156,0.025596118,0.59365773,-0.11247566,0.06184931,0.20109342,0.2873276,0.12978178,0.85154915,-0.20325755,-0.525943,0.118357964,-0.42617992,0.032544717,-0.046495494,-0.4513001,-0.012338633,0.21659352,-0.37477857,-0.19276951,-0.47541574,-0.48007545,-0.0042911367,0.06921934,0.15818226,-0.56006956,-0.6505566,0.08334694,-0.5055702,-0.25586274,0.35661998,0.30759266,-0.07170463,0.07868533,-0.250374,-0.19140552,-0.122848175,-0.23228753,0.2738896,-0.32741874,-0.001993074,-0.6158767,-0.039107244,-0.4821487,-0.35284448,0.08747506,0.48677444,0.39481553,-0.14178114,0.06521569,0.19380032,0.10232999,-0.0015370054,0.49778295,0.10537453,0.21917024,-0.3191528,-0.5435624,0.23734596,-0.36016446,0.27085742,0.15717725,0.5564804,-0.25609618,-0.47193116,-0.54525644,0.34797564,-0.2774827,-0.4810673,0.24994028,-0.044925667,0.17487268,0.4325681,0.24082543,0.31063873,-0.9077361,-0.038876843,0.790175,0.15988433,0.048394326,0.251982,0.52135336,0.53167754,-0.6657856,0.2180271,0.34824753,-0.010799693,0.27841872,0.37125862,-0.21775073,-0.058734488,-0.24458395,0.1711275,0.47895545,0.48363486,0.71105593,-0.42022544,0.3552119,-0.08956477,-0.40648076,0.14968383,-0.48363838,0.4723902,-0.32873234,-0.03956688,0.6479166,-0.45590684,-0.1597926,-0.98634887,0.37853405,-0.14401686,0.18553372,-0.11120196,0.28560245,0.71561277,0.16866696,-0.07236856,-0.44268012,-0.3069524,-0.6218469,0.4464427,-0.13918547,-0.22733936,0.07087058,-0.52978253,-0.13785547,-0.043745343,0.1193077,0.31726697,-0.056587987,-0.3018627,0.2792409,0.14857072,-0.36363715,0.11745825,-0.06764181,0.2160544,-1.4933805,0.015129579,-0.13535929,-0.06990985,-0.2760643,-0.3523878,-0.024155997,-0.08379905,-0.3859855,-0.08109818,-0.59936416,-0.23775578,-0.6875687,-0.26286697,0.31662464,-0.20399612,-0.13189554,0.05784002,-0.20370619,0.32605693,-0.44642556,-0.12815025,-0.6077305,0.4229284,-0.50933516,-0.25281772,0.14991632,0.07716745,0.10038123,-0.18297422,0.13379541,-0.027479982,0.07293551,-0.09999837,0.09554723,0.032602713,0.09542605,-0.14357458,-0.60505164,-0.2978772,0.06983519,-0.0115250675,0.65890175,0.16291964,-0.15909003,-0.49125442,-0.33999392,0.34409165,-0.30139896,-0.20111416,0.00974929,0.21498017,0.25934917,0.19480284,-0.23232692,-0.22304441,0.43669137,0.20981102,0.18134433,0.4716405,0.75541174,-0.28640944,0.008298751,-0.19253102,0.3425418,0.65501076,-0.0033049183,0.1093999,0.3264435,-0.6727169,-0.32860607,0.4185374,0.08912119,0.1812311,0.014982059,0.13147096,-0.24164154,-0.096216984,-0.30695593,-0.5487581,-0.16058391,0.43005863,0.7103566,0.14031392,-0.44102052,-0.78624934,-0.010150569,-0.4157858,-0.11916852,-0.14711313,0.2462189,0.779853,0.14310437,-0.04324063,-0.04190837,0.075845316,-0.1677422,0.082547635,-0.19888794,-0.50681704,0.27063277,0.013951781,0.38899744,0.37011564,-0.36278015,-0.30733857,-0.18937723,-0.27912655,-0.021269279,0.003227337,0.6205054,-0.27461252,0.49207744,-0.07013665,-0.046796456,-0.18355288,0.18161584,0.20265146,-0.018307386,-0.08921319,0.15287584,0.133931,0.118481606,0.5633753,0.03454916,0.211442,-0.411873,0.0010121301,0.6411913,0.35345283,-0.029111987,-0.022622842,-0.22158091,-0.036425877,-0.0419912,0.16439323,-0.042825766,-0.07816091,0.22830239,0.2049262,-0.025642026,-0.14876968,-0.332112,-0.31681663,-0.1486992,-0.067076586,0.0051969914,-0.52045643,-0.17807348,-0.45988202,0.014624805,-0.534465,0.017142491,0.40394652,-0.36466923,-0.033616394,-0.08561931,-0.46936038,-0.114037134,0.0246839,0.5569298,0.356433,0.18700394,-0.11204381,-0.34483367,-0.01331501,0.020843597,0.23561819,0.078908935,0.052713703,0.064116016,-0.23238912,0.030416049,0.14515932,-0.4863642,-0.055412956,-0.048683643,-0.4339421,-0.062341183,0.23575649,0.04583783,-0.09077631,0.32023498,0.20558976,0.31135425,0.52924675,-0.28662878,-0.5300988,-0.25756663,-0.12781367,-0.30450925,-0.16791058,0.65681136,0.1321834,-0.50249606,-0.28961545,-0.14758673,0.05484502,0.07197586,-0.5981915,0.16568694,0.27469897,0.2618053,-0.6211051,-0.50138646,0.30431756,0.10568378,0.22500473,0.17635748,-0.124911614,0.019727493,-0.073417395,-0.2733022,-0.27613133,0.1554457,0.3039231,0.17184561,-0.41591415,-0.63733023,-0.22481687,-0.32521027,-0.66626525,-0.47134015,0.14822161,-0.2151182,-0.6859181,-0.40124834,-0.22265694,0.20685898,0.0,0,0,1,0,0,0,0,0,0,0,0,0,0,0,1,0,0,0,0,0,0,0,0,0.0,0.0,0.0,0.0
-0.12820089,-0.071461104,0.47428918,0.01862695,0.1540002,-0.43809128,-0.20175564,0.68365425,-0.39610004,0.08223557,0.21060246,-0.40063667,0.18743116,0.3430897,-0.522314,0.49302834,-0.35997254,0.09093076,-0.069372095,-0.0021973685,-0.012466163,0.26123822,-0.14615023,0.06649838,0.045533277,0.40761963,-0.01183527,-0.1898839,-0.48333007,0.106416985,0.28395873,0.19987392,-0.05467767,-0.113402635,-0.40955186,-0.19553305,0.037981626,-0.07326173,0.06254332,0.065949515,0.08725559,-0.19736214,0.12123514,0.08527327,-0.05503427,0.06658313,-0.037042845,-0.3020868,0.15458599,-0.28507453,-0.4749847,-0.13765648,-0.08030875,-0.43073636,0.28891444,0.34344113,-0.22772321,-0.4947818,-0.18202667,-0.009680884,-0.13996021,-0.39752448,-0.15285408,0.14686601,-0.021286435,-0.3691259,0.2483212,0.11573234,-0.37019575,-0.031223338,0.124705985,-0.40732333,0.60855955,-0.108094685,0.351363,-0.1975787,-0.06924247,0.45821372,0.07373516,0.031609874,-0.27239704,0.3250495,0.07973578,0.1471908,0.3899704,-0.11437606,-0.20188133,0.20950468,-0.621832,0.826728,0.062055074,-0.53584474,0.25832042,-0.11486584,0.47141778,-0.4305433,-0.4095669,0.10242633,0.02492105,0.21500987,0.56202716,-0.77588683,0.28086188,-0.34091377,0.0647696,-0.1176155,0.30225286,0.2611606,-0.15443556,-0.21156722,0.2406561,0.16626963,0.21935795,-0.114543,0.026153142,-0.11719446,-0.32697025,0.43598378,0.25378993,0.05347055,-0.26547813,-0.19224125,0.112333424,-0.054743882,0.4307043,0.0042402353,-0.3426669,-0.18136227,0.018830031,-0.17351232,-0.06346337,0.35713342,0.439021,-0.13774608,0.24927601,0.26348615,-0.322772,-0.07214853,-0.44843045,-0.50522774,0.10479998,0.5508435,0.41092217,0.27225313,-0.2584659,0.052527312,-0.012463854,-0.40493506,0.06756041,-0.19410582,-0.20621912,-0.23831835,-0.32914734,-0.3180581,0.23063523,-0.1460506,-0.8067606,0.09750018,0.011593986,0.27238604,0.0632374,-0.04842058,0.26932728,-0.053865477,-0.031563044,-0.36496446,-0.2032987,0.1802885,-0.22079721,-0.30045465,-0.020844188,-0.10490385,0.7795274,-0.2828639,0.45346314,-0.07394642,0.19795199,0.0067098234,0.5083597,0.619339,-0.33979526,0.16012408,0.32247624,-0.041374754,0.24262045,-0.051306866,0.16509661,-0.501688,0.5619708,0.3739398,-0.10602184,0.38745472,0.1426031,-0.3941216,-0.26165426,-0.19845879,-0.20440397,-0.52970445,0.0094573125,-0.4472046,0.3613276,0.22446853,-0.16324882,-0.26277342,0.0019385363,0.37020904,0.06384237,0.14719842,-0.31056336,-0.15674539,-0.13070214,0.73484457,-0.5039896,-0.15568453,0.2359832,0.22002411,0.37720463,-0.13909243,-0.07684288,0.39270604,-0.013628843,-0.044104595,-0.5035064,0.22929925,-0.233426,1.0862004,-0.064128675,-0.51143175,0.35597014,0.11935013,0.032398153,-0.08088724,0.15172721,-0.28725553,0.6380191,0.28910884,0.11601201,-0.13699324,-0.10965582,0.091404535,-0.20536518,0.18985158,0.27511168,0.31413794,0.1436544,0.110855386,-0.21528487,-0.56771505,-0.1282921,-0.10111331,-0.26858687,-0.25943154,-0.16869141,-0.16019732,0.03800572,-0.35775498,-0.16206764,-0.4522882,-0.11024982,-0.15184332,0.036645025,-0.013721182,-0.57021946,-0.30541754,-0.15359005,-0.17365259,0.16387802,0.39566594,0.42620155,0.14413528,-0.28548098,0.16454184,0.2746859,0.35196456,-0.09735948,-0.031135816,0.08904801,0.028360741,0.24690656,-0.39413163,-0.088774174,0.2334286,-0.14311448,0.055860914,-0.41339096,-0.3354378,0.44437242,0.4009413,-0.2116337,-0.11952413,0.037599854,-0.09185295,-0.2737259,-0.1678941,0.67868936,-0.23693685,0.027801048,0.2251332,-0.99092776,-0.43207726,0.021739984,-0.13767138,0.15163149,-0.31490138,-0.062028266,-0.27725658,-0.6807798,-0.3909697,-10.978665,-0.13804895,0.10015835,-0.1478315,0.15117142,-0.40340337,0.052862894,0.20830277,-0.31233054,-0.29761478,0.28545338,-0.16336957,0.15256996,-0.27259836,-0.00068701623,-0.16350946,0.5464898,0.019995812,-0.15065484,0.028222179,-0.34096554,-0.5141027,0.65778977,0.18607621,0.21409895,0.3908593,0.038129333,-0.38228503,-0.39722493,0.03302909,-0.41905037,-0.11152049,0.07351587,0.5928877,-0.09348223,-0.13757156,-0.16734552,-0.6761895,0.2280661,0.19754218,0.16401938,-0.1424179,-0.029537302,0.10116079,0.28796935,-0.28910977,-0.1491121,-0.1346765,0.18272203,-0.0031943165,-0.16912897,-0.2545502,-0.41302213,-0.35589162,-0.14251703,0.18344995,0.22865175,0.7228138,0.43162024,-0.42944965,0.15518804,-0.07866949,-0.4225116,0.08988732,-0.5527091,0.25333753,-0.50333333,0.057408057,0.07077794,-0.0131334625,-0.2665572,0.5180528,0.39068916,-1.6688836,0.0022873802,0.27378735,-0.25859192,0.0059911944,-0.32882127,0.21523918,-0.43303257,-0.37257767,0.10254249,-0.30548877,-0.58432275,-0.5823494,-0.16884033,-0.21575892,-0.18088785,-0.20152111,0.17918015,0.25002435,0.062223695,0.46325597,0.15647307,-0.19175269,0.41270757,-0.19257884,0.054317817,0.3683873,0.117926896,0.11035473,0.2802091,0.01040385,0.08079436,-0.2597305,-0.2921308,0.06577712,-0.0009928333,0.20767827,0.13802874,0.2046586,-0.20397161,-0.09577959,-0.12212463,-0.34642673,0.23644118,0.062991336,-0.29120228,-0.4477513,-0.14587255,0.51248926,0.070423394,-0.34307536,-0.35364285,-0.020365454,-0.03994672,0.060121957,-0.34860268,-0.033611473,-0.19604914,-0.5185746,-0.25398096,-0.14415401,-0.18557543,0.33495533,0.019762091,-0.6330173,-0.12924448,0.13173886,0.5764925,0.23799826,-0.019162187,0.10708966,-0.2611305,0.21322584,0.3749961,0.13205665,-0.15015393,0.2142535,-0.09232735,-0.4274387,0.0358309,0.05832452,0.112358056,0.014167287,0.33837265,-0.47134683,-0.16512828,-0.401939,0.25597697,0.17885476,-0.09963909,0.4156825,-0.061988886,-0.22001262,0.28092834,0.30238596,-0.05775526,-0.027569994,-0.607339,0.3777964,-0.36136383,-0.14842609,0.055363335,0.5952079,0.017004656,-0.08229151,0.07170394,0.14467336,0.10308024,0.35219583,-0.019047337,-0.22134387,0.42601627,0.052169994,-0.08080319,-0.10921175,0.2653467,0.17023128,-0.38915142,0.20681168,0.077699445,-0.23205285,-0.2550445,-0.511644,0.3899487,-0.024066186,0.17901708,0.4082853,0.059011277,-0.095001794,-0.3807853,-0.11515133,-0.39619884,-0.12323811,0.42080528,0.36885697,0.35493615,0.057684943,-0.19098929,-0.63981146,-0.08443659,0.12687594,0.2879207,-0.15122695,-0.2846375,-0.08172666,-0.654856,0.11426852,-0.022005618,-0.2796538,0.08171463,0.1524239,-0.2418914,-0.13123661,-0.14324029,0.02716104,0.28159934,0.040234976,0.40451005,-1.6724576,0.19309418,-0.03922616,-0.21300031,0.24881648,0.16263689,0.346311,-0.06460914,-0.5180378,-0.27560377,-0.58237284,-0.1782621,-0.24821815,-0.1658328,0.072278954,-0.136703,-0.01241844,-0.5586436,0.19632174,0.297911,-0.2991681,-0.49155927,-0.16311209,-0.09139961,-0.31552717,-0.22386585,0.14001158,0.065045774,0.36581656,-0.15820764,0.19850674,-0.10964717,-0.082520574,0.19372873,0.1572443,0.1729992,0.38610685,-0.037865415,-0.2461189,-0.33192918,-0.41221043,-0.02798977,0.25905356,0.47134727,0.07100103,-0.55756545,-0.41432065,0.34105393,0.01757289,0.019860534,-0.14874749,0.18131152,-0.16685802,-0.033281054,-0.37319043,-0.43563363,0.14383242,-0.1390012,0.34839162,0.2967479,0.25005436,-0.21248618,0.25984895,-0.16593087,-0.16647369,0.33764803,-0.3089701,0.043273535,0.29100102,0.1747749,-0.18416405,0.3357462,-0.16004254,-0.07344294,0.31380293,-0.1809433,-0.035109077,-0.046006333,0.055546578,-0.10443149,-0.53911763,0.72182494,0.28318772,0.4400796,-0.10366866,-0.099668,-0.0872687,-0.28708774,-0.09043635,0.15395002,0.18663311,0.592025,-0.1776831,0.094942085,0.30239856,0.02784597,-0.47123924,0.1316943,0.2744666,0.10176836,0.21342511,-0.26047763,-0.100149915,-0.07564219,-0.31225622,0.030233292,0.107118756,0.3538189,-0.03174205,-0.13338524,-0.06885753,0.4234091,0.2775796,0.14029677,-0.097074606,0.056129627,-0.14058095,0.44382405,0.35264423,0.47167915,-0.07895244,-0.34152904,0.027053237,0.55272967,-0.2084484,-0.21653202,0.22181621,0.096234776,0.38159674,0.20076928,0.18372694,-0.0018656355,-0.6004512,0.08162487,0.22337857,0.31293365,0.13166276,-0.093469374,0.0992202,0.10899606,-0.070605256,0.31796816,-0.040759917,-0.0139194615,0.22588088,-0.17717797,-0.013351846,-0.31519505,0.2248713,-0.24167918,0.018400678,-0.47586915,-0.16477573,0.39107883,-0.3573019,-0.3268008,-0.30566502,-0.2114843,-0.120529935,-0.20387289,0.18119258,-0.24151343,-0.16615656,0.3374098,-0.5325747,-0.19713877,0.22447537,0.0977799,0.065235466,0.30273977,-0.10286625,-0.018704211,0.48242196,-0.004162362,0.016217409,-0.14609158,0.5029458,0.0824741,0.0028028083,-0.047986597,0.44675818,0.039477512,0.41998225,-0.43584362,-0.09614794,-0.19259827,-0.22109976,-0.47734046,0.011825787,-0.28501284,-0.40439132,-0.08959396,-0.20497614,-0.08410509,0.12372472,-0.18251379,-0.13902387,-0.22888355,-0.18380328,0.14265369,0.3185614,0.24429192,0.09087861,-0.32148457,-0.09550914,-0.014437191,-0.296864,0.14724427,0.31007853,0.36887124,0.36265916,0.16007702,-0.4569624,0.19810112,0.22832188,0.21626274,-0.27032617,-0.3226896,-0.14279728,-0.4934175,-0.087323226,-0.12531942,0.007505929,0.08726045,-0.17144623,-0.2015678,-0.573858,0.24366161,0.24076653,0.0,0,0,1,0,0,0,0,0,0,0,0,0,0,0,1,0,0,0,0,0,0,0,0,0.0,0.0,0.0,0.0
0.12957688,-0.39872923,0.56886077,0.12689616,-0.03374359,-0.4671699,-0.21181351,0.67943794,0.029498182,-0.11951347,0.11095793,-0.21694313,0.31102893,0.33504242,-0.074137524,0.25107917,-0.123077296,0.2654404,0.32617652,0.12309176,-0.23688705,-0.35548404,0.06783578,0.698847,0.35391816,-0.30051303,0.18803091,-0.11601507,-0.7910873,-0.286283,0.051105846,0.3442369,0.28408346,-0.46758395,0.0168292,-0.032774564,-0.3147768,-0.115517616,-0.039552815,-0.10871924,-0.7188204,-0.41621083,0.5796856,-0.15758939,-0.042942967,-0.07598466,-0.046359573,-0.3955097,0.36956292,-0.39748666,-0.3696165,0.19063637,-0.06563177,-0.39993167,0.113773756,0.44490516,-0.014212458,-0.3939371,-0.2198487,0.09025525,-0.03469799,-0.18417649,-0.24025105,-0.4038218,0.19631474,-0.17561041,0.040914536,0.018898455,-0.4782945,-0.09651633,-0.23578142,0.33740085,0.29136017,-0.34257877,0.14909144,0.021258863,-0.28769064,0.28767738,-0.07300055,0.14652306,0.13461612,0.5094747,0.25678524,0.19081613,0.099051066,0.69273055,-0.52517617,-0.37410438,-0.3068699,1.2364424,-0.07612514,0.065461025,0.31462678,-0.14619873,0.41713634,-1.0031031,-0.184603,0.11282348,-0.33420005,-0.1516606,0.22025949,-0.38001096,0.26305997,0.07843639,-0.12517017,-0.09791855,-0.5180087,-0.27981225,0.15747423,-0.12640278,0.15637523,0.15861227,0.34839475,-0.32701242,0.04286338,0.21598817,-0.18286294,-0.02235767,-0.39310363,-0.2924984,-0.31076968,0.3115599,0.048828565,0.22157687,-0.009518674,0.15829797,-0.05600889,0.20159869,0.1830111,-0.8957041,0.054791678,0.109472245,0.6793068,-0.35117856,0.34997052,-0.20778075,-0.06822815,-0.22726704,0.18792194,0.19677931,-0.17207287,0.11748048,0.25463304,0.17212172,0.10097698,-0.15798537,-0.02663524,-0.2300122,-0.4817604,0.10220931,-0.3158823,0.33500013,-0.46540797,0.24712121,0.054744206,-0.5205,0.092256695,0.09649606,0.33086693,0.024000559,0.113099635,-0.16906244,-0.00053323625,0.50099695,0.09568077,0.39658985,-0.072808474,0.059839636,0.13454174,0.11980277,0.2880329,0.14783092,0.28367496,-0.49829105,0.6394459,0.076680906,-0.2113979,0.34585696,0.2833088,0.7169728,-0.43620768,-0.17194998,0.18109956,-0.2304739,0.30822366,-0.28135684,0.3751842,-0.44467294,0.41042724,0.40151334,-0.11956605,0.1439798,0.5882077,-0.14930417,-0.2795988,-0.0956646,0.04148558,-0.23662418,0.06825993,0.08074424,-0.04655765,0.18548897,0.0010294003,-0.20337658,-0.17414154,0.24289988,-0.37169957,-0.07234642,-0.38149917,-0.2581543,-0.35636428,0.71284693,-0.43925858,-0.011349695,0.23689967,0.13632977,-0.055054426,-0.1074079,-0.4884967,-0.1977015,0.45561188,0.12370539,-0.065520614,0.21829216,-0.16314264,0.6945913,0.048489407,-0.17660071,0.31272897,0.024388561,-0.18970603,-0.34590793,0.25160262,-0.13705568,0.5520804,0.12730044,-1.0006969,-0.7916043,0.07872353,-0.40905082,0.13956392,0.34532288,0.2672506,0.5596,0.06607983,0.51900655,0.3869103,-0.30626634,-0.12894265,-0.17371471,0.07580338,-0.6740538,-0.4099017,-0.42381126,-0.5470863,-0.4027834,-0.30909747,0.036282595,0.22575814,0.06450864,0.5442879,-0.059368458,0.01678865,0.52726024,-0.043456685,-0.28352702,0.10983848,-0.13388531,0.29432645,0.16159363,0.32593825,-0.24430859,0.30809253,0.4581214,0.0069373343,-0.35256013,0.04056091,0.088064,-0.05230157,-0.2867718,0.24729066,0.37652966,-0.24510327,-0.0044716,-0.75247407,-0.011505432,0.1322095,0.25343254,0.100923374,-0.553719,-0.15161872,0.21607538,-0.26528648,0.2532484,0.64657474,0.115304016,-0.28687528,-0.009400818,-0.42607877,-0.34679192,-0.098817684,-0.09269459,0.23987961,0.13617082,-0.41519332,-0.07150504,-0.045554638,-0.45475015,-9.653491,-0.619687,-0.5039181,-0.054306388,-0.0070939814,-0.23723826,-0.10675147,0.2093945,0.06085363,-0.25171542,-0.23692188,-0.35434017,-0.05924472,-0.3486666,-0.02001421,-0.015641058,0.39831653,-0.09427957,0.37753212,0.56892,-0.2779876,-0.019097181,0.3358803,0.062866814,0.05315437,0.42244545,-0.3724408,0.2357371,0.17005211,-0.22589041,0.095786616,0.24443844,0.44301167,0.7480992,0.007524638,-0.18772008,-0.15390582,-0.23490986,-0.17458685,-0.1578482,0.28559196,-0.22226757,-0.13583587,0.016659789,0.77084684,-0.3422037,-0.03078974,-0.032212414,0.24117625,0.4009259,-0.14108156,-0.056733254,-0.03741585,-0.53021663,-0.45118704,0.2281075,-0.16131619,0.49914128,0.0045681503,-0.3331285,0.3491847,-0.1709821,-0.012431233,-0.0054211253,-0.20915456,0.020728178,-0.81393075,-0.13918492,0.15728693,-0.342748,0.19025679,0.20764758,-0.27623105,-1.6580253,0.04532869,-0.22249813,0.10288934,0.35626748,-0.109749734,-0.09059589,-0.36332795,-0.39662793,0.46523926,0.1843398,0.06125244,0.008046411,0.42273954,-0.38565394,-0.39946648,-0.35878593,0.18143179,0.18653728,0.33669585,0.3971541,0.2590006,-0.49726716,0.3932089,-0.6726559,-0.27130586,0.3845154,-0.091683805,0.3264975,-0.3984541,0.15314491,0.04799921,-0.14717117,0.07788703,0.018719228,0.32168475,0.21339497,0.21578373,-0.049448304,0.056182966,0.27864972,-0.49208793,-0.1029564,0.1448731,0.12274849,-0.6101585,-0.16292308,-0.12766103,-0.36639386,-0.11882919,-0.39345807,0.085387945,0.12806714,-0.20841545,0.1809333,-0.17600708,-0.0065556346,-0.08715054,0.12920898,-0.9205186,-0.14856933,0.020548938,-0.17642109,0.05056032,-0.7035997,0.11516892,0.23039287,0.29974696,1.0063442,0.5384489,0.19223486,-0.075038455,0.13569242,0.08840669,-0.27654213,-0.26664436,0.19420502,-0.20268331,-0.39481172,-0.35431045,0.20303118,-0.10023713,0.4634795,0.52798325,-0.459666,0.22091722,-0.356186,-0.07841907,-0.11335674,0.105573714,0.22478491,0.30389196,-0.010459061,-0.3382602,-0.08493342,0.15607506,-0.28596914,-0.6677098,0.19886915,0.15662873,0.17128281,0.1926307,0.39371532,-0.020322464,-0.4095745,0.17792839,0.3288833,-0.1664137,-0.24218768,-0.13965157,-0.53240013,-0.03455856,0.17368487,0.15458916,0.05372582,-0.13251874,0.3016754,-0.2769237,0.46508145,-0.3060235,-0.51585585,-0.5275393,-0.6578151,0.0046383757,-0.16494127,0.040795207,0.12166868,0.22279459,-0.0820131,-0.70348394,0.021536956,-0.13057914,0.46452427,0.08785919,0.15932637,-0.010805568,-0.037523888,0.25270241,-0.34396073,-0.08534588,-0.10073117,-0.017509136,-0.4009919,-0.6062883,-0.21265608,-0.3719056,0.5778087,-0.25901005,0.25392085,-0.03839936,-0.10579709,-0.26279262,0.05188084,0.111190945,-0.3583877,-0.5821791,0.037913445,-0.011833558,-1.3113345,0.13052802,-0.02179984,-0.19780004,0.24091893,-0.35042268,-0.2894822,0.039801054,-0.19779016,-0.2916462,-0.68135476,0.14473513,-0.30786356,-0.7074222,-0.028909326,0.049057364,0.36867064,0.36501136,-0.1621495,0.3359825,-0.118350744,-0.55341536,0.11023357,-0.3855838,-0.3149178,-0.4776131,0.040408496,-0.11610407,0.49595702,-0.16414297,0.134278,0.17029625,0.24465555,-0.11028734,0.064965405,-0.23374406,-0.0027498866,-0.046616793,-0.016190773,-0.43246743,-0.28410986,0.32867542,-0.2718075,0.52750516,-0.5951001,-0.21214956,-0.94681215,-0.31184092,0.09537156,-0.12833975,0.04375258,-0.18162733,0.44471943,0.23217072,-0.35291344,-0.28251794,0.45297313,-0.042669147,0.21878329,0.25557432,0.5799436,-0.9786864,0.432529,0.011131611,0.26191214,1.2809021,-0.6294384,-0.23142229,0.6294694,0.035739467,-0.14299576,0.12043869,0.48017797,-0.2813073,0.37655193,-0.38099423,-0.071987316,0.003979258,0.09315484,-0.12145374,-0.06452912,0.5750216,0.4249849,-0.022643842,0.37327698,-0.2613958,-0.32096627,-0.6672172,0.0020904767,-0.06769055,0.18125248,0.55165136,-0.5046076,-0.016826237,0.31388238,0.22668323,-0.27480662,-0.063951805,0.20256616,-0.4782272,0.6559563,-0.32656902,-0.21657795,-0.21617448,-0.28058362,0.64190966,-0.4886039,0.11290842,0.30032253,-0.097898304,0.41467214,0.283299,-0.06694091,0.58224493,-0.62707937,-0.35784122,0.6593888,0.6628249,0.24666324,-0.008597579,-0.08425994,-0.20604458,-0.1720414,0.6441364,-0.16359818,0.067735665,0.019860325,0.34753853,0.7079839,0.23869112,0.4411834,0.2565577,-0.27254295,-0.33382356,-0.09244125,0.47084454,-0.043203257,0.45741403,-0.101384014,0.3320629,0.0001799965,0.42674857,0.103951514,-0.20485832,0.14375396,0.08968244,-0.13253741,-0.14058295,0.30335683,-0.020796217,-0.24191375,-0.24736361,-0.11206677,0.043582212,-0.48322853,-0.16141906,-0.28454137,-0.14958747,0.20448227,-0.34468395,0.13700627,0.08270954,0.22702006,0.09445316,0.16377932,0.3084508,0.14163597,-0.08402893,0.10913194,0.21967518,-0.4852479,-0.05385597,0.20581082,0.18578745,0.00067174016,-0.31816876,0.32410762,-0.38996074,-0.07475513,0.2916051,0.8896166,-0.075118534,0.285363,0.04702971,-0.0124878995,0.12414955,-0.19404405,-0.03748768,-0.35848546,-0.20031948,-0.06905582,-0.33089492,-0.06854641,-0.19043508,-0.0025927704,-0.102766365,-0.040190328,0.21618775,0.14148842,0.1980735,0.004955721,0.1187121,-0.12338987,-0.24853493,-0.13243933,-0.23042397,0.017444316,0.19379099,0.023692284,0.2359778,0.20967022,-0.031097002,-0.39899746,0.07866628,0.1856057,-0.03341258,-0.18006848,-0.8103983,-0.40062737,-0.7055798,-0.3653184,-0.27138165,0.09527676,-0.23276116,0.093479015,-0.47514856,-0.23803802,-0.08664255,-0.3367077,0.0,0,0,1,0,0,0,0,0,0,0,0,0,0,0,1,0,0,0,0,0,0,0,0,0.0,0.0,0.0,0.0
0.51277065,-0.35828686,0.3669175,0.361977,0.11439348,-0.283083,-0.4271866,0.39949474,0.0558949,0.33909148,0.13080296,-0.23925157,-0.08622844,0.2307208,0.07342978,0.6175296,-0.5592068,0.22585024,0.061029445,-0.081379004,0.20712171,0.15807085,0.54074347,0.09327281,0.07863756,-0.3494405,-0.25372297,-0.27493706,-0.81573325,0.14489126,0.42518544,0.10992798,0.28236365,-0.0377282,-0.25655153,-0.13492727,0.028074054,-0.17723791,0.1031575,0.3326036,-0.5016175,-0.39976206,0.22262532,0.22132167,-0.020590402,0.34583327,0.14693923,0.11978711,0.5352888,-0.34690017,-0.30605435,0.24704121,0.029194772,-0.43546054,0.6162044,0.18500262,0.37192044,-0.56763726,-0.18335873,-0.11359248,-0.28655437,-0.16518159,-0.05213983,-0.52080035,-0.17403086,0.29411945,-0.11840902,0.53742653,-0.19590734,-0.42876226,0.3432815,-0.401009,-0.17953473,-0.26066864,-0.012237462,-0.35661066,-0.5284096,0.51962954,0.086268336,-0.40198353,0.011609572,0.48660696,0.15895526,0.47307903,-0.082333334,0.15921985,0.6322683,0.038089808,-0.1999165,0.64871824,-0.28308102,-0.32683954,0.16605334,0.17388369,0.5601218,-0.60853606,0.16935149,0.13386627,-0.35720938,0.39528373,0.15074787,-0.17027727,0.025083762,-0.36650026,-0.37289372,0.047942184,-0.06484913,0.13063167,0.5090071,0.035199862,0.7252648,0.29615986,-0.134057,-0.49380115,-0.10671824,0.46484417,-0.16035481,-0.20232771,-0.3186239,-0.1390316,0.13228317,-0.044421628,0.09953176,0.17325501,0.34226817,-0.29950917,0.2862348,-0.34753948,0.21729721,-0.3602016,0.19590431,0.37481284,0.15727621,-0.47027138,-0.0145324245,0.21523644,0.32686982,-0.47743714,-0.53057826,-0.1666289,-0.29742458,-0.02536274,-0.03306191,0.11666694,0.53584313,-0.23127446,-0.5285231,-0.37686473,-0.27150792,-0.18850952,-0.41515854,-0.11390157,-0.29315364,-0.07427457,-0.07560555,-0.29883054,-0.068738006,-0.12150544,0.28561038,0.17533214,0.19967836,-0.4344035,0.1129069,0.033761118,-0.09912755,0.27530894,0.03698468,0.37436104,-0.11812587,-0.36018598,0.42445317,-0.06296627,-0.05639511,0.2322334,0.7093327,0.25329196,0.26458746,0.24471353,0.2066845,0.5499986,-0.56416017,-0.04000992,0.30233917,-0.18277259,0.24316284,0.1436547,0.23588492,-0.53499365,0.3884443,-0.04282441,-0.44339955,-0.15406272,-0.22348179,-0.06463592,0.10439586,-0.33395046,-0.27779943,-0.05454104,0.5281249,-0.15505254,0.1880165,0.15654467,-0.25879893,-0.021101572,-0.48808074,0.37409577,-0.10775744,-0.15862463,-0.21675034,-0.18901691,0.21297498,0.17262232,-0.29911155,0.13259694,0.07624298,0.37551633,-0.30309057,-0.3713458,-0.5746781,-0.031994108,0.09110162,0.13172948,0.089095116,-0.23113763,-0.36953214,1.5229651,-0.075920574,-0.34791562,0.17125823,0.033452846,-0.11070939,0.18725504,-0.28954318,-0.2453949,-0.047248613,0.41694275,-0.41178933,-0.98020554,0.19114085,-0.30641544,-0.338744,0.2758705,0.7515675,0.34741127,0.0024943843,0.18352897,-0.12767486,-0.6933018,-0.117985524,-0.10864296,-0.4223576,-0.2529169,-0.57067275,0.058323566,-0.26689848,0.002854839,0.06641614,-0.12933844,0.11143671,0.01830367,0.52034235,-0.09054839,0.063021585,0.06919302,0.52111465,-0.85566556,0.18768466,0.20334733,0.4676302,0.06867107,-0.062071778,0.14467926,0.306894,0.6280109,0.33863872,-0.26469278,0.6100917,-0.3413249,0.26227832,-0.3201195,0.34098977,0.1340768,-0.19036022,-0.2680895,-0.5478787,0.18706226,0.48253793,0.040356513,-0.09345276,0.18517971,-0.5164194,-0.13015269,0.0976126,-0.36594114,0.54577625,-0.057895932,0.24867134,-0.1286122,-0.4690195,-0.047299977,-0.17241403,0.016820597,0.11807522,-0.053783234,0.17619173,-0.17657036,0.25708038,-0.64628655,-7.5497465,-0.2012063,0.29811162,-0.406858,0.49208516,-0.30747798,-0.099157095,0.15681237,-0.5610599,0.40604535,0.28322884,-0.115409486,-0.027248358,-0.17877926,-0.12301725,-0.56120336,0.25234812,-0.2041762,-0.120116234,0.33456117,-0.3353236,-0.42571586,0.45744455,-0.39146218,-0.2898776,0.53411,0.110330924,0.2036758,0.22314475,-0.3609238,-0.38068965,-0.1259109,-0.48299775,1.0168006,-0.3052713,-0.022456001,-0.35715958,-0.55163074,-0.6573171,-0.38406968,0.24565125,-0.11795313,-0.07979637,-0.5511947,0.7694371,-0.5030145,-0.27881768,0.35295254,0.09708834,0.1266871,0.39156783,-0.19019762,-0.06098572,-0.4626459,-0.047648616,-0.22213638,-0.20252448,0.36717623,0.06890983,-0.342504,0.50444055,-0.0006682157,-0.12393262,0.45212293,0.050990567,-0.53895974,-0.9816714,-0.5041936,-0.2565825,0.10745989,-0.5913763,0.3160179,0.15361598,-1.2453123,-0.7866483,-0.13428265,0.47153354,0.3884339,-0.7782013,-0.64595187,-0.45343944,0.18287446,0.42432255,-0.38577297,-0.5176657,-0.32682538,0.06919891,0.061357345,0.026167654,0.0719246,0.23763086,0.09727418,0.41772622,0.113138504,-0.3609837,-0.17210053,0.4571152,0.16829775,0.008124378,0.4835284,0.048260488,0.07999074,0.17676367,-0.56360674,0.39579546,0.10770605,-0.37713087,0.09609478,-0.06454418,-0.16315822,-0.20092314,-0.18272462,-0.046667747,-0.36501357,0.03118098,-0.43021667,0.38763604,0.48994797,-0.26363027,-0.3668977,-0.09088175,0.49280593,-0.14464957,-0.17030074,0.2674626,0.04838541,0.14908263,-0.034957703,-0.04382665,-0.40119958,-0.09425023,-0.17330237,0.12184737,0.79763484,0.09472354,-0.461815,-0.0029040896,-0.32185966,0.059991047,0.19430637,0.05269962,0.5487437,0.1381686,0.23420742,0.43134835,0.32394555,0.50489765,0.33728424,-0.33243707,0.032600056,-0.64886403,-0.64290404,0.41002125,0.05866046,0.38748595,0.5568976,-0.16399798,-0.30728212,-0.062682375,-0.63916755,-0.10408699,-0.13968162,0.15716891,0.22625938,-0.20993322,-0.021635432,0.32328475,0.0012458471,-0.14490797,-0.24810342,-0.26120442,0.62883633,0.31914255,0.11945133,0.13740058,0.63940954,0.38514003,-0.29267737,0.069987096,0.56884164,0.15446457,0.0338635,-0.33124924,-0.17515236,0.4630612,0.30446517,0.31638122,0.3140843,-0.0034918725,0.5125406,-0.18895067,0.44369292,-0.15392262,-1.1169304,-0.43974045,-0.5884292,0.40091148,-0.42501011,-0.13333777,0.64936644,-0.44245076,0.2108828,-0.28413865,0.19899721,-0.047564402,-0.17874947,-0.014723749,0.5609732,-0.10584753,-0.12585846,-0.39245903,0.04370351,-0.034599964,-0.0700612,0.61576086,0.06903481,-0.04564021,-0.44256958,-0.56536525,-0.01947014,-0.7564895,0.09353046,0.42513263,-0.15134905,-0.14428444,0.12261122,0.027604735,-0.1556972,-0.56815726,-0.11596524,-0.11638542,-0.8120191,0.16501114,-0.24516578,-0.35911438,0.27501076,-0.47698224,-0.48253685,-0.14370395,-0.13995853,-0.13472535,-1.0216262,0.21315947,-0.0845058,-0.23396422,-0.04670509,-0.040410437,0.10382761,-0.3583068,-0.046710458,0.06290779,-0.003405235,-0.23235519,-0.4277239,-0.12045823,-0.6156819,-0.30343714,-0.12902135,-0.46038425,0.1367743,0.07241423,-0.18354875,0.19922017,0.3007918,-0.34501702,-0.16319296,0.07821544,0.25619632,-0.42325446,0.0012215223,-0.25353515,0.050829787,-0.22452873,0.27081057,0.12894517,0.13879019,-0.3089307,-0.5537495,-0.41384232,-0.36064112,-0.5156667,-0.09733519,-0.15995039,-0.37035048,0.100682534,-0.33029756,-0.24399833,0.7146127,0.28881568,0.11789222,0.050931286,0.12075163,0.36324966,0.09985478,0.09600514,-0.2144253,0.63346404,-0.4497802,-0.23088092,0.08215497,0.12326173,-0.06356122,0.3862006,0.20107594,-0.25037414,0.056796122,-0.031756315,-0.20815352,-0.2671588,0.09660347,0.15692084,-0.07252214,0.65899193,0.70429885,0.016413547,0.112899676,-0.11598318,0.07138999,-0.29416212,0.2252355,-0.33081752,0.28752536,0.33983216,-0.36681703,0.20849746,0.27357998,0.13390191,-0.17709717,0.4076741,0.19757879,-0.4319116,0.20493904,-0.15752654,0.47726083,-0.29983094,-0.43031582,-0.088309765,0.22740859,-0.019784823,0.15201476,0.23350778,0.42866188,0.2590504,0.6012395,-0.19820416,-0.1101654,-0.07748823,0.04933684,0.69206285,-0.042101193,0.08248905,-0.41742527,-0.26543424,0.03917972,0.57864463,-0.009081917,0.14213009,0.1686566,0.22842215,0.42237654,-0.2774192,0.014590277,-0.30354157,-0.70939475,0.22525333,-0.2173197,0.40666062,-0.40149114,0.0040817773,-0.6953719,0.23097718,-0.071194686,0.37422302,-0.1835176,0.09069704,-0.093190625,-0.42921486,-0.04058336,-0.21064983,0.26034632,0.23201446,-0.49569893,-0.28063643,0.3732288,0.07447511,-0.39334568,0.28952375,-0.1137003,0.26671544,-0.41988292,-0.28586036,-0.36941746,-0.21787733,-0.08990452,-0.07986161,0.084471844,0.38020873,0.29314548,-0.11635825,0.11751675,-0.07011952,-0.3864857,-0.55043423,0.45359382,-0.25405446,-0.14935744,-0.3806708,-0.13420536,-0.6792287,-0.07316648,0.34340504,0.19936807,-0.030165715,0.31174213,0.08460182,-0.23779653,0.868005,-0.13042212,0.075555235,-0.6256761,-0.25676095,-0.45874986,0.10327854,0.50953376,0.15748124,-0.1507897,0.0052463217,0.21098335,-0.2550571,0.301499,-0.77305925,0.25232244,0.14513889,-0.17582183,-0.11675733,-0.15736905,0.13811862,0.113429695,-0.24905235,-0.5194579,-0.37436852,0.31666997,-0.2774691,-0.49973947,0.22095986,0.16758308,0.15351604,0.12313435,-0.34754235,-0.27575272,-0.25630778,-0.26632994,-0.013325074,-0.042592816,0.2712046,0.5037281,-0.33507413,-0.0073331427,0.550374,-0.06428376,0.0,0,0,1,0,0,0,0,0,0,0,0,0,0,0,1,0,0,0,0,0,0,0,0,0.0,0.0,0.0,0.0
0.51277065,-0.35828686,0.3669175,0.361977,0.11439348,-0.283083,-0.4271866,0.39949474,0.0558949,0.33909148,0.13080296,-0.23925157,-0.08622844,0.2307208,0.07342978,0.6175296,-0.5592068,0.22585024,0.061029445,-0.081379004,0.20712171,0.15807085,0.54074347,0.09327281,0.07863756,-0.3494405,-0.25372297,-0.27493706,-0.81573325,0.14489126,0.42518544,0.10992798,0.28236365,-0.0377282,-0.25655153,-0.13492727,0.028074054,-0.17723791,0.1031575,0.3326036,-0.5016175,-0.39976206,0.22262532,0.22132167,-0.020590402,0.34583327,0.14693923,0.11978711,0.5352888,-0.34690017,-0.30605435,0.24704121,0.029194772,-0.43546054,0.6162044,0.18500262,0.37192044,-0.56763726,-0.18335873,-0.11359248,-0.28655437,-0.16518159,-0.05213983,-0.52080035,-0.17403086,0.29411945,-0.11840902,0.53742653,-0.19590734,-0.42876226,0.3432815,-0.401009,-0.17953473,-0.26066864,-0.012237462,-0.35661066,-0.5284096,0.51962954,0.086268336,-0.40198353,0.011609572,0.48660696,0.15895526,0.47307903,-0.082333334,0.15921985,0.6322683,0.038089808,-0.1999165,0.64871824,-0.28308102,-0.32683954,0.16605334,0.17388369,0.5601218,-0.60853606,0.16935149,0.13386627,-0.35720938,0.39528373,0.15074787,-0.17027727,0.025083762,-0.36650026,-0.37289372,0.047942184,-0.06484913,0.13063167,0.5090071,0.035199862,0.7252648,0.29615986,-0.134057,-0.49380115,-0.10671824,0.46484417,-0.16035481,-0.20232771,-0.3186239,-0.1390316,0.13228317,-0.044421628,0.09953176,0.17325501,0.34226817,-0.29950917,0.2862348,-0.34753948,0.21729721,-0.3602016,0.19590431,0.37481284,0.15727621,-0.47027138,-0.0145324245,0.21523644,0.32686982,-0.47743714,-0.53057826,-0.1666289,-0.29742458,-0.02536274,-0.03306191,0.11666694,0.53584313,-0.23127446,-0.5285231,-0.37686473,-0.27150792,-0.18850952,-0.41515854,-0.11390157,-0.29315364,-0.07427457,-0.07560555,-0.29883054,-0.068738006,-0.12150544,0.28561038,0.17533214,0.19967836,-0.4344035,0.1129069,0.033761118,-0.09912755,0.27530894,0.03698468,0.37436104,-0.11812587,-0.36018598,0.42445317,-0.06296627,-0.05639511,0.2322334,0.7093327,0.25329196,0.26458746,0.24471353,0.2066845,0.5499986,-0.56416017,-0.04000992,0.30233917,-0.18277259,0.24316284,0.1436547,0.23588492,-0.53499365,0.3884443,-0.04282441,-0.44339955,-0.15406272,-0.22348179,-0.06463592,0.10439586,-0.33395046,-0.27779943,-0.05454104,0.5281249,-0.15505254,0.1880165,0.15654467,-0.25879893,-0.021101572,-0.48808074,0.37409577,-0.10775744,-0.15862463,-0.21675034,-0.18901691,0.21297498,0.17262232,-0.29911155,0.13259694,0.07624298,0.37551633,-0.30309057,-0.3713458,-0.5746781,-0.031994108,0.09110162,0.13172948,0.089095116,-0.23113763,-0.36953214,1.5229651,-0.075920574,-0.34791562,0.17125823,0.033452846,-0.11070939,0.18725504,-0.28954318,-0.2453949,-0.047248613,0.41694275,-0.41178933,-0.98020554,0.19114085,-0.30641544,-0.338744,0.2758705,0.7515675,0.34741127,0.0024943843,0.18352897,-0.12767486,-0.6933018,-0.117985524,-0.10864296,-0.4223576,-0.2529169,-0.57067275,0.058323566,-0.26689848,0.002854839,0.06641614,-0.12933844,0.11143671,0.01830367,0.52034235,-0.09054839,0.063021585,0.06919302,0.52111465,-0.85566556,0.18768466,0.20334733,0.4676302,0.06867107,-0.062071778,0.14467926,0.306894,0.6280109,0.33863872,-0.26469278,0.6100917,-0.3413249,0.26227832,-0.3201195,0.34098977,0.1340768,-0.19036022,-0.2680895,-0.5478787,0.18706226,0.48253793,0.040356513,-0.09345276,0.18517971,-0.5164194,-0.13015269,0.0976126,-0.36594114,0.54577625,-0.057895932,0.24867134,-0.1286122,-0.4690195,-0.047299977,-0.17241403,0.016820597,0.11807522,-0.053783234,0.17619173,-0.17657036,0.25708038,-0.64628655,-7.5497465,-0.2012063,0.29811162,-0.406858,0.49208516,-0.30747798,-0.099157095,0.15681237,-0.5610599,0.40604535,0.28322884,-0.115409486,-0.027248358,-0.17877926,-0.12301725,-0.56120336,0.25234812,-0.2041762,-0.120116234,0.33456117,-0.3353236,-0.42571586,0.45744455,-0.39146218,-0.2898776,0.53411,0.110330924,0.2036758,0.22314475,-0.3609238,-0.38068965,-0.1259109,-0.48299775,1.0168006,-0.3052713,-0.022456001,-0.35715958,-0.55163074,-0.6573171,-0.38406968,0.24565125,-0.11795313,-0.07979637,-0.5511947,0.7694371,-0.5030145,-0.27881768,0.35295254,0.09708834,0.1266871,0.39156783,-0.19019762,-0.06098572,-0.4626459,-0.047648616,-0.22213638,-0.20252448,0.36717623,0.06890983,-0.342504,0.50444055,-0.0006682157,-0.12393262,0.45212293,0.050990567,-0.53895974,-0.9816714,-0.5041936,-0.2565825,0.10745989,-0.5913763,0.3160179,0.15361598,-1.2453123,-0.7866483,-0.13428265,0.47153354,0.3884339,-0.7782013,-0.64595187,-0.45343944,0.18287446,0.42432255,-0.38577297,-0.5176657,-0.32682538,0.06919891,0.061357345,0.026167654,0.0719246,0.23763086,0.09727418,0.41772622,0.113138504,-0.3609837,-0.17210053,0.4571152,0.16829775,0.008124378,0.4835284,0.048260488,0.07999074,0.17676367,-0.56360674,0.39579546,0.10770605,-0.37713087,0.09609478,-0.06454418,-0.16315822,-0.20092314,-0.18272462,-0.046667747,-0.36501357,0.03118098,-0.43021667,0.38763604,0.48994797,-0.26363027,-0.3668977,-0.09088175,0.49280593,-0.14464957,-0.17030074,0.2674626,0.04838541,0.14908263,-0.034957703,-0.04382665,-0.40119958,-0.09425023,-0.17330237,0.12184737,0.79763484,0.09472354,-0.461815,-0.0029040896,-0.32185966,0.059991047,0.19430637,0.05269962,0.5487437,0.1381686,0.23420742,0.43134835,0.32394555,0.50489765,0.33728424,-0.33243707,0.032600056,-0.64886403,-0.64290404,0.41002125,0.05866046,0.38748595,0.5568976,-0.16399798,-0.30728212,-0.062682375,-0.63916755,-0.10408699,-0.13968162,0.15716891,0.22625938,-0.20993322,-0.021635432,0.32328475,0.0012458471,-0.14490797,-0.24810342,-0.26120442,0.62883633,0.31914255,0.11945133,0.13740058,0.63940954,0.38514003,-0.29267737,0.069987096,0.56884164,0.15446457,0.0338635,-0.33124924,-0.17515236,0.4630612,0.30446517,0.31638122,0.3140843,-0.0034918725,0.5125406,-0.18895067,0.44369292,-0.15392262,-1.1169304,-0.43974045,-0.5884292,0.40091148,-0.42501011,-0.13333777,0.64936644,-0.44245076,0.2108828,-0.28413865,0.19899721,-0.047564402,-0.17874947,-0.014723749,0.5609732,-0.10584753,-0.12585846,-0.39245903,0.04370351,-0.034599964,-0.0700612,0.61576086,0.06903481,-0.04564021,-0.44256958,-0.56536525,-0.01947014,-0.7564895,0.09353046,0.42513263,-0.15134905,-0.14428444,0.12261122,0.027604735,-0.1556972,-0.56815726,-0.11596524,-0.11638542,-0.8120191,0.16501114,-0.24516578,-0.35911438,0.27501076,-0.47698224,-0.48253685,-0.14370395,-0.13995853,-0.13472535,-1.0216262,0.21315947,-0.0845058,-0.23396422,-0.04670509,-0.040410437,0.10382761,-0.3583068,-0.046710458,0.06290779,-0.003405235,-0.23235519,-0.4277239,-0.12045823,-0.6156819,-0.30343714,-0.12902135,-0.46038425,0.1367743,0.07241423,-0.18354875,0.19922017,0.3007918,-0.34501702,-0.16319296,0.07821544,0.25619632,-0.42325446,0.0012215223,-0.25353515,0.050829787,-0.22452873,0.27081057,0.12894517,0.13879019,-0.3089307,-0.5537495,-0.41384232,-0.36064112,-0.5156667,-0.09733519,-0.15995039,-0.37035048,0.100682534,-0.33029756,-0.24399833,0.7146127,0.28881568,0.11789222,0.050931286,0.12075163,0.36324966,0.09985478,0.09600514,-0.2144253,0.63346404,-0.4497802,-0.23088092,0.08215497,0.12326173,-0.06356122,0.3862006,0.20107594,-0.25037414,0.056796122,-0.031756315,-0.20815352,-0.2671588,0.09660347,0.15692084,-0.07252214,0.65899193,0.70429885,0.016413547,0.112899676,-0.11598318,0.07138999,-0.29416212,0.2252355,-0.33081752,0.28752536,0.33983216,-0.36681703,0.20849746,0.27357998,0.13390191,-0.17709717,0.4076741,0.19757879,-0.4319116,0.20493904,-0.15752654,0.47726083,-0.29983094,-0.43031582,-0.088309765,0.22740859,-0.019784823,0.15201476,0.23350778,0.42866188,0.2590504,0.6012395,-0.19820416,-0.1101654,-0.07748823,0.04933684,0.69206285,-0.042101193,0.08248905,-0.41742527,-0.26543424,0.03917972,0.57864463,-0.009081917,0.14213009,0.1686566,0.22842215,0.42237654,-0.2774192,0.014590277,-0.30354157,-0.70939475,0.22525333,-0.2173197,0.40666062,-0.40149114,0.0040817773,-0.6953719,0.23097718,-0.071194686,0.37422302,-0.1835176,0.09069704,-0.093190625,-0.42921486,-0.04058336,-0.21064983,0.26034632,0.23201446,-0.49569893,-0.28063643,0.3732288,0.07447511,-0.39334568,0.28952375,-0.1137003,0.26671544,-0.41988292,-0.28586036,-0.36941746,-0.21787733,-0.08990452,-0.07986161,0.084471844,0.38020873,0.29314548,-0.11635825,0.11751675,-0.07011952,-0.3864857,-0.55043423,0.45359382,-0.25405446,-0.14935744,-0.3806708,-0.13420536,-0.6792287,-0.07316648,0.34340504,0.19936807,-0.030165715,0.31174213,0.08460182,-0.23779653,0.868005,-0.13042212,0.075555235,-0.6256761,-0.25676095,-0.45874986,0.10327854,0.50953376,0.15748124,-0.1507897,0.0052463217,0.21098335,-0.2550571,0.301499,-0.77305925,0.25232244,0.14513889,-0.17582183,-0.11675733,-0.15736905,0.13811862,0.113429695,-0.24905235,-0.5194579,-0.37436852,0.31666997,-0.2774691,-0.49973947,0.22095986,0.16758308,0.15351604,0.12313435,-0.34754235,-0.27575272,-0.25630778,-0.26632994,-0.013325074,-0.042592816,0.2712046,0.5037281,-0.33507413,-0.0073331427,0.550374,-0.06428376,0.0,0,0,1,0,0,0,0,0,0,0,0,0,0,0,1,0,0,0,0,0,0,0,0,0.0,0.0,0.0,0.0
0.51277065,-0.35828686,0.3669175,0.361977,0.11439348,-0.283083,-0.4271866,0.39949474,0.0558949,0.33909148,0.13080296,-0.23925157,-0.08622844,0.2307208,0.07342978,0.6175296,-0.5592068,0.22585024,0.061029445,-0.081379004,0.20712171,0.15807085,0.54074347,0.09327281,0.07863756,-0.3494405,-0.25372297,-0.27493706,-0.81573325,0.14489126,0.42518544,0.10992798,0.28236365,-0.0377282,-0.25655153,-0.13492727,0.028074054,-0.17723791,0.1031575,0.3326036,-0.5016175,-0.39976206,0.22262532,0.22132167,-0.020590402,0.34583327,0.14693923,0.11978711,0.5352888,-0.34690017,-0.30605435,0.24704121,0.029194772,-0.43546054,0.6162044,0.18500262,0.37192044,-0.56763726,-0.18335873,-0.11359248,-0.28655437,-0.16518159,-0.05213983,-0.52080035,-0.17403086,0.29411945,-0.11840902,0.53742653,-0.19590734,-0.42876226,0.3432815,-0.401009,-0.17953473,-0.26066864,-0.012237462,-0.35661066,-0.5284096,0.51962954,0.086268336,-0.40198353,0.011609572,0.48660696,0.15895526,0.47307903,-0.082333334,0.15921985,0.6322683,0.038089808,-0.1999165,0.64871824,-0.28308102,-0.32683954,0.16605334,0.17388369,0.5601218,-0.60853606,0.16935149,0.13386627,-0.35720938,0.39528373,0.15074787,-0.17027727,0.025083762,-0.36650026,-0.37289372,0.047942184,-0.06484913,0.13063167,0.5090071,0.035199862,0.7252648,0.29615986,-0.134057,-0.49380115,-0.10671824,0.46484417,-0.16035481,-0.20232771,-0.3186239,-0.1390316,0.13228317,-0.044421628,0.09953176,0.17325501,0.34226817,-0.29950917,0.2862348,-0.34753948,0.21729721,-0.3602016,0.19590431,0.37481284,0.15727621,-0.47027138,-0.0145324245,0.21523644,0.32686982,-0.47743714,-0.53057826,-0.1666289,-0.29742458,-0.02536274,-0.03306191,0.11666694,0.53584313,-0.23127446,-0.5285231,-0.37686473,-0.27150792,-0.18850952,-0.41515854,-0.11390157,-0.29315364,-0.07427457,-0.07560555,-0.29883054,-0.068738006,-0.12150544,0.28561038,0.17533214,0.19967836,-0.4344035,0.1129069,0.033761118,-0.09912755,0.27530894,0.03698468,0.37436104,-0.11812587,-0.36018598,0.42445317,-0.06296627,-0.05639511,0.2322334,0.7093327,0.25329196,0.26458746,0.24471353,0.2066845,0.5499986,-0.56416017,-0.04000992,0.30233917,-0.18277259,0.24316284,0.1436547,0.23588492,-0.53499365,0.3884443,-0.04282441,-0.44339955,-0.15406272,-0.22348179,-0.06463592,0.10439586,-0.33395046,-0.27779943,-0.05454104,0.5281249,-0.15505254,0.1880165,0.15654467,-0.25879893,-0.021101572,-0.48808074,0.37409577,-0.10775744,-0.15862463,-0.21675034,-0.18901691,0.21297498,0.17262232,-0.29911155,0.13259694,0.07624298,0.37551633,-0.30309057,-0.3713458,-0.5746781,-0.031994108,0.09110162,0.13172948,0.089095116,-0.23113763,-0.36953214,1.5229651,-0.075920574,-0.34791562,0.17125823,0.033452846,-0.11070939,0.18725504,-0.28954318,-0.2453949,-0.047248613,0.41694275,-0.41178933,-0.98020554,0.19114085,-0.30641544,-0.338744,0.2758705,0.7515675,0.34741127,0.0024943843,0.18352897,-0.12767486,-0.6933018,-0.117985524,-0.10864296,-0.4223576,-0.2529169,-0.57067275,0.058323566,-0.26689848,0.002854839,0.06641614,-0.12933844,0.11143671,0.01830367,0.52034235,-0.09054839,0.063021585,0.06919302,0.52111465,-0.85566556,0.18768466,0.20334733,0.4676302,0.06867107,-0.062071778,0.14467926,0.306894,0.6280109,0.33863872,-0.26469278,0.6100917,-0.3413249,0.26227832,-0.3201195,0.34098977,0.1340768,-0.19036022,-0.2680895,-0.5478787,0.18706226,0.48253793,0.040356513,-0.09345276,0.18517971,-0.5164194,-0.13015269,0.0976126,-0.36594114,0.54577625,-0.057895932,0.24867134,-0.1286122,-0.4690195,-0.047299977,-0.17241403,0.016820597,0.11807522,-0.053783234,0.17619173,-0.17657036,0.25708038,-0.64628655,-7.5497465,-0.2012063,0.29811162,-0.406858,0.49208516,-0.30747798,-0.099157095,0.15681237,-0.5610599,0.40604535,0.28322884,-0.115409486,-0.027248358,-0.17877926,-0.12301725,-0.56120336,0.25234812,-0.2041762,-0.120116234,0.33456117,-0.3353236,-0.42571586,0.45744455,-0.39146218,-0.2898776,0.53411,0.110330924,0.2036758,0.22314475,-0.3609238,-0.38068965,-0.1259109,-0.48299775,1.0168006,-0.3052713,-0.022456001,-0.35715958,-0.55163074,-0.6573171,-0.38406968,0.24565125,-0.11795313,-0.07979637,-0.5511947,0.7694371,-0.5030145,-0.27881768,0.35295254,0.09708834,0.1266871,0.39156783,-0.19019762,-0.06098572,-0.4626459,-0.047648616,-0.22213638,-0.20252448,0.36717623,0.06890983,-0.342504,0.50444055,-0.0006682157,-0.12393262,0.45212293,0.050990567,-0.53895974,-0.9816714,-0.5041936,-0.2565825,0.10745989,-0.5913763,0.3160179,0.15361598,-1.2453123,-0.7866483,-0.13428265,0.47153354,0.3884339,-0.7782013,-0.64595187,-0.45343944,0.18287446,0.42432255,-0.38577297,-0.5176657,-0.32682538,0.06919891,0.061357345,0.026167654,0.0719246,0.23763086,0.09727418,0.41772622,0.113138504,-0.3609837,-0.17210053,0.4571152,0.16829775,0.008124378,0.4835284,0.048260488,0.07999074,0.17676367,-0.56360674,0.39579546,0.10770605,-0.37713087,0.09609478,-0.06454418,-0.16315822,-0.20092314,-0.18272462,-0.046667747,-0.36501357,0.03118098,-0.43021667,0.38763604,0.48994797,-0.26363027,-0.3668977,-0.09088175,0.49280593,-0.14464957,-0.17030074,0.2674626,0.04838541,0.14908263,-0.034957703,-0.04382665,-0.40119958,-0.09425023,-0.17330237,0.12184737,0.79763484,0.09472354,-0.461815,-0.0029040896,-0.32185966,0.059991047,0.19430637,0.05269962,0.5487437,0.1381686,0.23420742,0.43134835,0.32394555,0.50489765,0.33728424,-0.33243707,0.032600056,-0.64886403,-0.64290404,0.41002125,0.05866046,0.38748595,0.5568976,-0.16399798,-0.30728212,-0.062682375,-0.63916755,-0.10408699,-0.13968162,0.15716891,0.22625938,-0.20993322,-0.021635432,0.32328475,0.0012458471,-0.14490797,-0.24810342,-0.26120442,0.62883633,0.31914255,0.11945133,0.13740058,0.63940954,0.38514003,-0.29267737,0.069987096,0.56884164,0.15446457,0.0338635,-0.33124924,-0.17515236,0.4630612,0.30446517,0.31638122,0.3140843,-0.0034918725,0.5125406,-0.18895067,0.44369292,-0.15392262,-1.1169304,-0.43974045,-0.5884292,0.40091148,-0.42501011,-0.13333777,0.64936644,-0.44245076,0.2108828,-0.28413865,0.19899721,-0.047564402,-0.17874947,-0.014723749,0.5609732,-0.10584753,-0.12585846,-0.39245903,0.04370351,-0.034599964,-0.0700612,0.61576086,0.06903481,-0.04564021,-0.44256958,-0.56536525,-0.01947014,-0.7564895,0.09353046,0.42513263,-0.15134905,-0.14428444,0.12261122,0.027604735,-0.1556972,-0.56815726,-0.11596524,-0.11638542,-0.8120191,0.16501114,-0.24516578,-0.35911438,0.27501076,-0.47698224,-0.48253685,-0.14370395,-0.13995853,-0.13472535,-1.0216262,0.21315947,-0.0845058,-0.23396422,-0.04670509,-0.040410437,0.10382761,-0.3583068,-0.046710458,0.06290779,-0.003405235,-0.23235519,-0.4277239,-0.12045823,-0.6156819,-0.30343714,-0.12902135,-0.46038425,0.1367743,0.07241423,-0.18354875,0.19922017,0.3007918,-0.34501702,-0.16319296,0.07821544,0.25619632,-0.42325446,0.0012215223,-0.25353515,0.050829787,-0.22452873,0.27081057,0.12894517,0.13879019,-0.3089307,-0.5537495,-0.41384232,-0.36064112,-0.5156667,-0.09733519,-0.15995039,-0.37035048,0.100682534,-0.33029756,-0.24399833,0.7146127,0.28881568,0.11789222,0.050931286,0.12075163,0.36324966,0.09985478,0.09600514,-0.2144253,0.63346404,-0.4497802,-0.23088092,0.08215497,0.12326173,-0.06356122,0.3862006,0.20107594,-0.25037414,0.056796122,-0.031756315,-0.20815352,-0.2671588,0.09660347,0.15692084,-0.07252214,0.65899193,0.70429885,0.016413547,0.112899676,-0.11598318,0.07138999,-0.29416212,0.2252355,-0.33081752,0.28752536,0.33983216,-0.36681703,0.20849746,0.27357998,0.13390191,-0.17709717,0.4076741,0.19757879,-0.4319116,0.20493904,-0.15752654,0.47726083,-0.29983094,-0.43031582,-0.088309765,0.22740859,-0.019784823,0.15201476,0.23350778,0.42866188,0.2590504,0.6012395,-0.19820416,-0.1101654,-0.07748823,0.04933684,0.69206285,-0.042101193,0.08248905,-0.41742527,-0.26543424,0.03917972,0.57864463,-0.009081917,0.14213009,0.1686566,0.22842215,0.42237654,-0.2774192,0.014590277,-0.30354157,-0.70939475,0.22525333,-0.2173197,0.40666062,-0.40149114,0.0040817773,-0.6953719,0.23097718,-0.071194686,0.37422302,-0.1835176,0.09069704,-0.093190625,-0.42921486,-0.04058336,-0.21064983,0.26034632,0.23201446,-0.49569893,-0.28063643,0.3732288,0.07447511,-0.39334568,0.28952375,-0.1137003,0.26671544,-0.41988292,-0.28586036,-0.36941746,-0.21787733,-0.08990452,-0.07986161,0.084471844,0.38020873,0.29314548,-0.11635825,0.11751675,-0.07011952,-0.3864857,-0.55043423,0.45359382,-0.25405446,-0.14935744,-0.3806708,-0.13420536,-0.6792287,-0.07316648,0.34340504,0.19936807,-0.030165715,0.31174213,0.08460182,-0.23779653,0.868005,-0.13042212,0.075555235,-0.6256761,-0.25676095,-0.45874986,0.10327854,0.50953376,0.15748124,-0.1507897,0.0052463217,0.21098335,-0.2550571,0.301499,-0.77305925,0.25232244,0.14513889,-0.17582183,-0.11675733,-0.15736905,0.13811862,0.113429695,-0.24905235,-0.5194579,-0.37436852,0.31666997,-0.2774691,-0.49973947,0.22095986,0.16758308,0.15351604,0.12313435,-0.34754235,-0.27575272,-0.25630778,-0.26632994,-0.013325074,-0.042592816,0.2712046,0.5037281,-0.33507413,-0.0073331427,0.550374,-0.06428376,0.0,0,0,1,0,0,0,0,0,0,0,0,0,0,0,1,0,0,0,0,0,0,0,0,0.0,0.0,0.0,0.0
0.51277065,-0.35828686,0.3669175,0.361977,0.11439348,-0.283083,-0.4271866,0.39949474,0.0558949,0.33909148,0.13080296,-0.23925157,-0.08622844,0.2307208,0.07342978,0.6175296,-0.5592068,0.22585024,0.061029445,-0.081379004,0.20712171,0.15807085,0.54074347,0.09327281,0.07863756,-0.3494405,-0.25372297,-0.27493706,-0.81573325,0.14489126,0.42518544,0.10992798,0.28236365,-0.0377282,-0.25655153,-0.13492727,0.028074054,-0.17723791,0.1031575,0.3326036,-0.5016175,-0.39976206,0.22262532,0.22132167,-0.020590402,0.34583327,0.14693923,0.11978711,0.5352888,-0.34690017,-0.30605435,0.24704121,0.029194772,-0.43546054,0.6162044,0.18500262,0.37192044,-0.56763726,-0.18335873,-0.11359248,-0.28655437,-0.16518159,-0.05213983,-0.52080035,-0.17403086,0.29411945,-0.11840902,0.53742653,-0.19590734,-0.42876226,0.3432815,-0.401009,-0.17953473,-0.26066864,-0.012237462,-0.35661066,-0.5284096,0.51962954,0.086268336,-0.40198353,0.011609572,0.48660696,0.15895526,0.47307903,-0.082333334,0.15921985,0.6322683,0.038089808,-0.1999165,0.64871824,-0.28308102,-0.32683954,0.16605334,0.17388369,0.5601218,-0.60853606,0.16935149,0.13386627,-0.35720938,0.39528373,0.15074787,-0.17027727,0.025083762,-0.36650026,-0.37289372,0.047942184,-0.06484913,0.13063167,0.5090071,0.035199862,0.7252648,0.29615986,-0.134057,-0.49380115,-0.10671824,0.46484417,-0.16035481,-0.20232771,-0.3186239,-0.1390316,0.13228317,-0.044421628,0.09953176,0.17325501,0.34226817,-0.29950917,0.2862348,-0.34753948,0.21729721,-0.3602016,0.19590431,0.37481284,0.15727621,-0.47027138,-0.0145324245,0.21523644,0.32686982,-0.47743714,-0.53057826,-0.1666289,-0.29742458,-0.02536274,-0.03306191,0.11666694,0.53584313,-0.23127446,-0.5285231,-0.37686473,-0.27150792,-0.18850952,-0.41515854,-0.11390157,-0.29315364,-0.07427457,-0.07560555,-0.29883054,-0.068738006,-0.12150544,0.28561038,0.17533214,0.19967836,-0.4344035,0.1129069,0.033761118,-0.09912755,0.27530894,0.03698468,0.37436104,-0.11812587,-0.36018598,0.42445317,-0.06296627,-0.05639511,0.2322334,0.7093327,0.25329196,0.26458746,0.24471353,0.2066845,0.5499986,-0.56416017,-0.04000992,0.30233917,-0.18277259,0.24316284,0.1436547,0.23588492,-0.53499365,0.3884443,-0.04282441,-0.44339955,-0.15406272,-0.22348179,-0.06463592,0.10439586,-0.33395046,-0.27779943,-0.05454104,0.5281249,-0.15505254,0.1880165,0.15654467,-0.25879893,-0.021101572,-0.48808074,0.37409577,-0.10775744,-0.15862463,-0.21675034,-0.18901691,0.21297498,0.17262232,-0.29911155,0.13259694,0.07624298,0.37551633,-0.30309057,-0.3713458,-0.5746781,-0.031994108,0.09110162,0.13172948,0.089095116,-0.23113763,-0.36953214,1.5229651,-0.075920574,-0.34791562,0.17125823,0.033452846,-0.11070939,0.18725504,-0.28954318,-0.2453949,-0.047248613,0.41694275,-0.41178933,-0.98020554,0.19114085,-0.30641544,-0.338744,0.2758705,0.7515675,0.34741127,0.0024943843,0.18352897,-0.12767486,-0.6933018,-0.117985524,-0.10864296,-0.4223576,-0.2529169,-0.57067275,0.058323566,-0.26689848,0.002854839,0.06641614,-0.12933844,0.11143671,0.01830367,0.52034235,-0.09054839,0.063021585,0.06919302,0.52111465,-0.85566556,0.18768466,0.20334733,0.4676302,0.06867107,-0.062071778,0.14467926,0.306894,0.6280109,0.33863872,-0.26469278,0.6100917,-0.3413249,0.26227832,-0.3201195,0.34098977,0.1340768,-0.19036022,-0.2680895,-0.5478787,0.18706226,0.48253793,0.040356513,-0.09345276,0.18517971,-0.5164194,-0.13015269,0.0976126,-0.36594114,0.54577625,-0.057895932,0.24867134,-0.1286122,-0.4690195,-0.047299977,-0.17241403,0.016820597,0.11807522,-0.053783234,0.17619173,-0.17657036,0.25708038,-0.64628655,-7.5497465,-0.2012063,0.29811162,-0.406858,0.49208516,-0.30747798,-0.099157095,0.15681237,-0.5610599,0.40604535,0.28322884,-0.115409486,-0.027248358,-0.17877926,-0.12301725,-0.56120336,0.25234812,-0.2041762,-0.120116234,0.33456117,-0.3353236,-0.42571586,0.45744455,-0.39146218,-0.2898776,0.53411,0.110330924,0.2036758,0.22314475,-0.3609238,-0.38068965,-0.1259109,-0.48299775,1.0168006,-0.3052713,-0.022456001,-0.35715958,-0.55163074,-0.6573171,-0.38406968,0.24565125,-0.11795313,-0.07979637,-0.5511947,0.7694371,-0.5030145,-0.27881768,0.35295254,0.09708834,0.1266871,0.39156783,-0.19019762,-0.06098572,-0.4626459,-0.047648616,-0.22213638,-0.20252448,0.36717623,0.06890983,-0.342504,0.50444055,-0.0006682157,-0.12393262,0.45212293,0.050990567,-0.53895974,-0.9816714,-0.5041936,-0.2565825,0.10745989,-0.5913763,0.3160179,0.15361598,-1.2453123,-0.7866483,-0.13428265,0.47153354,0.3884339,-0.7782013,-0.64595187,-0.45343944,0.18287446,0.42432255,-0.38577297,-0.5176657,-0.32682538,0.06919891,0.061357345,0.026167654,0.0719246,0.23763086,0.09727418,0.41772622,0.113138504,-0.3609837,-0.17210053,0.4571152,0.16829775,0.008124378,0.4835284,0.048260488,0.07999074,0.17676367,-0.56360674,0.39579546,0.10770605,-0.37713087,0.09609478,-0.06454418,-0.16315822,-0.20092314,-0.18272462,-0.046667747,-0.36501357,0.03118098,-0.43021667,0.38763604,0.48994797,-0.26363027,-0.3668977,-0.09088175,0.49280593,-0.14464957,-0.17030074,0.2674626,0.04838541,0.14908263,-0.034957703,-0.04382665,-0.40119958,-0.09425023,-0.17330237,0.12184737,0.79763484,0.09472354,-0.461815,-0.0029040896,-0.32185966,0.059991047,0.19430637,0.05269962,0.5487437,0.1381686,0.23420742,0.43134835,0.32394555,0.50489765,0.33728424,-0.33243707,0.032600056,-0.64886403,-0.64290404,0.41002125,0.05866046,0.38748595,0.5568976,-0.16399798,-0.30728212,-0.062682375,-0.63916755,-0.10408699,-0.13968162,0.15716891,0.22625938,-0.20993322,-0.021635432,0.32328475,0.0012458471,-0.14490797,-0.24810342,-0.26120442,0.62883633,0.31914255,0.11945133,0.13740058,0.63940954,0.38514003,-0.29267737,0.069987096,0.56884164,0.15446457,0.0338635,-0.33124924,-0.17515236,0.4630612,0.30446517,0.31638122,0.3140843,-0.0034918725,0.5125406,-0.18895067,0.44369292,-0.15392262,-1.1169304,-0.43974045,-0.5884292,0.40091148,-0.42501011,-0.13333777,0.64936644,-0.44245076,0.2108828,-0.28413865,0.19899721,-0.047564402,-0.17874947,-0.014723749,0.5609732,-0.10584753,-0.12585846,-0.39245903,0.04370351,-0.034599964,-0.0700612,0.61576086,0.06903481,-0.04564021,-0.44256958,-0.56536525,-0.01947014,-0.7564895,0.09353046,0.42513263,-0.15134905,-0.14428444,0.12261122,0.027604735,-0.1556972,-0.56815726,-0.11596524,-0.11638542,-0.8120191,0.16501114,-0.24516578,-0.35911438,0.27501076,-0.47698224,-0.48253685,-0.14370395,-0.13995853,-0.13472535,-1.0216262,0.21315947,-0.0845058,-0.23396422,-0.04670509,-0.040410437,0.10382761,-0.3583068,-0.046710458,0.06290779,-0.003405235,-0.23235519,-0.4277239,-0.12045823,-0.6156819,-0.30343714,-0.12902135,-0.46038425,0.1367743,0.07241423,-0.18354875,0.19922017,0.3007918,-0.34501702,-0.16319296,0.07821544,0.25619632,-0.42325446,0.0012215223,-0.25353515,0.050829787,-0.22452873,0.27081057,0.12894517,0.13879019,-0.3089307,-0.5537495,-0.41384232,-0.36064112,-0.5156667,-0.09733519,-0.15995039,-0.37035048,0.100682534,-0.33029756,-0.24399833,0.7146127,0.28881568,0.11789222,0.050931286,0.12075163,0.36324966,0.09985478,0.09600514,-0.2144253,0.63346404,-0.4497802,-0.23088092,0.08215497,0.12326173,-0.06356122,0.3862006,0.20107594,-0.25037414,0.056796122,-0.031756315,-0.20815352,-0.2671588,0.09660347,0.15692084,-0.07252214,0.65899193,0.70429885,0.016413547,0.112899676,-0.11598318,0.07138999,-0.29416212,0.2252355,-0.33081752,0.28752536,0.33983216,-0.36681703,0.20849746,0.27357998,0.13390191,-0.17709717,0.4076741,0.19757879,-0.4319116,0.20493904,-0.15752654,0.47726083,-0.29983094,-0.43031582,-0.088309765,0.22740859,-0.019784823,0.15201476,0.23350778,0.42866188,0.2590504,0.6012395,-0.19820416,-0.1101654,-0.07748823,0.04933684,0.69206285,-0.042101193,0.08248905,-0.41742527,-0.26543424,0.03917972,0.57864463,-0.009081917,0.14213009,0.1686566,0.22842215,0.42237654,-0.2774192,0.014590277,-0.30354157,-0.70939475,0.22525333,-0.2173197,0.40666062,-0.40149114,0.0040817773,-0.6953719,0.23097718,-0.071194686,0.37422302,-0.1835176,0.09069704,-0.093190625,-0.42921486,-0.04058336,-0.21064983,0.26034632,0.23201446,-0.49569893,-0.28063643,0.3732288,0.07447511,-0.39334568,0.28952375,-0.1137003,0.26671544,-0.41988292,-0.28586036,-0.36941746,-0.21787733,-0.08990452,-0.07986161,0.084471844,0.38020873,0.29314548,-0.11635825,0.11751675,-0.07011952,-0.3864857,-0.55043423,0.45359382,-0.25405446,-0.14935744,-0.3806708,-0.13420536,-0.6792287,-0.07316648,0.34340504,0.19936807,-0.030165715,0.31174213,0.08460182,-0.23779653,0.868005,-0.13042212,0.075555235,-0.6256761,-0.25676095,-0.45874986,0.10327854,0.50953376,0.15748124,-0.1507897,0.0052463217,0.21098335,-0.2550571,0.301499,-0.77305925,0.25232244,0.14513889,-0.17582183,-0.11675733,-0.15736905,0.13811862,0.113429695,-0.24905235,-0.5194579,-0.37436852,0.31666997,-0.2774691,-0.49973947,0.22095986,0.16758308,0.15351604,0.12313435,-0.34754235,-0.27575272,-0.25630778,-0.26632994,-0.013325074,-0.042592816,0.2712046,0.5037281,-0.33507413,-0.0073331427,0.550374,-0.06428376,0.0,0,0,1,0,0,0,0,0,0,0,0,0,0,0,1,0,0,0,0,0,0,0,0,0.0,0.0,0.0,0.0
0.17521192,-0.19395487,0.61332476,0.09532373,0.42528605,-0.1066433,0.09403852,0.91516846,-0.43068886,0.027050229,-0.0772403,-0.3005657,0.03130327,0.54446936,0.094186135,0.6526848,-0.15505473,0.48407355,0.0104218945,-0.034545895,0.437369,0.13887039,-0.20591533,-0.06452672,0.60496676,0.17855608,0.07249895,-0.28016758,-0.7874221,-0.07424918,0.50406235,0.053093158,0.15946808,-0.115291394,-0.48027316,-0.6377753,-0.15253934,-0.16074227,0.26486167,0.5241711,-0.28639486,-0.09166793,0.080435865,0.26099658,-0.13797946,0.22778434,-0.0694674,-0.3980548,0.3506932,-0.23282029,-0.8242086,0.14071558,-0.16441071,-0.38620934,-0.052657243,0.23374249,0.6553032,-0.5988846,-0.45508835,-0.019440176,-0.2848769,-0.17100431,-0.15886156,-0.16414104,-0.33922032,-0.21424125,0.24145956,0.7344754,-1.1173358,0.35788196,0.22645125,-0.3558335,0.3635377,0.40965003,0.121450484,0.5867772,-0.3902194,1.0967315,0.23146969,-0.5017093,-0.18648642,-0.0146547565,0.5282985,0.2934686,0.43315476,-0.118962325,0.13869117,-0.21707703,-0.4812049,0.8873879,-0.17535341,-0.07938959,-0.13081194,0.054140005,0.8509366,-0.73781174,-0.5473888,0.11849734,-0.4325098,-0.05100582,0.5715372,-0.51424736,0.38257587,-0.18256275,-0.44234034,0.08155331,-0.51112485,0.06589644,0.40026674,0.38662082,0.32987142,0.18811613,-0.014499041,-0.703074,0.03455693,0.39652875,-0.17528923,0.16038696,0.03208105,-0.11902819,0.06477299,0.36832225,0.010864799,0.1974949,0.50924134,0.5112676,0.12631747,-0.32978573,0.2651573,0.29457012,0.84027755,0.58776003,0.42942947,-0.26347592,0.48898065,0.22839853,0.08762854,0.040256683,-0.14003776,-0.08250452,-0.1542607,-0.2450813,0.17235506,0.103785604,0.79126215,-0.24606973,-0.19176762,-0.19846073,0.052963972,0.34466758,-0.38028565,-0.19797912,-0.5344739,0.01325259,0.11906917,-0.39531004,-0.22556679,-0.08225728,0.22428828,0.33061373,0.38143003,0.080205984,-0.021867326,-0.20210156,0.09669256,0.044469148,0.12585239,0.52737904,-0.09015217,-0.28976518,-0.02887783,-0.95963484,0.5205004,-0.0870811,0.3909657,0.60249937,0.31434792,-0.45880988,0.24972594,1.1397648,-0.46507463,0.0012512344,0.23033096,-0.21695787,0.11351153,-0.17816259,0.8442317,-0.6812212,0.4971891,0.30009785,-0.7251822,-0.40399155,-0.2571676,-0.11383921,0.40637666,-0.36199993,-0.27247855,-0.18958671,0.45974675,-0.3931575,0.21673277,0.16461933,-0.020592619,-0.49568313,-0.6684595,0.27507532,-0.2782582,-0.23421757,-0.7829393,-0.059136022,-0.45539394,0.58144724,-0.22334081,0.07464732,0.030546784,0.2673288,0.038015947,-0.37672815,-0.0803478,0.52145565,-0.23521,-0.43901944,0.0035994225,-0.09608804,-0.07741977,1.4531016,0.32202163,-0.45073172,0.78899103,0.39141166,0.09142702,0.004757528,0.08558497,-0.49889988,0.26617798,0.4045516,-0.29217064,-0.572915,0.1740528,-0.022708232,-0.53698504,0.6087601,0.41699752,-0.11943418,-0.12558112,0.17371742,-0.016806437,-0.5711804,-0.16068293,-0.09210236,-0.013543837,0.00051048637,-0.42489493,-0.28797942,-0.21721181,-0.24695206,-0.098784484,-0.12690137,-0.21686439,0.48187897,0.29620057,0.11458314,0.20016798,-0.07634208,0.09886312,-0.595017,-0.112135105,0.305198,0.5841673,0.09872988,-0.49268067,-0.45551857,0.025563093,0.73879015,-0.1163791,-0.36931908,0.30309838,-0.21042965,0.14129815,-0.25077093,0.0024268425,0.52144784,-0.29950157,-0.2999189,-0.21339296,-0.3591555,0.6331154,0.00014375478,-0.12632056,-0.32259175,-0.3185237,-0.2506482,-0.1368404,-0.07998917,0.97627866,0.641173,0.2829357,0.2976698,-0.72767603,-0.48268405,0.012887977,-0.14060824,0.03221114,-0.08306858,-0.17247027,-0.090217315,-0.51960987,-0.45966056,-8.404679,-0.2227403,-0.24145672,-0.38454697,-0.28143027,-0.44641683,-0.37295094,0.06527917,-0.21947981,0.033284113,-0.05086492,-0.22431196,0.18524216,-0.1473329,-0.4074956,0.099637404,0.99267495,0.47022572,-0.5821707,0.29471108,-0.4389933,-0.37143105,0.45710644,0.10705028,0.48815486,0.39091626,0.1072856,-0.1465701,0.2712387,-0.33414435,-0.34105855,0.11574412,0.05119108,1.0752143,-0.4471927,-0.02551043,0.120852165,-0.60494053,-0.038318127,0.030351095,-0.0034060872,0.030682003,-0.33521298,0.42834517,1.1428345,-0.7127359,-0.2117209,0.22835407,0.02066566,0.10304952,-0.4097353,-0.6100473,-0.007158822,-0.5409978,-0.11987832,-0.08797963,-0.04030855,0.70629954,-0.006138778,-0.21280971,0.58795923,-0.343438,-0.18159004,-0.13581438,-0.28345767,-0.60261595,-0.8458821,-0.624001,-0.26980105,-0.2897111,-0.45878497,0.8281918,0.10048451,-1.0667778,-0.5466839,-0.15638115,0.32158384,0.027484367,-0.362755,-0.46145627,-1.084086,-0.3979124,0.07014582,-0.23450643,-0.6410419,-0.7442171,-0.14570384,-0.57648945,-0.42011878,0.34796706,-0.04658118,-0.05184312,0.28697073,0.30981445,-0.35061336,-0.12031709,0.73462903,-0.36566603,-0.118832804,0.3716004,0.4068429,0.38605917,0.64918196,-0.27368134,-0.21442725,0.20713295,-0.57284784,0.010503634,-0.10721882,-0.4430379,-0.3900261,0.020918196,-0.55059266,0.10578296,-0.54284394,-0.2613694,-0.11732827,0.3528788,-0.07060096,-0.97928184,-0.17274095,0.36834592,-0.2870529,-0.5740428,0.00426763,-0.019928198,0.044489574,0.25960755,0.03172733,-0.48396194,-0.21787764,-0.10280129,0.12803033,-0.061303955,-0.014351122,-0.5286392,-0.1755703,-0.315734,-0.29819432,0.46230018,0.05328356,0.42038906,0.37239376,-0.031946138,0.42356282,0.052791543,0.2589012,0.08149092,-0.10805916,0.22146901,-0.61239266,-0.9881279,0.1623696,-0.37194765,0.2550648,-0.15158348,0.53226304,0.020771885,-0.3904578,-0.4468464,0.098560475,-0.13384303,0.074004754,0.3142622,0.058540203,-0.24635446,0.35853308,0.3262616,0.37906417,-0.4605009,-0.2057312,0.6724851,0.17746285,0.28181896,0.030321887,0.3653886,0.7288206,-0.6965267,-0.324803,0.48079726,0.081636146,0.50025916,0.16646063,0.047532037,0.3942686,-0.17592455,0.52681726,0.7735661,0.6699336,0.33957738,-0.71242416,0.4740742,0.05403182,-0.6002754,0.13957849,-0.5768201,0.7757832,0.032204617,-0.11387432,0.24751318,-0.41065243,0.37591636,-0.5144173,0.29937747,-0.110243835,0.035086624,0.022863768,0.26032275,0.5798068,0.42901915,0.24728175,-0.37947235,-0.49158442,-0.62990457,0.57318234,-0.27898622,-0.43197075,-0.28336576,-0.6262537,0.10293761,-0.20224346,0.07073448,0.13396914,-0.05271176,-0.22333422,0.21247314,0.071841955,-0.015117463,-0.105783656,-0.42916104,0.30678692,-1.6568408,0.21667175,-0.042152967,-0.2775205,-0.3000294,-0.07370502,-0.25981453,-0.3096825,-0.34628394,-0.1981272,-0.7584686,-0.062074132,-0.8814291,-0.12646063,0.12589908,-0.5348644,-0.0548549,-0.43146825,-0.13851431,0.46030375,-0.13354078,-0.36056787,-0.3431478,0.25737652,-0.56451356,-0.3743177,-0.07977403,-0.31308806,0.48137254,-0.13935266,-0.11880601,0.271346,0.53112024,0.13249293,0.1791427,0.32377,0.42031148,-0.23490244,-0.62940305,-0.50537133,-0.2783886,-0.17808048,0.34934536,-0.16674756,-0.39181086,-0.6134722,-0.5063373,0.22870138,-0.2703336,-0.45667508,-0.033150036,0.25654534,0.06818699,0.3928672,-0.2467128,-0.43035388,0.39990237,0.044921402,0.14105298,-0.19226462,0.8914397,-0.21877863,0.0477648,-0.0027191585,0.5096456,0.63219815,0.036853656,-0.16865678,-0.057765618,-0.43902466,-0.23804809,0.58870566,0.36978695,0.096228465,0.13873726,-0.051181294,-0.28970325,-0.1701681,-0.56670386,-0.28022987,0.08148589,0.7448556,0.74382806,0.2758702,-0.5812245,-0.6983521,-0.20387869,-0.5697635,0.05799217,-0.5764012,0.18953703,1.0718063,0.23952179,-0.16102418,0.055504847,-0.23532085,-0.16212738,-0.07093003,-0.031593286,-0.37181252,0.115826845,0.067545824,0.4896754,-0.21361363,-0.516063,-0.3661547,-0.23620024,-0.7774195,0.20029184,0.16980594,0.5955742,0.06711959,0.34542468,-0.37201717,-0.14084736,-0.08778195,0.39420167,0.28997028,0.4096514,-0.015589781,0.27858663,-0.2476223,0.2826272,0.098272905,-0.13935038,0.5666184,0.009303831,0.3328612,0.72514313,-0.017701942,0.27100897,0.32818854,-0.6573487,0.05021609,0.24077088,-0.04233458,0.14252058,0.26284745,0.27968547,0.13875479,-0.25642955,0.19127,-0.24935667,-0.07153655,0.11026183,0.017421536,-0.17959547,-0.3575993,-0.10059647,-0.37906185,0.05173598,-0.3490165,-0.09361985,0.31886464,-0.48924214,-0.020246223,0.15058962,-0.23231581,-0.318469,-0.15147817,0.071507975,0.2136567,-0.05397336,-0.11370469,-0.3545713,-0.17121227,0.30126777,0.66778046,0.053716406,0.00015724369,-0.27424338,-0.17330065,-0.30387583,-0.049169898,-0.40123424,-0.33814624,0.16111524,-0.3103162,-0.1663131,0.59394497,0.038258996,-0.048450872,0.2916562,-0.010834074,0.10629055,0.58085066,-0.23569328,-0.32950863,0.11003269,-0.2929779,-0.38905427,-0.17627339,0.26974437,0.3614551,-0.52518964,-0.2035223,-0.013126869,-0.06545036,-0.3811977,-0.59015244,0.38889372,0.4577028,-0.05702474,-0.62439775,-0.2905648,-0.091812246,0.024121786,0.012056752,0.03642666,-0.21541849,0.25432387,0.120646305,-0.12028063,-0.17612293,0.61173177,0.50879633,-0.11975773,-0.5982448,-0.52912945,-0.1682083,0.003720608,-0.2951679,-0.7885461,0.33707714,0.27499956,-0.41484985,-0.46965903,0.391218,0.40582532,0.0,0,0,1,0,0,0,0,0,0,0,0,0,0,0,1,0,0,0,0,0,0,0,0,0.0,0.0,0.0,0.0
0.40423423,-0.08269371,0.67877,0.0014152548,0.6165641,-0.09864163,0.1527877,0.6641792,-0.39598578,-0.2924643,-0.22046019,-0.31216916,-0.121119596,0.50616324,-0.28930363,1.0592135,-0.27378783,0.50145346,0.033155657,0.24308741,0.78955907,-0.07529295,-0.28650707,0.1504668,0.29360372,0.116247475,0.339148,-0.23924594,-0.9956977,-0.40091947,-0.12289731,0.13827367,0.39208868,-0.27117816,-0.36838913,-0.365425,-0.2983674,-0.20808801,0.59424627,0.6584101,-0.0499619,-0.49423558,0.061574634,0.032215044,-0.12256439,0.18897194,-0.17548242,-0.2128763,0.23269059,-0.23601438,-0.61165047,0.047994703,0.1061071,-0.13904387,0.11050091,0.62318957,0.749594,-0.82176065,0.12016124,0.29851875,-0.22947069,-0.2493248,0.34685996,0.24362777,-0.17113957,-0.1152467,0.18638976,0.7098094,-0.9982124,0.43301573,0.015249737,0.4877807,0.19687288,0.16263436,0.33979687,0.3973057,-0.24292538,0.544733,0.08462437,-0.2195056,0.113236904,0.052039847,0.36931872,0.293395,0.4970027,0.26237044,-0.038612913,-0.054725185,-0.6522068,0.6985671,-0.02313168,-0.06209334,0.11029318,0.14872503,0.59171313,-0.46772778,-0.7856524,-0.5241791,0.026114637,0.023192989,0.19315128,-0.08029304,0.13860555,0.1217431,-0.46526414,-0.08731662,-0.86748415,-0.10232223,-0.11879984,0.070170574,-0.054373857,0.40216425,0.16589679,-0.7732879,0.16584799,0.1961593,0.046295784,0.20775497,0.42054132,-0.08120168,-0.20088153,0.71999437,0.1781008,0.3219103,0.38972864,0.34586692,-0.16648561,-0.18238539,0.20740919,0.42652312,1.0394287,0.7137057,0.22423282,-0.24914655,0.33815953,-0.19836666,-0.25617513,-0.13719574,-0.016630707,-0.24930853,-0.41137016,-0.14531632,0.25351882,0.108685926,0.46159667,0.16718344,-0.19215105,0.04669821,-0.39421624,0.6713467,-0.32926655,-0.3147285,-0.19971406,0.14949457,0.11708231,-0.11790484,-0.16695158,-0.10813862,0.12753204,0.14501715,0.1868122,0.16380744,-0.11746891,-0.030062504,0.016355652,0.11835971,-0.0029093474,0.10219369,-0.0359482,-0.38294488,-0.18173961,-0.7255235,0.033745874,0.31322628,0.12682036,0.42559677,0.23302603,-0.6428351,0.09499293,0.7606099,-0.4574161,0.078014985,0.255987,-0.61439204,-0.052952062,0.0254825,0.90505403,-0.29009512,0.4310519,-0.022493994,-0.54087824,-0.30558288,-0.01698222,-0.1402408,0.46210212,-0.2434812,-0.046927992,-0.34926766,0.36575246,0.025170645,-0.15154028,0.3831002,0.008588765,-0.56305015,-0.51751035,0.5187354,-0.06769112,-0.489859,-0.6452414,-0.10937015,-0.4191953,0.24958813,-0.25083905,0.54758626,0.06869527,-0.04931695,0.12976655,-0.47555786,0.23232408,0.43278813,-0.25581354,-0.35953626,0.32151982,0.16514559,-0.35756066,1.3068688,0.07314002,-0.26014167,0.6131167,0.075547285,-0.29005098,-0.13651767,0.11675451,-0.15453571,0.32675555,0.54712343,0.060932223,-0.36320132,0.15548062,-0.2228314,-0.40241155,0.5176525,0.5213832,-0.16924717,-0.2391037,0.02110802,0.1419894,-0.33596754,-0.23923048,-0.114973225,-0.027790401,0.44521987,-0.2721818,-0.22292078,0.14207447,-0.3374904,0.043078013,-0.26066887,-0.42306072,0.2300014,0.21503851,-0.18755098,0.08804224,-0.016131537,0.001474491,-0.44560203,0.2108554,0.18404077,0.7636539,0.4513981,-0.41574466,-0.19096926,-0.07674634,0.6385327,0.36661404,-0.28222084,0.116866834,-0.2793766,0.14558546,-0.34545633,-0.048745237,0.43836316,0.10792692,-0.011285538,-0.11285674,-0.3306701,0.24376507,0.037258912,-0.5261155,-0.27889246,-0.37489316,0.20485869,-0.2726313,-0.07878331,1.006623,0.48312,0.021134363,-0.090289086,-0.30525982,-0.13718517,-0.034365065,0.04554362,0.2908604,-0.3233115,-0.06614853,0.2995295,-0.78677416,-0.26400536,-9.114584,-0.1516603,-0.42587554,-0.21048032,-0.114419594,-0.5028299,-0.19314516,0.07218762,0.24530771,0.1213881,-0.16639592,-0.07209511,0.054966725,-0.29065055,-0.08143244,0.20019823,0.41352272,0.23240459,-0.29584867,0.22458702,-0.42339784,-0.23931189,0.34962425,-0.09078535,0.80103666,-0.3564646,-0.28562203,-0.22091623,-0.10375128,-0.4103601,0.085423745,0.10343359,-0.15863426,0.962997,-0.10836048,-0.33720502,0.22039221,-0.40748376,0.009630385,-0.06429753,0.17913674,-0.12050093,-0.42132708,0.13146034,0.83846235,-0.43316022,-0.26723793,0.2955019,-0.045288574,0.118306056,-0.12647934,-0.7462431,-0.07448936,-0.37510353,0.040646274,-0.23383003,-0.10683574,1.075651,-0.39768583,-0.33638385,0.8328627,-0.5428508,-0.24186791,0.066613935,-0.5168543,-0.041592807,-0.9810846,-0.6471164,-0.34043512,0.039858423,-0.3963554,0.5434879,0.17954949,-1.2070289,0.06855645,-0.1585989,0.053112134,0.35456952,-0.4375564,-0.33147004,-0.9685683,-0.02760905,-0.18289334,0.09957093,-0.52271456,-0.37410733,0.22336927,-0.6115205,-0.6716396,0.43551022,-0.42694455,-0.093174465,0.32563505,0.1921641,-0.176824,-0.41253904,0.67472595,-0.21341234,0.27499047,0.07649449,0.6300902,-0.070097364,0.59245497,-0.3580959,-0.6251802,0.21567182,-0.59195715,0.00019539382,-0.03347096,-0.34250027,-0.06424933,0.004035993,-0.41102147,-0.03934622,-0.22239424,-0.033117186,0.15326317,0.15168022,0.010276017,-0.5689957,-0.6483184,0.44763163,-0.663501,-0.6224209,0.39460805,0.039607998,-0.14635514,-0.014383852,-0.32489848,-0.43753064,-0.055395853,-0.4427842,0.113843605,-0.25645342,0.33059102,-0.35808074,0.0055575273,-0.3079504,-0.13023086,-0.083705455,0.6771078,0.032287434,0.44797876,0.069674194,0.08495455,-0.027196705,0.14300343,0.2960685,0.24211694,0.07439843,-0.083865926,-0.86623174,0.24204001,0.015268604,0.27180934,0.17147514,0.47125247,-0.2647935,-0.48483962,-0.43880218,0.5031774,-0.3415514,-0.24061798,0.26803768,-0.024581976,-0.0767261,0.5901866,0.28512052,-0.14092362,-0.68807715,-0.29596704,0.54602677,-0.049804658,0.18454058,0.1690247,0.5128674,0.4008047,-0.6124008,-0.02771297,0.925638,-0.037970476,0.35479787,0.24310036,-0.0070030177,0.25294572,-0.23818658,0.16839762,0.48106232,0.42288366,0.45870388,-0.66351587,0.3504002,-0.084281914,-0.5461879,0.21199302,-0.6587086,0.45990947,-0.008709619,-0.075953,0.56045985,-0.38973138,0.15084745,-0.51577747,0.15908821,-0.09587173,0.32797146,0.29303226,0.09071771,0.31479678,0.1871758,0.24449195,-0.41619578,-0.68050444,-0.5273414,0.2965567,0.2609392,-0.3574429,-0.34688893,-0.32213044,-0.09051632,-0.17754231,0.46629226,0.26145884,-0.10219074,-0.18987714,0.12008072,0.097835995,-0.31027785,0.16062659,-0.041826867,0.089286044,-2.1125011,0.14717479,-0.12881702,0.09594131,-0.66875654,-0.6094359,0.066941366,-0.024740068,-0.2494038,-0.22625758,-0.5479959,-0.35196823,-0.8100366,-0.33030325,0.05826155,-0.5366964,-0.03698419,-0.24897937,0.37561807,0.025680734,-0.6344379,-0.12426723,-0.5353984,0.33615962,-0.46322247,-0.08105973,-0.13745247,-0.1445765,0.16683416,-0.21881045,0.38154966,0.07071162,0.40417588,-0.36195895,0.3730789,-0.02749617,0.04293936,0.13280658,-0.5888093,-0.58048135,-0.082177565,0.015684815,0.5358788,-0.25065854,-0.30455148,-0.7240018,-0.4295513,0.26437536,-0.34858605,-0.45950887,0.028634964,0.5008102,0.37685418,0.27123544,-0.16361874,-0.056847636,0.07451931,0.23380117,0.29175612,0.09901976,0.7237739,-0.34187537,0.06332232,-0.24575812,0.3537938,0.55247355,0.24166001,0.29757,0.2210712,-0.13649301,-0.25863788,0.7109222,0.24587806,0.059813432,0.23266426,-0.046124894,0.094092496,-0.3337297,-0.66743,-0.37971562,-0.22769453,0.6624891,0.7841969,-0.17545076,-0.37848803,-0.63420755,0.028894689,-0.49299672,-0.15598872,-0.18043551,0.07936848,0.53389627,-0.25604016,-0.21667264,0.008675581,-0.24648872,-0.2002936,-0.027106185,0.14470483,-0.4536033,-0.105294466,0.010920789,0.36942014,0.12484064,-0.49572235,-0.35895157,-0.015429907,-0.60171604,-0.0016626881,0.014670024,0.2881898,-0.36462486,0.19819394,-0.010399604,0.025216492,-0.3101951,-0.0057933806,0.28086796,0.13350311,-0.21737158,0.022886427,0.012518192,0.36597762,-0.043741837,-0.33596653,0.02896995,-0.40370664,-0.45969614,0.33555415,0.34744412,0.40185052,0.25285205,-0.47291297,-0.0003198292,0.07119047,0.27221993,-0.041895214,0.2791886,-0.055316266,0.5024596,0.013528765,0.12818897,-0.15529099,-0.21204187,-0.07086886,0.22363852,0.026332458,-0.49349242,-0.05345203,-0.60011744,-0.023460334,-0.54086095,-0.11284009,0.4362613,-0.24000074,-0.10315661,0.1402759,-0.36114568,-0.12503023,0.016193805,0.34648603,0.22991413,0.054125816,-0.1460832,-0.0683104,0.14328325,0.13830289,0.40817916,0.045556027,0.16326296,-0.489744,-0.15224788,-0.29103392,-0.03979254,0.03167335,-0.10371809,0.07399672,-0.7062299,-0.021394692,0.13270026,0.13700746,0.04048801,0.25648987,0.23592304,0.18516569,0.5965905,-0.38880253,-0.9027325,-0.110265754,-0.24759659,-0.64416635,0.09187236,0.11668965,0.27900237,-0.10932344,-0.009872806,0.06875712,0.2591748,-0.107926875,-0.1427966,0.33380017,0.5030078,0.17545398,-0.35787317,-0.2760813,-0.09617634,0.33788684,-0.21309005,0.7631361,-0.33319485,-0.04310152,0.06938398,-0.22551966,-0.21787818,-0.00877949,0.29559076,-0.29439107,-0.88963145,-0.49587685,-0.21489413,0.0032174403,-0.5953253,-0.23747407,0.4019303,0.16741356,-0.42173633,-0.68385714,-0.1320744,0.1697914,0.0,0,0,1,0,0,0,0,0,0,0,0,0,0,0,1,0,0,0,0,0,0,0,0,0.0,0.0,0.0,0.0
-0.017449716,-0.103877276,0.60678935,-0.2901805,0.4962743,-0.047893733,0.43180448,0.08170858,-0.4192986,-0.31592995,0.08656825,-0.015485973,0.22873232,0.17824386,0.1612268,0.47812995,-0.21057393,0.002561663,0.18633223,-0.009894724,0.24281394,0.36876476,-0.031411394,-0.24495372,0.43519604,0.19103327,0.055281892,-0.7400688,-0.7576667,0.111396134,-0.25145686,0.23839335,0.089156285,-0.1943834,-0.47888973,-0.18877073,0.25715628,-0.22081898,0.49780476,0.14055444,-0.15285814,-0.2513011,0.3280616,0.14315389,-0.2111382,-0.24098548,0.08657363,-0.46875086,-0.046477214,-0.39208946,-1.2058195,0.24794394,-0.004212096,-0.37238124,0.027898474,0.2655772,0.7386083,-0.35261068,0.11642272,-0.1198925,-0.0699597,-0.2317962,0.16607393,0.35181,-0.29798838,-0.50836897,0.4268283,-0.10396109,-0.69882303,0.24121283,0.32423443,-0.07760262,0.13640031,0.114573896,-0.1925544,0.0921779,-0.5270712,0.49393138,0.045497168,-0.31262538,-0.20393404,0.1721763,0.09647043,0.014318165,0.7304547,0.19657509,0.3805508,0.016616106,-0.7526326,1.1852899,0.12725839,-0.28652155,-0.28586042,0.095225036,0.43326005,-0.27117997,-0.6146896,0.14127158,0.11678932,-0.15216973,0.45663667,-0.70526016,-0.19794469,-0.38368797,-0.14138256,-0.0031386248,-0.41769502,-0.036923885,0.0015198257,0.24859928,-0.33481342,0.4649595,0.091368906,0.0027416456,-0.21425122,0.2089504,-0.3934661,0.1599614,0.07532863,-0.10486762,-0.4282139,0.5805948,0.52481204,0.34286317,0.19188131,0.3387989,-0.10049136,0.17712475,0.23296095,-0.11946627,0.9078061,0.6259639,0.20425947,-0.028232455,0.20168892,0.06595694,0.22492114,0.14229995,-0.10451386,-0.4873906,-0.11190378,-0.16234815,0.48618087,-0.031061064,0.47051263,0.056485076,-0.18649846,-0.060541615,-0.17164809,0.74820006,-0.1298688,-0.023124667,-0.37076175,-0.07262278,-0.17870732,0.08950992,-0.25787458,-0.20989405,-0.1851224,0.42632687,0.32940078,0.17871407,-0.045723386,-0.43006906,0.17977285,-0.23183973,0.23029688,0.1433357,0.007640964,0.13601357,-0.0673619,-0.3242261,0.60998666,-0.034492973,0.31409195,-0.059011612,0.052783746,-0.5603926,0.009016192,0.9463071,-0.47015038,0.17083585,-0.12563053,-0.6446997,-0.05544521,-0.07775069,0.10613609,-0.7403055,1.0086807,0.2186232,-0.29497603,-0.16620117,0.022900362,-0.39592785,0.34882355,-0.26374608,-0.07288528,-0.48922372,0.31003803,-0.32909226,0.60504156,0.37472796,0.032154627,-0.3072548,-0.17573991,0.64672816,-0.3458389,-0.32500756,-0.7768314,0.5985863,-0.24568683,0.7116542,-0.5234187,-0.1430997,0.07901064,-0.22134429,0.14009029,-0.21862173,-0.09831324,-0.096754335,-0.18476991,-0.3383439,0.11298082,0.5041389,-0.41838837,1.3854004,0.20900875,-0.65973604,0.90024096,-0.041365996,0.25741327,-0.15979092,-0.033660103,-0.24713014,0.2749113,0.3462531,-0.47856358,-0.122160435,-0.021462644,0.23639506,-0.6194961,0.37116095,0.41663033,-0.14242679,0.16114901,0.47365928,0.19352818,-0.3569967,-0.1674107,-0.116844565,-0.34009945,0.06345023,0.023915937,-0.39803085,-0.4003178,-0.4133463,-0.018076845,-0.21004018,-0.20291756,-0.14601731,0.14248323,-0.008330427,-0.21712516,-0.050588526,0.20880418,-0.21380818,0.052403223,0.3296443,0.57545745,-0.0054483176,-0.7807271,-0.52718437,-0.18125957,0.16475634,-0.4033662,-0.24792074,0.3955183,-0.03691455,0.09948564,-0.5636728,-0.2541668,0.47867623,0.094150536,0.39609924,0.2593549,-0.15050311,0.40165916,-0.045475744,-0.18228167,-0.5982459,-0.2281294,-0.17967522,-0.18698204,-0.30210584,0.9970723,0.2856134,-0.41869247,0.41872096,-0.7121937,-0.3321795,-0.37972996,-0.33790258,0.0041256524,-0.24664927,0.07418713,-0.08773839,-0.8379171,-0.22179052,-12.226635,-0.2857182,-0.5901977,-0.042230126,0.090492226,-0.09238009,-0.14973164,0.30594796,-0.42277804,-0.08913701,-0.2335348,-0.30300152,-0.23834379,-0.15580945,0.039460443,0.4803971,0.9019661,0.45043504,-0.18933284,0.073083736,-0.3678329,-0.42313972,0.6796797,0.12508431,0.472756,0.5543546,-0.15296005,-0.33160055,0.0023534454,-0.5534678,0.006677794,0.2869159,0.24368468,0.37997478,-0.48079216,0.353012,0.12082843,-0.31610867,0.4031963,-0.22742392,0.13660632,0.32276326,-0.39922336,0.34302777,0.61146045,0.046118345,-0.3095155,-0.00063089555,-0.18325034,0.11555491,-0.4879567,-0.2802337,0.09470109,-0.50065905,-0.12194265,0.044997912,0.20208529,0.6667749,-0.09896632,-0.42467394,0.03385677,-0.4958153,-0.16511068,0.26776132,-0.22997761,0.07563166,-0.56241363,-0.21054116,-0.3214715,-0.18109228,-0.10710675,0.8386876,0.28685024,-1.2453911,-0.2467597,0.09929851,0.18381336,0.22402368,-0.35621163,-0.15283254,-0.63490224,-0.41171318,-0.0030254973,-0.052264225,-0.3116678,-0.13207896,0.08515021,-0.24339014,-0.444061,0.51398,-0.46008366,0.27704963,0.14571927,0.4180292,0.05562886,0.040514983,0.78007245,-0.57419854,0.013832734,-0.0006717408,0.2647155,-0.27037132,0.67257386,0.24478047,-0.33964112,0.27089885,-0.6033158,0.28116953,0.16847908,0.115722075,-0.008168104,-0.113775045,-0.14337939,0.04206925,-0.3657996,0.15924506,-0.19007088,0.30154055,0.13920507,-0.55039805,-0.49616376,0.13327798,-0.37626037,-0.7144193,-0.20827532,-0.2724729,-0.33361697,0.4016676,-0.32294858,0.055206083,-0.040192045,-0.2647074,-0.06759237,-0.105556935,-0.05662476,-0.71140265,0.29308814,0.5051466,0.038127553,-0.0028289603,0.6329744,0.24914438,0.26772782,0.058114387,-0.07730611,-0.085821606,-0.15862814,0.20713057,0.18924952,0.48175222,-0.22115536,-0.7869476,0.24825212,-0.39887723,0.24948958,0.14160399,0.40200138,-0.9228576,-0.08165871,-0.47974283,0.17462146,0.045915592,-0.12773086,0.25108385,-0.30414164,-0.0359048,0.07954193,-0.13819046,0.14521678,-0.4250037,-0.2836955,0.12300952,0.15836729,0.15016073,0.8253073,-0.09172331,0.44558924,-0.19927688,0.28759423,0.45388544,0.12314486,0.22171827,-0.12736295,-0.22868572,0.586282,-0.19851083,0.34882447,0.27598324,0.1739673,0.33157393,-0.39225116,0.26292446,0.2314056,-0.41581875,0.20804964,-0.16879636,0.7622068,0.43617058,0.17995435,0.42321107,-0.28601807,-0.28192347,-0.3306697,0.008460998,0.019628553,-0.090631515,0.12770149,0.33211434,0.18111412,0.21398047,0.17139521,-0.46981916,-0.58009845,-0.5201583,0.14818639,-0.3918385,0.11075506,-0.27888057,-0.55071616,0.22883776,0.3405422,-0.2791656,-0.25379887,-0.040807713,0.124426454,-0.0986743,-0.08448315,-0.5170871,-0.16482306,0.07574455,-0.254039,-1.9942443,0.27325344,0.074415095,0.047038693,-0.5975882,-0.26949564,-0.09496573,-0.15487337,-0.88900954,-0.48553288,-0.75208205,0.14857481,-0.8180292,-0.10781533,0.4011893,-0.39740738,-0.17763905,0.0053500496,0.5379809,0.48245475,-0.3934655,-0.029612862,-0.21375531,0.045509648,-0.4836061,-0.39619708,-0.38397077,-0.22790113,0.6591691,-0.11429348,-0.14711928,0.086566836,0.19068342,-0.0020465425,0.24473722,0.46259066,0.072603725,0.073036045,-0.60258204,-0.18628965,-0.4789888,0.0104036555,0.19432454,-0.13514219,-0.33883685,-0.12059086,-0.32087466,0.03646066,-0.14214183,-0.27358484,-0.47910583,0.07679482,0.34279406,0.26796618,0.22363083,-0.5404831,-0.3746492,0.12448494,-0.100516774,-0.2758282,-0.1234499,-0.4761844,0.12905058,0.1824874,0.49039897,0.25824884,-0.20492995,-0.13510251,0.16693653,-0.24298744,0.006925037,0.36278996,0.022704465,-0.3376089,0.3525091,0.20235948,-0.016407127,-0.30902475,-0.23799358,-0.19450323,-0.25790343,0.57271856,0.5556314,0.08329902,-0.37929294,-0.8261493,-0.50237554,-0.04209126,0.13420805,-0.30056542,0.3132525,1.0993258,-0.42056262,-0.1512456,0.15239626,0.3430208,0.017500035,-0.08769184,0.045833632,0.2708516,0.037036225,0.38629133,0.20257434,-0.21648234,-0.043604277,0.35499367,-0.27059627,-0.23585995,-0.057002444,0.40612784,0.5818522,0.2599722,-0.35537785,-0.37992513,-0.28717256,-0.024617808,0.060957793,0.24839823,0.8768343,-0.009647998,-0.3647638,0.18882799,-0.04687834,0.6001671,-0.06176054,0.13182138,0.16160749,0.12700157,0.68190414,0.46998784,0.39139053,0.21532601,-0.6286523,0.21514347,-0.5022411,0.12836836,0.3757865,0.22043288,0.056737997,0.28239635,0.26646775,0.30513057,-0.099277936,0.16049975,0.16530757,0.31130883,-0.4811108,-0.70514625,0.061943498,0.015333662,-0.0037544079,-0.30716765,-0.15158737,-0.0526401,-0.48690832,-0.20971353,-0.016264105,-0.00058678235,-0.101939365,-0.36021018,0.06311266,-0.19735652,-0.17886534,0.6169746,-0.087755434,0.10795848,0.05430189,0.7581935,0.037325423,0.06864277,-0.14921016,0.20728275,-0.3393989,0.15799032,-0.030756192,-0.27085388,0.4405317,-0.7321139,-0.08061738,-0.11084147,0.46584928,0.08585426,0.23556063,-0.01924207,-0.090696275,0.030219119,-0.15896411,-0.27796674,0.05111146,-0.33563107,-0.93916804,0.109157756,0.14304538,0.088140145,-0.03856555,-0.5230531,-0.1193427,-0.045086037,-0.33517563,0.2695179,0.284906,0.5365105,-0.22866054,-0.07486826,-0.43377575,-0.23035555,-0.27421945,-0.043906927,0.052313954,-0.39957714,0.01920939,0.15641984,0.3382221,-0.6105183,0.49171013,0.34663382,-0.18746057,-0.70505035,-0.3546197,-0.22125733,0.28107038,-0.71852034,0.28834578,0.16108745,0.45556614,-0.26683015,-0.5770719,-0.31654137,0.017083205,0.0,0,0,0,0,0,0,0,0,0,0,0,3,1,5,13,0,0,0,0,0,0,0,0,0.0,0.0,0.0,0.0
0.57090086,-0.17414434,0.4964008,-0.3319019,0.38069752,0.019667927,-0.12870008,0.4937074,-0.11682397,0.06485918,0.20688906,0.08082459,-0.18168238,0.2476785,0.1980528,0.39730754,0.04360929,0.5833025,-0.41357127,0.4710255,0.27168414,0.43521872,-0.36399886,-0.4321762,0.20077468,0.4278225,-0.10479064,-0.28361496,-0.7327944,-0.04208674,0.40716293,0.22320661,-0.035529368,-0.15969184,-0.32345524,-0.6196178,0.010910664,0.16957322,0.5598783,0.15866172,0.06934518,-0.124500215,0.5482789,-0.1736682,0.10591145,0.032311164,0.13857141,-0.8562625,0.09292463,-0.504558,-0.41903672,0.0070694042,-0.44520542,-0.3628528,0.052701794,0.36047482,0.2860359,-0.6568461,0.05609276,-0.23321398,-0.28602827,-0.16552275,0.21750887,0.35560048,-0.45807412,-0.43184835,0.33795264,0.523331,-0.77346915,0.24695532,0.43291688,-0.074937835,0.5426371,0.1581904,-0.017524103,0.32025364,-0.41434175,0.693242,-0.03117537,-0.25006264,-0.36764142,-0.18978639,0.8958814,0.39172897,0.81451654,-0.22128458,0.05662055,-0.18428855,-0.6108031,0.67726904,-0.2736606,-0.02132741,-0.21788973,0.01471914,0.574622,-0.48978502,-0.52659166,-0.21942617,-0.022626927,-0.11612466,0.53139734,-0.8816826,0.1830874,0.006825723,-0.42821896,0.05438174,-0.3082098,-0.13944899,0.4872738,0.06879523,0.27094865,0.04003957,0.17346708,-0.45618278,0.5123969,0.09483644,-0.4914792,0.619631,0.14341326,-0.26389253,-0.4023342,0.15554288,0.25298348,0.23577018,0.25487086,0.2909801,0.16890368,-0.27711445,0.08180261,0.47416905,0.5837001,0.44225338,0.11253816,-0.30982867,0.29014236,-0.34126958,-0.15201785,0.15636893,-0.009114031,-0.50371516,-0.3821588,-0.13149403,0.0846454,0.4237368,0.82288957,0.06578028,-0.25982246,0.3691976,-0.15366961,0.48147458,-0.09030216,0.3236605,-0.36429772,-0.33373627,0.24747843,-0.31443176,-0.3892237,0.08768413,0.3112908,0.6077985,0.43407226,0.07024012,0.15346926,-0.17816864,0.28728694,-0.038423084,0.26849157,0.41992724,-0.34965432,-0.5175003,-0.046404578,-1.0571373,0.53405255,0.048473634,0.90292656,0.652854,0.4997063,-0.90172523,0.21239215,1.2148379,-0.45787227,0.17770676,0.27140293,-0.022909684,0.44432026,-0.5240425,0.9792966,-0.56767726,0.59235424,0.37287444,-0.2806521,-0.39607915,-0.3166309,-0.24002132,0.3768276,0.031931452,-0.04375316,-0.7223721,0.92333335,-0.32169044,-0.003440991,0.18460988,0.2750355,-0.88600504,-0.44809318,0.80087525,-0.20212372,-0.24833469,-1.0658386,0.15284444,-0.5653717,0.3243162,-0.24455112,0.010085641,-0.09688228,-0.16156608,0.43280765,-0.18769965,-0.06749913,0.13536853,-0.45497948,-0.5308035,-0.17042296,-0.06846392,-0.32314503,1.7516487,0.45401463,-0.5507567,0.72251475,0.2761218,0.31965196,-0.03562044,-0.045297697,-0.62999856,0.35780066,0.63968396,-0.020571366,-0.38309878,-0.20258301,0.46226498,-0.9201807,0.5116503,0.028817143,-0.028026827,-0.3334889,0.48037377,-0.14949504,-0.6942322,-0.070465915,0.27730379,-0.204751,0.16378099,0.028592503,-0.35567743,0.22632976,-0.47776207,0.47644126,-0.16829647,-0.3956559,0.31632388,0.18123053,0.10831813,0.47924066,-0.5394941,0.09505293,-0.36118096,-0.28970334,0.362202,0.5417313,0.1963465,-0.7399346,0.20689523,0.19175006,0.5246785,-0.48450795,-0.5125114,0.34092152,0.2126755,0.27531838,-0.2460172,-0.4013713,0.45316756,-0.23752862,-0.13360365,0.22899812,-0.2731646,0.5854231,0.23453562,-0.46607083,-0.20600796,0.08488513,-0.053064547,-0.36861545,0.0076165386,1.2107855,0.37301266,0.07607004,0.67456156,-0.6402782,-0.40157655,0.13549459,0.03182519,-0.2306675,-0.047398537,0.32966313,-0.27928308,-0.8408178,-0.4103116,-10.545066,-0.25595748,-0.48767364,-0.24299526,0.38168988,-0.27161503,-0.05265728,0.2755545,-0.38624913,-0.15169881,-0.604534,-0.43448037,-0.13352092,-0.57414794,-0.05205781,-0.3141874,0.5133388,0.5838111,-0.6974849,0.3392852,-0.49352756,-0.75331515,0.33783072,0.29969636,0.5788686,0.20564868,0.29209435,-0.2241192,0.053787068,-0.0646147,0.029040165,0.08542813,-0.06046942,0.9048462,-0.61222434,-0.09521689,0.31496745,-0.6058416,-0.018335158,-0.06396627,-0.49284977,-0.33354804,-0.22154605,-0.07304234,0.7527299,-0.34897086,-0.43341565,0.05032774,-0.12196581,0.25479227,-0.3025432,-0.21835274,-0.06248677,-0.650911,0.017296024,0.26404265,0.04808983,0.742832,-0.18983124,-0.2938419,1.0884595,-0.13884896,-0.54943204,0.17966875,-0.304732,-0.122536376,-0.44800135,-0.14346653,-0.3976672,-0.20123841,-0.12086249,0.5942964,-0.20261975,-1.1200039,-0.25169298,0.05850204,-0.0014032131,0.17557287,-0.096834294,-0.34183177,-0.925614,-0.78593147,-0.13037594,-0.09054425,-0.77892715,-0.3586756,-0.51730496,-0.5110191,-0.3269851,0.73594207,0.06481011,0.1926969,0.16409098,0.27621552,0.08796408,-0.39753613,0.84015936,-0.46009502,-0.04871805,0.32375854,0.104152165,0.26155862,0.792383,-0.3431472,-0.53546315,0.21227251,-0.5429319,0.27223325,0.09877263,-0.008471758,-0.37908784,-0.09070205,-0.34741485,-0.24173996,-0.42173728,0.22046398,-0.24812768,0.5945576,-0.047247183,-0.4115435,-0.61547804,0.3660299,-0.6382051,-0.5506715,-0.56675434,0.21297623,-0.100234024,0.03137872,-0.1497672,-0.18830107,-0.37779748,-0.2767838,0.1236324,-0.69223815,0.08575872,-0.28139874,0.011520936,-0.20112857,-0.8271702,0.26343086,0.5946942,0.19397397,0.25819078,0.2096896,0.0042648437,-0.026007995,-0.32733017,-0.08281916,0.15104322,0.3633302,-0.41535977,-1.2217705,-0.15085171,-0.8873574,0.14212663,0.008781392,0.8783146,-0.60216475,-0.3434581,-0.47324613,0.541377,-0.158395,-0.24371803,0.28313947,0.0015263534,-0.25564566,0.16258647,0.26533073,-0.019110452,-0.47837397,-0.16553204,0.20176007,0.43831706,0.36277217,-0.039567634,0.1134083,0.47657397,-0.5456688,-0.100245744,0.537553,0.42922765,0.49483663,0.05770936,-0.6423125,0.5159346,-0.5542721,-0.094974495,0.81699014,0.40295956,0.3034521,-0.8592384,0.38218483,-0.15137413,-0.20810595,-0.11818212,-0.5620945,0.5973635,0.26812837,-0.037378572,0.48336178,-0.17485045,-0.42837945,-0.10123192,0.15073475,-0.32648185,0.30740428,0.16830112,0.58115464,0.68997717,0.36310756,-0.05735424,-0.5229083,-0.45336518,-0.67746454,0.6009663,-0.42659694,-0.16486828,-0.5798505,-0.9095498,0.14461121,-0.23249792,-0.10443489,-0.5329935,-0.10403583,-0.16663462,0.43319345,-0.097951345,-0.44116348,-0.20877613,-0.26425433,-0.22543739,-1.6496686,-0.10164919,-0.15836464,0.045220017,-0.31450453,0.092719354,0.08312781,-0.44521368,0.09228496,-0.32189372,-0.99268717,0.16916046,-0.8266125,0.11631326,0.24363178,-0.24100745,0.16530146,-0.22812024,0.16689539,0.7789963,-0.46233672,-0.4113876,-0.45271564,0.4388492,-0.3140537,-0.21084636,-0.0007683416,-0.033016525,0.7276644,-0.30613175,-0.063010044,0.14976932,0.2598338,-0.270302,0.27172002,0.5271716,0.52046466,0.11057821,-0.44887105,-0.042741023,-0.28611797,-0.09299407,0.27258053,-0.62013835,-0.5194153,-0.53547627,-0.42806527,0.4211484,-0.5468688,-0.46239075,-0.059193622,0.46549037,0.29895076,-0.1277133,0.04020599,-0.2154543,-0.18223374,0.083039396,0.2972269,0.10300825,0.38882896,-0.57864356,0.4873307,-0.2030966,0.37683922,0.94512534,-0.022770245,-0.43107268,-0.008158403,-0.469757,-0.41689113,0.32003078,0.216432,0.17635511,0.4010846,0.22322464,-0.11048984,-0.18802683,-0.16570045,-0.6561443,-0.33295316,0.62157947,0.44833744,0.14363223,-0.3477049,-0.36900505,-0.32280952,-0.56571627,0.3558226,-0.43127015,0.20991223,0.97123146,0.30908704,0.29201898,0.018327303,0.28468382,-0.26464972,-0.1253684,0.37480775,-0.01006726,0.33762002,0.4734146,0.21807982,-0.00624923,-0.19587436,-0.123441845,-0.06353578,-0.64185816,0.21262255,-0.038289074,0.52931327,-0.17135449,-0.022383628,-0.029051729,0.06446002,-0.044709813,0.18122303,0.5842453,0.38948643,-0.08544831,-0.14299548,0.12159245,-0.1891002,0.24278852,-0.07727124,-0.15660158,-0.13034828,0.19891483,0.639407,0.4904473,0.2728127,0.41367042,-0.7051786,0.01885023,0.019040441,-0.22908163,0.33306518,0.032375507,0.46123236,0.39966148,-0.02813758,0.11256684,0.34718445,-0.061125427,-0.01615767,-0.32059777,0.063203946,-0.2364,0.0013877836,-0.4245983,0.053559233,-0.09373931,-0.16358095,0.31083426,-0.6830777,0.46745232,-0.017557865,-0.042757556,0.0015600807,-0.23645256,0.31642613,-0.23489338,0.30575603,0.10860248,-0.63804126,-0.13174918,0.21827164,0.48279354,0.037993554,0.14889021,-0.3323119,-0.41835502,-0.57629573,0.017957829,0.09823935,-0.24038167,0.33231235,-0.6090807,-0.2610814,0.51250327,0.6284325,-0.10156395,0.57216626,-0.001580885,0.12089029,0.62284476,-0.27094722,-0.28872338,-0.10225825,-0.24327973,-0.5268476,-0.34740123,0.07231783,0.32149106,-0.55760473,-0.2183494,-0.22012724,0.12577124,-0.46058658,-0.031539395,0.71894675,0.6404373,-0.46376428,-0.5986383,-0.3032106,-0.11141943,-0.1610048,-0.14678824,0.5087656,0.3367181,-0.07098753,-0.16803886,0.1734683,-0.52445495,0.7132716,0.33000275,-0.11910778,-0.9026749,-0.46929318,-0.32584885,-0.04860473,-0.6028393,-0.37194604,0.11984034,0.12546414,-0.7382425,-0.5296498,0.31797773,0.26005408,0.0,0,0,0,0,0,0,0,0,0,0,0,0,0,0,2,0,0,0,0,0,0,0,0,0.0,0.0,0.0,0.0
-0.3604104,-0.069817804,0.8153472,-0.0026481024,0.3824618,-0.38790953,-0.09588378,0.15088558,0.16381122,0.14202656,-0.123618506,-0.19951724,0.1716957,0.44390342,-0.17606726,0.5062149,0.1255282,-0.2402766,-0.31148627,0.17235674,0.24895932,-0.00021248937,0.19010092,0.17156088,-0.05827609,0.2773229,0.01938684,-0.38558567,-0.6795676,0.26904532,0.020193048,0.007955796,-0.27754796,-0.24714227,-0.17271315,-0.5139244,-0.016020676,0.10568262,0.22489066,0.34373555,0.09210419,-0.61892164,0.39916244,-0.18857604,-0.18815628,-0.063303284,0.28757453,-0.4259898,-0.15785918,-0.12204235,-0.2797271,-0.5001638,-0.5058055,-0.38284427,-0.116532326,0.67756003,0.20822068,-0.24414717,0.119351685,0.10314489,0.16146825,-0.78788185,0.17892365,0.10517448,-0.016820904,-0.14813268,0.20852904,0.08095292,-0.23728366,-0.039817255,-0.039518412,-0.012819541,-0.0825653,0.18857983,0.30423367,-0.2987707,-0.3998737,0.31519926,-0.06632194,-0.11861147,-0.07150402,0.051304527,0.32117054,-0.052729174,0.6401225,0.0121795805,0.029401483,-0.32189873,-0.15560296,1.0221107,0.18671675,-0.24117972,-0.0037085747,0.042041756,-0.03006424,-0.4964511,-0.8569693,-0.029648706,0.28221178,0.17161177,0.46838504,-0.13781723,0.49976775,0.088615656,-0.17926973,0.06756863,-0.23021996,-0.28137204,0.31870604,0.21841575,-0.12766214,0.11901819,0.6536676,-0.38815475,-0.20497614,-0.16625582,-0.25900558,0.04369446,0.36316052,-0.26807716,-0.34874263,0.24399963,0.33585048,0.3028677,0.17744659,0.52823687,0.1936625,0.19956322,0.32195708,0.37339875,-0.28948966,0.5111752,0.07474118,-0.10423574,0.32378754,-0.05228559,-0.20187965,-0.12274866,-0.22523876,-0.22108649,-0.35739058,0.022803271,0.053398136,0.5159966,0.14205502,0.2577372,-0.27513352,-0.29246995,-0.04461294,0.7020645,-0.35693547,-0.21794254,-0.302527,-0.05828491,-0.0355585,-0.17593867,-0.34584305,0.02085424,-0.3403402,0.51455885,0.16421624,0.40339348,-0.06110304,-0.34681693,-0.013474376,0.10849053,0.19969489,0.44930068,0.10242732,-0.17694603,-0.21867523,-0.8815506,0.17310324,0.14515804,0.26729104,-0.011516869,-0.0063771717,-0.47236404,0.12540396,0.774847,-0.3976834,-0.060164083,0.007919774,-0.21612976,0.39764014,0.20323206,0.4137673,-0.23599647,0.3040253,-0.10118225,-0.27608904,-0.24297613,-0.09373501,-0.36992323,0.4141145,-0.614091,0.21449442,-0.8822089,0.43212804,0.17144203,0.041042037,0.6203098,0.19465344,-0.3459759,-0.19071397,0.45837528,-0.061211206,-0.07203962,-0.45692185,-0.012887176,-0.38310826,-0.030770497,-0.25087106,0.10640564,-0.04825579,-0.15288585,0.12551028,-0.4121349,0.432145,0.036256105,-0.34448475,-0.41497514,0.18263073,0.14243811,-0.54956234,1.2527897,0.23700869,-0.55675185,0.5062513,-0.10929142,-0.11020224,-0.29183716,0.10439852,-0.1057631,0.20805126,0.6527857,0.16551408,0.19957896,-0.44184425,0.39885327,-0.35162732,0.27652076,1.0256605,-0.22549736,-0.07113723,-0.08243626,-0.22379702,-0.6165066,-0.0312875,-0.100873664,-0.04076144,-0.1423171,0.07006314,-0.40696168,-0.5985062,-0.5175129,0.20624429,-0.037295572,-0.07578024,-0.046771377,-0.015507498,-0.1135473,0.080574185,0.12749319,0.18126605,-0.18415675,0.34152067,0.4719158,0.44202802,0.037239727,-0.104660876,0.14673819,-0.036712214,0.45510533,-0.24329273,-0.23563711,0.1996257,0.09161459,0.15533085,-0.542446,0.0031467173,0.28510356,0.34408292,0.45931315,-0.21380103,0.37125003,0.1857503,-0.363416,0.1701283,-0.61299604,-0.18130419,0.110941336,-0.27536705,0.17676155,0.5958065,0.039964654,-0.22259904,0.10498697,-0.32065243,-0.87397623,-0.04956561,0.052900914,-0.10179349,-0.080080174,-0.10119394,-0.48297718,-0.5803634,-0.13301839,-10.457903,-0.30189836,-0.577911,0.078214906,0.18800955,0.003058741,-0.0397712,0.14787836,0.08622425,-0.2618908,-0.31530368,-0.38671452,0.30273837,-0.35467118,0.23387977,-0.2667028,0.3807913,0.03433165,-0.19820794,0.26003817,-0.063888766,-0.8633445,0.7085391,0.21891676,0.64107674,-0.56948173,0.32554844,0.26829317,-0.34530136,0.09523198,0.07713333,-0.29301423,0.040598888,1.2061794,-0.19098406,-0.26707432,0.023420613,-0.6129143,0.41752243,-0.07027603,0.117869765,-0.49038067,-0.19276361,0.15914549,0.35602227,-0.08797672,0.02750125,0.5850605,0.44303972,-0.18639508,-0.26557362,0.0035034388,-0.19365354,-0.72409296,-0.3618833,-0.14560746,-0.11568966,0.9019444,-0.28005138,-0.45598522,0.75116426,-0.06348219,-0.3483462,0.26736286,-0.34430528,0.30570647,-0.6186631,-0.21276271,-0.22689955,0.19447961,-0.43919674,0.14829382,0.1321553,-1.3586613,0.01736343,-0.011536525,-0.18057965,0.6749212,-0.53631514,0.18033683,-0.457463,-0.71736467,0.51856554,0.15850407,-0.13888042,0.03245742,-0.17992988,-0.25678664,0.29959294,0.67288667,0.20443843,-0.47098744,0.2743787,-0.08742321,0.105637416,-0.6368887,0.19162707,-0.7865876,0.3924333,0.27573726,0.27722725,0.3781223,0.4212896,-0.586338,-0.8431287,-0.23315476,-0.5143522,0.08426509,-0.018108798,0.015615158,0.07082787,-0.2291218,-0.6557404,-0.10957068,-0.18134819,-0.040094353,0.055835057,0.34920424,-0.08766213,-0.51144564,-0.39788094,-0.13561355,-0.53678715,-0.9818466,-0.17423037,0.21201031,-0.2804134,0.3996066,-0.5039434,-0.047387887,-0.22130188,-0.12137128,0.024845462,-0.2138781,-0.04475161,-0.07108759,0.07951654,-0.19625296,0.1464113,-0.14178924,0.4858679,0.3946528,0.572584,0.37174317,0.13974522,0.11732231,0.073493145,-0.30471066,-0.08912945,0.097778276,0.0030894405,-0.89014417,0.30638683,0.2662454,-0.47344726,0.5243033,0.6283724,-0.4275931,-0.3669071,-0.7679162,0.23636544,0.01097076,-0.04004756,-0.19026639,-0.079486005,-0.15292376,-0.07925578,0.01003588,0.29061273,-0.27435538,-0.34812066,0.09417834,-0.04080549,0.043055568,0.099373095,0.5962395,0.4242787,-0.44717574,0.16655079,0.23830804,0.38556287,0.41053978,-0.3689372,0.13588065,0.6941501,-0.10754251,-0.24617442,0.0898221,0.67216027,0.35895815,-0.29821777,0.47601983,-0.12318053,-0.06608774,0.11157632,-0.5764359,0.46362686,0.66318816,0.1517002,0.7862424,-0.094783954,0.35933602,-0.11051154,-0.0073051266,0.089086846,0.04989084,0.21109879,0.37281188,0.24877112,-0.08928232,0.40799633,-0.22624193,-0.36291218,0.08064411,0.19907671,0.08565705,-0.2788935,0.123115785,-0.6569685,-0.1931962,-0.08757084,0.13804553,-0.081842355,-0.30953333,0.11015578,-0.20727175,0.25170705,-0.032247957,-0.69199675,-0.16622034,0.3568293,-0.7210887,0.30458337,-0.11940346,0.43189952,-0.084105246,-0.31012273,-0.12296384,-0.19845127,-0.19585687,-0.5191623,-0.7807678,-0.052599818,-0.7174805,-0.4684809,0.45934224,-0.0022435554,0.3311985,-0.3776663,0.10997922,0.27785546,-0.47816035,-0.48303258,-0.41374725,-0.079738185,-0.48876894,-0.5244169,-0.057035346,-0.13294004,0.44544795,-0.28823578,0.1349288,0.03410137,-0.049975347,-0.14233212,0.5642736,0.06453295,0.6180227,0.12121441,-0.15460426,-0.1501362,-0.50568354,-0.19392918,0.17657255,-0.060252838,-0.26362643,-0.80947375,-0.30045888,0.1368229,-0.29572287,-0.41672942,-0.12732534,0.2795893,0.4580823,0.07436751,0.13033895,-0.55666363,-0.13763171,0.044173297,0.2649231,0.8475566,0.45417258,-0.6917972,0.14758599,-0.4845088,0.6840834,0.2747141,-0.5051419,0.24278785,0.4243712,-0.050896045,-0.08486595,0.34572697,-0.018776318,-0.34561077,0.3481317,0.26239657,-0.09299663,-0.73038346,-0.17204271,0.042641923,-0.14677624,0.41675815,0.39386976,-0.39781886,-0.8101574,-0.16645655,0.11681802,-0.40846744,0.10410883,0.16596033,0.5031167,0.8085616,-0.12772761,0.06354902,0.40449673,0.01751728,-0.24781139,-5.3155272e-05,-0.05055656,0.19477604,-0.19533819,0.03542258,0.12364769,-0.11675178,-0.030251442,-0.112745635,-0.096264936,-0.25938612,0.12881586,0.2777759,0.26977915,0.48208034,-0.25801244,0.3742649,0.21781266,-0.19044915,-0.08623615,0.77410734,0.29321906,-0.009092807,-0.3240907,0.19322091,-0.25990978,0.4345245,-0.045650776,-0.048162933,-0.32546163,0.1862444,0.681938,0.59438473,0.24592374,0.3890896,-0.49378473,0.0800876,0.20113975,-0.26562458,0.09258077,-0.24190915,-0.1581431,0.50478655,-0.65062714,0.13267279,0.19913238,-0.027977588,-0.34061837,-0.03759809,-0.1365939,-0.76395094,0.34864607,-0.6436692,-0.15321358,-0.23142888,-0.9973656,-0.24641131,-0.32568154,-0.35786995,0.20674148,0.0485927,-0.22626543,-0.07697454,-0.041162286,0.18612827,-0.28659812,0.07085496,-0.3237935,0.13131258,-0.15023464,0.5263944,-0.096497975,0.24928173,-0.28470057,-0.20552883,-0.7013086,0.00048149467,-0.27265906,-0.0643687,0.639599,-0.47592992,-0.28483045,-0.012572813,0.06403492,0.109930575,0.3201591,0.292274,0.19873749,0.36465317,-0.73660856,-0.6556895,0.12230191,-0.57946646,-0.8899989,0.09288027,-0.21927086,-0.10911016,-0.578251,0.062418874,-0.07255826,0.37389356,-0.41794896,0.03969743,0.5062387,0.67966115,-0.3984604,-0.047446996,0.13716397,-0.020903692,-0.18889026,-0.2967201,0.38726562,0.12297561,-0.10013468,0.028838864,-0.019104742,-0.23566803,0.070698224,-0.032141745,-0.44735047,-0.3860002,-0.6067054,-0.24623303,0.06908414,-0.14885983,-0.040323358,0.41020283,0.15826353,-0.52963674,-0.5798198,0.21600801,0.48621956,0.20909090909090908,0,0,0,0,0,0,0,0,0,2,0,12,1,2,9,2,0,0,0,0,0,0,0,0.8363636363636363,0.0,0.0,0.0
0.30915073,-0.26433915,0.3093691,-0.107967965,0.56161106,-0.543039,0.18568186,0.90882635,-0.22513105,-0.48840213,0.1456545,0.13475479,0.09871967,-0.18933135,-0.24651209,0.38864326,-0.7346733,0.6056848,0.13323884,0.3797765,0.23506443,0.111782655,0.085945226,-0.08807234,0.49463502,0.3652296,-0.39451587,-0.43911672,-1.1369516,-0.3594246,0.62429446,-0.06462641,0.4678878,-0.05306829,-0.25392228,-0.4469301,-0.08350874,-0.009018626,-0.1976654,0.30491868,-0.09288131,-0.17022665,0.061009273,-0.26720557,0.01745999,0.042487208,-0.070758134,-0.24311823,0.16642378,-0.28446874,-0.30581826,-0.24539313,-0.1667353,0.013999014,0.27122313,0.075668216,-0.28575367,-0.3985302,-0.64085984,-0.05163547,-0.35915843,0.3422813,-0.020888744,-0.0033206248,0.15278812,0.25920168,0.23551746,0.2960055,-0.45944586,0.03687302,0.12709734,0.04540447,0.21577357,-0.052264765,0.41058704,-0.029939406,-0.5624166,0.97450083,0.08179357,-0.14985113,-0.2144668,0.3467189,0.10486426,0.070885845,0.29029962,0.062163528,-0.2711049,-0.057504945,-0.53244597,1.05396,-0.37762108,-0.24105626,-0.28988576,-0.149267,0.31338885,-0.77133995,-0.402456,0.025242286,-0.36802024,0.1775503,0.5267363,-0.1972636,-0.31455597,-0.13023269,0.13064247,0.005379096,-0.086882375,-0.19898063,0.13277131,0.30209598,0.13816166,0.0024633212,0.07007784,-0.71076035,-0.01977406,0.29228324,0.21781124,-0.32851696,-0.32145733,-0.22945668,-0.014751029,0.388328,0.028895622,0.19968659,0.44725966,0.21622783,0.48441324,-0.57737035,0.07351659,-0.8252371,0.20916018,0.7833391,0.100719,-0.36938694,0.36042386,0.1796415,0.2057329,-0.44424385,-0.04070985,-0.11120104,0.21119164,-0.13294078,0.22195825,0.3459121,0.30608398,0.083567105,-0.1719894,-0.3861979,-0.060127415,0.30271333,-0.49325973,-0.23449019,-0.0011456398,0.20877117,-0.48796955,-0.4178013,-0.0005397708,0.11130132,0.35322648,0.1306687,0.2789625,0.019419685,-0.31072438,0.27791524,-0.11959914,0.5380881,-0.44736797,-0.43351474,0.08147921,-0.15406945,0.35394725,-0.12324274,0.6030171,0.12650849,0.546365,0.28519544,-0.20631447,0.29144368,-0.23632991,0.5667228,-0.564904,-0.36651465,0.091106795,-0.41487327,0.09359649,0.027321475,0.8143063,-0.14987515,0.41600892,0.38509938,-0.5534718,0.2249164,0.4050416,-0.06316564,0.09799345,-0.1572159,-0.27957007,-0.08692587,0.18418686,-0.3514368,-0.08536553,-0.023218,0.15491521,-0.1890643,-0.64590895,0.045415487,-0.4189369,-0.15281776,0.12519497,0.27326643,-0.58603656,0.37299106,-0.26756567,0.406263,0.20714746,0.1871777,0.102479555,-0.12530635,-0.36129212,0.07745323,0.3326376,-0.001038507,0.23796761,-0.23740299,0.03858019,0.9247993,-0.33538142,-0.21870427,0.5161661,0.26856986,0.024095746,-0.4446795,0.18490928,0.17304154,0.7970971,0.45955372,-0.575874,-0.80199844,-0.34464213,-0.11824868,-0.35133636,0.013722344,0.58181155,-0.08822989,-0.32286537,0.2798558,-0.06443017,-0.48652634,0.3437695,0.03328506,0.060425486,-0.40076315,-0.4239339,-0.78567034,0.08814387,-0.26004982,-0.44689846,0.120826356,-0.28833497,0.020263007,0.6304792,0.03303013,-0.08716491,-0.15258078,-0.22695358,-0.67340094,0.50829774,0.5848205,0.14611602,-0.27422434,-0.24244791,-0.2965841,-0.14141051,0.8535534,-0.10992493,-0.02888772,-0.06982484,-0.21683562,0.37094918,0.013915228,0.30212507,0.061416835,-0.13135958,0.1137989,-0.47479156,-0.15293334,-0.13447331,0.08845678,-0.65387106,-0.49686456,-0.38327587,-0.011787973,-0.62073374,0.19155946,0.6876515,0.56241125,-0.043059386,0.79359215,0.0447535,-0.4543229,0.18087462,-0.8413018,0.08596297,-0.2784819,0.1540578,0.46212634,-0.7023686,-0.70902747,-6.3878703,-0.30215237,-0.33975056,-0.15220772,0.2685488,0.076056875,0.27596456,-0.13098638,0.056688234,0.10324277,0.018673208,-0.020904884,0.27473137,-0.38833103,0.052804645,0.34871492,0.80296296,-0.20642847,-0.25439394,0.26267982,-0.43807113,-0.38147363,0.17295735,-0.13459791,0.23932178,0.43514428,-0.2092335,-0.19952616,-0.050481,-0.43743145,-0.18557054,0.0384835,0.15959491,0.5580774,-0.1459612,-0.44219136,-0.39181724,-0.24348427,-0.27457574,-0.47823375,0.5582964,-0.16573437,-0.41574237,-0.3936172,1.0632304,-0.50351816,0.14324422,0.15674937,0.10666322,0.47369114,-0.07502326,-0.43157867,0.54023486,-0.64002824,-0.35114878,0.24811465,-0.19386306,0.88879174,-0.13526383,-0.51605105,0.60701704,-0.5440661,-0.19896199,0.17396754,-0.35357597,-0.62117624,-0.6872221,-0.40603584,-0.09326509,-0.07687591,-0.19859697,0.7577152,0.18731314,-0.8324891,-0.038503524,0.24557507,-0.11149995,0.36448833,-0.59481335,0.07432109,-0.47522408,-0.14027195,-0.11321796,0.29466462,-0.084872276,0.06867858,0.23213106,-0.22153816,-1.0600454,-0.13397716,0.35512516,0.07946607,0.52359384,0.13195229,-0.42053854,-0.19371834,0.47083947,-0.8003188,-0.44402465,0.6359277,0.7615869,0.33325607,0.3589516,-0.27225536,-0.4901747,-0.17582902,-0.47404274,-0.20525783,-0.11236076,-0.33031532,0.04908917,-0.13484302,-0.40331638,0.055715803,-0.4747772,-0.56333905,0.24586086,0.24375479,0.23480844,-0.9473703,-0.22772123,-0.091078684,-0.41120422,-0.14182732,0.56218153,-0.32049674,-0.05421775,-0.037449833,-0.24666461,-0.29686603,0.021980233,-0.23055246,0.17730357,0.6257663,-0.16776875,0.10877119,0.26438907,-0.2489737,0.11810152,0.1456481,-0.24276653,0.69532716,0.2487686,0.061917022,-0.094591826,-0.12216564,0.4580125,0.32371366,-0.27935782,0.44175908,-0.42521608,-0.65446436,-0.058087625,-0.28242782,0.13396752,0.47559878,0.4686306,-0.35023686,0.3859801,-0.63188285,-0.4027354,0.11811978,0.34433147,0.18707262,-0.39160916,0.28841364,-0.009074551,-0.067637704,0.011056416,-0.31483647,-0.45076752,0.3225752,0.23595448,0.06812565,0.6655897,-0.22881365,0.3084012,-0.4577687,0.34918416,0.39438865,-0.1538934,-0.3104018,-0.033635333,-0.3753661,-0.14256194,0.026325518,0.13616687,0.12043792,0.33824658,0.2039581,-1.0284466,0.44961,-0.07310566,-0.7272465,-0.05982773,-0.3631551,0.33316445,-0.30630863,0.21455511,0.89728546,-0.05361601,0.1580226,-1.3074208,0.33551922,-0.28796238,0.29210448,-0.09234145,0.18653248,0.15601999,0.11350893,-0.44364423,-0.70343953,-0.16268757,-0.35465515,0.65997696,-0.49561012,-0.48443696,0.049511176,-0.5309032,0.4856907,0.2803345,0.37071922,0.7924898,-0.17598416,-0.15458265,0.30742398,0.19164455,0.23305748,-0.47137558,0.22376494,-0.10714142,-1.1935992,0.26577264,-0.31446576,-0.3127029,-0.13029876,-0.509361,-0.497154,-0.15444891,-0.8241513,-0.47538093,-0.85439944,-0.4041514,-0.65405214,-0.64323825,-0.08544115,-0.18369302,0.24814981,-0.11678348,0.29243568,0.2046445,-0.16505009,-0.2114561,-0.1602675,0.48410738,-0.6979549,-0.41605404,0.22554512,-0.0016172486,0.48318824,0.22872023,0.38667706,0.2579621,0.71661425,0.18087453,0.10735264,0.20294149,0.44074285,-0.19797973,-0.6244615,-0.42223492,0.06419152,0.10636513,0.39686435,-0.18184654,0.123791635,0.3547495,-0.5226711,0.055549555,-0.36296523,-0.5995582,-0.3731525,-0.17167386,-0.044991784,0.5308982,-0.40351573,-0.64254594,-0.029091213,-0.06827723,0.47266757,0.03316705,0.7768636,-0.26212862,0.5662056,0.07769442,0.464567,1.1250515,-0.1460819,0.33627415,0.4626337,-0.3915159,0.3584788,0.75157034,0.41382527,-0.0078192325,0.4934504,-0.10866061,0.12985288,-0.35525346,0.056628376,-0.31700534,-0.24542116,0.46158454,0.62071794,0.11117447,-0.23022078,-0.6995016,-0.365341,-0.96453357,0.03169365,0.07109881,0.28092125,0.5221842,0.09489086,-0.5245316,0.22019775,-0.13956629,-0.17470968,0.13513158,0.08776167,-0.4341416,-0.08011678,-0.003195262,-0.073134005,0.49157226,-0.1675334,0.40140378,-0.060501326,-0.07855278,0.30749202,-0.44918728,0.5286858,0.38512003,0.7514138,-0.03213524,-0.0426272,-0.33997226,0.3213449,0.8692654,0.25609347,0.026107531,0.10315319,-0.34842473,0.2754727,0.3889502,-0.33578205,0.8462529,-0.31743884,-0.08809157,0.39153135,0.46784633,0.18187094,-0.28502318,-0.82593644,-0.2960725,-0.45939025,0.4299883,-0.25123242,0.21708757,-0.10092062,0.28090513,0.23147802,-0.090027034,0.22056334,-0.050838675,0.35433814,0.37162673,0.061191894,-0.6035487,-0.20229413,-0.43010062,-0.046169434,-0.85735774,0.20096913,-0.06778159,-0.2989808,-0.06881787,-0.31216887,0.1640982,-0.60571635,-0.5477738,0.14941882,0.013525006,-0.005648336,0.3758377,0.22040537,0.17100838,0.58084714,0.27372685,0.058621783,-0.061616264,-0.60912067,0.29932943,0.2424332,0.23981375,-0.14200363,-0.29744494,-0.022784568,-0.73903596,-0.564024,0.0729523,0.9396416,-0.113236904,0.28693354,0.26326737,-0.33134976,0.50573933,-0.4591054,0.18353498,-0.6586443,0.3941425,-0.17569324,0.011124478,0.29306734,-0.10053932,-0.89959913,-0.07707697,-0.27225947,0.01877782,0.27860856,-0.37569302,-0.5804993,0.24890643,0.101579845,-0.44607148,-0.8049507,-0.4644654,0.7986276,0.78261733,-0.2652183,0.04592155,-0.06491081,0.2764114,-0.19586623,-0.28213364,0.53907347,0.26676628,0.026507346,-1.0026107,-0.19851513,-0.23950118,-0.067703746,-0.5573437,-0.13511187,0.22459182,0.02215675,-0.60647357,0.021149388,-0.11976985,-0.5668495,0.2,0,0,1,1,0,0,0,2,0,2,0,1,0,1,0,0,0,0,0,0,0,0,0,0.0,0.0,0.0,0.0
0.38897708,-0.53215504,0.7803519,0.10927848,0.27005538,-0.2646932,-0.19034542,0.66437066,-0.3619905,-0.2983796,0.1023011,-0.18118285,0.0059088995,0.040059347,-0.24928181,0.58189344,-0.33033273,0.09625822,-0.018711297,0.38806877,0.29966322,0.06835138,-0.12588449,0.14076382,0.3652987,-0.18087776,0.025321865,-0.35230324,-0.7830133,-0.10533347,0.16881771,0.028608091,-0.13155884,-0.24145508,-0.40613365,-0.74209726,-0.38714847,-0.17173193,-0.05046267,0.50305945,-0.12110288,-0.40975404,0.5351487,-0.035226062,-0.41762084,0.40236965,-0.30484998,0.010414685,0.066218525,-0.03775017,-0.4888224,-0.13899855,-0.380723,-0.25749692,0.39308137,0.23077029,0.41144767,-0.41670504,-0.40701503,0.15090066,-0.039225966,0.21310438,-0.07341294,-0.3307435,0.044741258,-0.00944514,0.06525652,0.43626693,-0.6638298,0.32733193,0.48357743,-0.17504454,0.048161194,-0.044512305,0.14257614,0.32048687,-0.2436727,0.8428086,0.351756,0.04752607,0.119242534,0.2947744,0.3220621,0.13952348,0.29892686,0.5779062,0.07164558,0.046381656,-0.52056485,0.82252204,-0.15578343,-0.19079433,0.19464786,0.14887157,0.78317153,-0.5021514,-0.36816937,-0.4789606,-0.22073992,-0.23570013,0.21463047,-0.31386402,-0.29258657,-0.26023924,-0.13543427,0.029370079,-0.5325214,-0.0096158385,-0.09233145,0.23327275,-0.30976737,0.2880952,0.127095,-0.40193868,-0.15240087,0.15718171,0.11602929,-0.19190994,0.39701724,0.08196046,-0.11859549,0.52123266,0.007818165,0.10121431,0.46835288,0.110225365,0.051719036,0.025630722,0.0070789736,0.0012692413,0.5093969,0.27163562,0.35094243,-0.2832688,0.21809612,0.051234778,-0.024650158,-0.18414341,-0.13186745,-0.28904626,-0.21340986,-0.2665984,0.30800515,0.2478792,0.310642,0.26392373,0.043086737,-0.29950622,-0.31799975,-0.011121558,-0.35305613,-0.1395247,-0.40395057,0.13000768,0.06783399,-0.099847466,-0.15063857,-0.3717672,0.22091186,0.17260431,0.20311558,0.112068996,0.09034034,-0.052703567,0.045100786,0.034267116,0.28009275,0.20025939,0.017328007,-0.20303032,0.020243993,-0.22093059,0.17826375,0.24666046,0.590909,0.54116285,0.08809045,0.00469034,0.082272455,0.61757284,-0.5661112,0.0004843801,0.19491774,-0.55566734,0.26480708,0.1984996,0.53346246,-0.12076481,0.42925888,-0.026245074,-0.48948097,0.06464491,0.09689754,-0.40162888,0.5399217,-0.21988826,-0.43906093,-0.3247876,0.29152605,0.03491315,0.036182452,0.13407639,-0.169508,-0.12119798,-0.5564026,-0.0017803002,-0.17089699,-0.29271594,-0.28448927,-0.2596552,-0.34209096,0.5106034,-0.004612047,0.23097624,-0.19193001,0.3467772,-0.052996658,-0.44635972,-0.13890779,0.09535293,0.12344084,-0.15409587,0.0652752,0.04815521,0.060888957,1.242183,-0.051072717,-0.38601357,0.6592334,0.17494386,-0.20599541,-0.27157745,-0.038765352,-0.3528772,0.35559577,0.40670353,-0.19764537,-0.18071084,0.14750962,0.06594309,-0.23321056,0.51432043,0.2826661,0.09301043,-0.37858108,0.17987797,-0.15574981,-0.5618928,-0.1168432,-0.34846678,-0.07476411,-0.0123114195,-0.28757992,-0.35389236,0.016056178,-0.16211168,-0.18826237,0.053401556,-0.33568802,0.313774,0.32245627,0.11821166,-0.2858635,0.06792165,-0.13477156,-0.20924486,0.17656054,-0.089099996,0.46478042,0.28850183,-0.30806255,-0.28960362,0.06934198,0.6327959,0.22962323,-0.10255292,-0.00026540755,0.07634868,0.12778345,-0.2288731,0.04959975,0.4560402,0.16661182,0.04695913,-0.1104468,-0.21881425,0.27404538,-0.21996601,-0.2605092,-0.074591786,-0.5199169,-0.22999603,-0.39993945,0.11143375,0.91159195,0.3525564,0.23793255,0.28751254,-0.5374981,-0.214051,0.19480056,0.124345265,-0.10168373,-0.3953295,0.3867446,0.13440904,-0.41366428,-0.2447125,-8.104089,-0.28524908,0.0547187,-0.08847183,-0.22798873,-0.3561885,-0.003872153,0.018128073,0.36855412,-0.4013681,0.03485272,-0.25938195,-0.061946925,-0.19266896,-0.21066174,0.4271283,0.4111692,-0.09613968,0.030125506,0.19796951,-0.5541398,-0.5245157,0.29939166,-0.19769031,0.46332306,0.052439537,-0.46788162,0.100008175,0.14253554,-0.16364256,-0.25022545,0.058883786,-0.04848915,0.6775788,-0.24891901,-0.19320197,0.1372971,-0.42545375,0.057228323,-0.33641678,0.19915113,-0.09201329,0.04406026,0.004206197,0.76281977,-0.64118284,0.1924184,0.099009655,0.06939033,-0.08388307,-0.16047622,-0.74663925,-0.080568895,-0.2693666,-0.030134816,-0.25897855,0.13383488,0.9377603,-0.21602547,-0.25370207,0.38178536,-0.5169895,-0.05941091,-0.036838632,-0.21671063,0.024765573,-0.5442581,-0.81287867,-0.19480875,-0.04158111,-0.35903323,0.2826413,0.019614436,-1.3532959,-0.04819018,-0.37627098,0.11008299,0.36550418,-0.42950588,-0.096309155,-0.5181458,-0.41206214,0.13499558,0.021626191,-0.5251656,-0.16314733,0.06704735,-0.7102659,-0.4767947,0.27872714,-0.20106012,-0.060405713,-0.027373586,0.16220754,0.021957025,-0.0573104,0.7208862,-0.30144456,0.038580406,0.36345255,0.24442406,0.27541164,0.1381468,-0.09800451,-0.25654265,-0.24042936,-0.3173393,0.11187714,0.18266888,-0.2120005,-0.04709898,-0.18785325,-0.6318342,0.10062566,-0.16804786,-0.32941222,0.13675615,-0.19445902,0.09907614,-0.42435506,-0.11033415,-0.04571486,-0.40438506,-0.23258132,0.36318153,-0.20740671,-0.48448464,-0.036334563,-0.23881426,0.08611537,0.06676714,-0.12380453,0.023256568,0.3008347,0.04175998,0.103940494,0.123325914,-0.18215504,0.36814567,-0.094304286,0.22853749,0.5573222,-0.02066174,-0.071257606,0.30284703,-0.08477268,-0.107364275,0.3746006,0.012614579,-0.09306178,-0.41096106,-0.626548,0.04936619,0.03758309,0.21889473,-0.16545746,0.24334982,-0.20200294,-0.6000904,-0.25854397,0.12668297,-0.11952198,-0.02412045,0.30807424,-0.025064463,-0.0013423449,0.30914587,0.10665408,0.21032584,-0.42366523,-0.0058691516,0.5691218,-0.51570725,-0.15147613,0.29851916,0.35274148,0.026798485,-0.46393326,0.10534,0.7286308,-0.108742654,0.13042223,0.34556484,-0.013209563,0.4262454,0.15829255,-0.088673726,0.15555847,0.17104627,0.55921674,-0.41596186,0.6928773,-0.21359953,-0.4514083,0.0997103,-1.0268502,0.67749244,-0.12979671,-0.135886,0.60219187,-0.45418122,0.22862566,-0.49612054,0.23827021,-0.2180812,0.18107392,0.08422351,0.22806652,0.51775193,-0.14612803,-0.057854332,-0.5624249,-0.079175666,-0.1558666,0.22529554,0.0519258,-0.30728576,-0.35833585,-0.5760188,-0.0107945725,-0.044729397,0.3528239,0.40590242,-0.049580537,-0.13297081,-0.014289899,0.3202532,-0.15641908,-0.43044108,-0.13072012,-0.050438233,-0.7089211,0.09454278,0.2217732,-0.10667301,-0.21727827,-0.49433506,0.1783084,-0.17684871,-0.23421289,-0.3136005,-0.45029095,-0.47088173,-0.46274322,-0.38265446,-0.055856057,-0.19891137,0.3206027,-0.18960121,-0.0024951028,-0.009325633,0.07749429,0.048469305,-0.38672516,0.44559783,-0.8248,0.122731954,-0.059241876,-0.25288546,-0.015517511,-0.30837947,0.5355709,0.1811996,0.19778694,0.030260913,-0.03286529,-0.14143857,-0.0066378657,-0.081602536,-0.4645628,-0.3886069,0.02980383,0.014611854,0.44189614,0.15901528,-0.06350689,-0.4153369,-0.4532904,-0.048681654,-0.32896638,-0.26950595,0.03882531,0.08280859,0.0037229555,0.30826223,-0.21507834,-0.20365742,0.32970446,0.30212653,0.3528194,0.2249903,0.7134866,-0.17738415,0.38434356,-0.2468348,0.23512459,0.32903913,-0.20626104,0.30436894,0.24626654,-0.25542152,-0.14783037,0.49100867,0.36083755,-0.35158524,0.29980484,0.21954456,-0.023500431,-0.055280413,-0.09611643,-0.038190313,-0.07947806,0.48341766,0.777889,0.13175017,-0.26947528,-0.5958157,-0.141188,-0.4776286,0.022024965,-0.034137152,-0.12310487,0.08166597,-0.18453862,-0.39109787,0.1535496,-0.015874865,-0.15491208,0.078789055,-0.15639871,-0.36078513,0.307912,-0.21809386,-0.066619895,0.23110595,-0.50077075,-0.2908101,0.15368053,0.003558588,0.053698197,-0.4614932,0.47245747,0.049440898,0.31023654,0.0056016683,-0.16323233,-0.37744376,0.06766612,0.381626,0.17913899,0.054480564,0.39917982,-0.29288477,0.10297898,0.120991,-0.049839064,0.17821711,-0.011703833,-0.13528927,0.74124634,0.35388717,-0.0005131978,0.022217097,-0.27113974,-0.15267098,0.06926352,0.25854024,-0.1425922,0.10911956,-0.084052026,0.24585561,-0.14220281,0.49101707,-0.1305647,-0.23867191,-0.039992746,0.32603908,-0.09693823,-0.6948601,0.076196335,-0.3331199,-0.030156512,-0.6436813,0.27818576,0.19974728,-0.2112488,-0.08900054,-0.075915836,-0.064381294,-0.3711096,-0.28374675,0.17911191,0.16842431,0.2763768,-0.012355011,-0.14733146,0.005111724,0.3704241,0.14983062,0.07844096,0.29202864,-0.21605861,-0.022053158,0.15181418,0.06989917,-0.25620744,-0.25443986,-0.05463907,-0.31412652,-0.1906273,0.20175268,0.318997,-0.086249724,0.29632893,0.08390893,0.10679302,0.28117162,0.030933578,-0.24569662,-0.18897969,-0.54369634,-0.46717983,-0.019163657,0.046815567,0.3065293,-0.2919499,-0.34326297,0.09352953,0.06641246,-0.03836641,-0.32001427,0.23877798,0.39376807,0.22977477,-0.51246434,-0.38560462,0.053546593,0.1144702,0.05229523,0.14412838,-0.6671849,0.18783122,-0.13584729,-0.1064717,0.077542014,0.06713235,0.21022779,-0.17444067,-0.4996779,-0.5136828,0.03851591,0.12935103,-0.19329226,-0.4543854,0.25241107,0.21301462,-0.36303067,-0.62815034,0.0012096332,0.31778252,0.0,0,0,1,0,0,0,0,0,0,0,0,1,0,0,1,0,0,0,0,0,0,0,0,0.0,0.0,0.0,0.0
-0.060609035,-0.18359035,0.4151842,-0.15311082,0.03734304,-0.4590935,0.05008924,0.4869113,-0.2971494,-0.38237822,0.1620089,-0.5624011,0.19694151,0.47806725,-0.32513857,0.18645279,-0.6825953,0.1588742,0.044570234,0.13892065,0.36773905,-0.21787927,0.0151205,-0.0922891,0.22719346,0.055338476,-0.24765807,-0.08637825,-0.35527703,0.15957917,-0.17428105,-0.0341748,0.033135522,0.078298345,-0.25217512,-0.103189595,0.055527516,0.0539328,0.09684882,0.22890133,-0.27003878,-0.052537423,0.4358579,0.3090005,-0.40521762,0.45709434,-0.25969198,-0.122071944,0.33593252,-0.377009,-0.71803457,-0.3232451,-0.27804798,-0.41044366,-0.13650177,0.19732605,0.3324572,-0.56536305,0.22636467,0.28918117,0.41290072,-0.40720558,-0.25850332,-0.027530594,-0.29389825,-0.13289641,-0.10500901,0.31178564,-0.88654536,0.20952593,-0.077875055,0.44464567,0.13769455,0.17482978,0.047743842,-0.15901357,-0.08847973,0.46617848,0.026790239,-0.7148125,-0.09719134,-0.024101935,0.3582946,0.39456436,0.47605005,-0.014123519,0.33548498,-0.52825695,-0.092084914,0.09743351,0.016858106,-0.0021261168,-0.36493677,0.08842912,0.3793407,-0.36727113,-0.69203275,-0.11845597,0.08168668,-0.045365617,-0.039868347,-0.24920917,0.3173469,-0.11677538,-0.2569465,0.053970598,-0.11873717,0.27568495,-0.18111064,-0.4085705,-0.08616821,0.5740898,0.045252606,-0.109930955,-0.0474622,0.0047414643,0.08037147,0.10270773,0.58635086,-0.19801392,-0.27281737,0.4270873,0.041466802,0.21427546,0.1496818,0.5151045,-0.31144288,-0.3209841,0.0270899,0.026921108,0.15460381,0.43715888,0.49548757,-0.3101373,0.3989335,0.000926786,-0.4284354,0.551911,-0.310931,-0.3367304,-0.24297097,-0.014883501,0.40203375,-0.13127118,0.17462137,0.35953647,-0.029226793,-0.1818113,-0.23308992,0.47999504,-0.42914972,-0.038195755,-0.58649653,0.04655151,0.004054187,-0.38532275,-0.41250464,0.25207293,-0.098044544,0.10526786,0.22287787,0.19896907,-0.069987565,0.057949007,0.50173175,-0.17769474,-0.040711105,-0.1792522,-0.30771837,-0.019380335,-0.37100747,-0.38838047,0.14243992,-0.23586494,0.027688663,0.62892973,0.2861774,-0.40987545,-0.103970535,0.4690825,-0.61524534,-0.3275504,0.07740594,-0.12463231,0.07270055,0.29550758,0.6169562,-0.5394082,0.32057548,-0.032078102,0.09797072,0.29062518,0.42583555,-0.37472314,0.3978158,0.0007442775,0.39877015,-0.42930433,0.054155707,0.30779725,0.45005083,-0.05199956,0.12988168,-0.29615438,-0.11304678,0.51354486,0.09118383,-0.00074955943,-0.21646628,-0.055385076,-0.15568845,0.7811525,-0.49439514,0.17255746,0.16337903,0.002984782,0.7157584,-0.74865764,-0.05253333,-0.30413648,-0.3387072,-0.6845259,-0.13617703,0.33205503,-0.23288192,0.96936375,0.7454726,-0.25224745,0.7123018,-0.28543755,0.11828922,0.22595756,-0.007945803,-0.039111823,0.053280085,-0.42793632,-0.17878987,0.025670968,-0.18243536,-0.041462254,-0.33055288,0.009943124,0.25525212,-0.112910956,-0.054134898,0.38797772,0.28420475,-0.12372283,-0.15748492,-0.17811425,-0.115564875,-0.23113786,0.00484434,-0.3673606,-0.24506818,-0.1008042,0.34119815,0.03900463,-0.57626265,-0.124701515,0.15248413,-0.27246436,0.4621187,-0.03569876,-0.13110052,0.09492536,-0.2855022,-0.10199775,0.6752026,-0.24361409,-0.47605786,-0.2860038,-0.14965928,0.38467515,0.041357756,-0.72403395,0.2632669,0.051537544,0.351334,-0.14313263,0.17081898,0.6127908,-0.0010818685,-0.14680715,-0.27633703,-0.4423341,-0.045544468,-0.083964355,-0.012184125,-0.43577906,0.050813314,-0.13580629,-0.25229347,-0.15180105,0.83966404,0.39676034,-0.046725765,0.32504916,-0.5382995,-0.09129006,-0.49226373,-0.050060686,-0.1590851,-0.03714535,-0.645713,0.20972127,-0.19252147,-0.5366959,-10.696895,-0.19711144,-0.523988,-0.41879836,-0.026110463,-0.27920404,0.07517177,0.4154351,-0.34981057,-0.5386115,-0.01884359,-0.25914443,-0.29465744,-0.041618127,-0.009590228,0.31982905,0.43152535,0.318299,-0.4215395,0.33492598,0.10887787,-0.16763061,0.015245523,0.2243837,0.75394213,-0.4165219,0.0071201664,-0.118037954,-0.28891778,-0.4957244,-0.264125,-0.16683522,-0.054189187,1.2120558,-0.50428677,0.039157502,0.42279527,-0.24083672,0.22119448,0.011214165,0.31988713,-0.061948936,0.15177628,0.18068239,0.62846446,-0.10232735,0.014692645,-0.116753645,0.11026761,0.30670574,-0.46021938,-0.15772806,0.25806367,-0.6318201,0.034815803,-0.101623364,-0.039670665,0.7898246,-0.036727134,-0.025150977,0.78220534,-0.08052018,-0.41358688,0.00073051907,-0.65079397,-0.15210338,-0.82992727,-0.12781642,-0.6742991,-0.028859768,-0.42059246,0.42241934,0.08278744,-1.621511,-0.18845707,-0.22225305,-0.0626162,0.26622182,0.16630346,0.038406856,-0.1924661,-0.53995526,0.11614385,0.00045887753,-0.11191858,-0.22883542,-0.5042683,-0.5188005,0.1405583,0.020835958,0.11908177,0.071431,0.088709116,0.40947625,0.18217458,-0.3255487,0.5812826,-0.700121,0.09779867,0.32119763,0.11726836,0.26803106,0.08345299,-0.07185045,-0.5562823,0.44942316,-0.25201002,0.18973336,0.020715166,0.08174649,0.44781673,-0.25009686,-0.27158004,0.41676262,-0.49615848,-0.10777784,-0.009582531,0.392751,-0.037281632,-0.5474567,0.034407012,0.101343066,-0.3836505,-0.62741876,0.28625688,0.12110003,0.13123944,-0.021938434,-0.10633957,0.22074093,-0.6002255,-0.15274248,0.31948397,0.17484634,-0.38477337,0.14821343,0.13304365,-0.5744594,0.095709264,0.046958115,0.22057506,-0.4276623,0.24200903,-0.15113735,0.50260735,0.48023096,0.9724286,0.47617257,0.2207915,0.54464126,-0.06879625,-0.31546888,0.43631518,-0.050518233,-0.18349433,-0.20323426,0.44797054,-0.47586095,-0.30424488,-0.27367526,-0.05530291,0.24846274,-0.10679324,0.35683137,0.013470064,-0.30690596,0.28004584,0.111949116,0.04141728,-0.48681912,-0.29426658,0.37267843,-0.3122838,0.09664491,0.13026187,0.22471714,0.36451042,0.21656096,-0.18086836,0.4468511,0.26009333,0.32040578,-0.11028481,-0.16532025,0.10912519,-0.23363379,-0.21536754,0.36814395,-0.08269724,0.2209826,-0.4003435,0.78894377,-0.26907524,-0.48460615,0.2530349,-0.6521828,0.68844926,0.25467288,0.36278912,0.20252477,-0.25488633,0.0041858116,-0.2804158,-0.05606799,0.13825782,0.069087386,-0.2066127,0.008007933,0.41929683,0.17047085,0.5033136,-0.42988035,-0.3507525,-0.30356807,0.3044183,-0.11518982,-0.15721929,0.07704898,-0.51140517,-0.13314334,0.02839348,-0.15602249,-0.21193561,0.16337246,-0.15019639,-0.15135135,-0.20389567,-0.28356156,-0.30901033,-0.47887924,-0.044056397,-0.9703065,0.24356699,0.24087578,-0.030566126,-0.43251505,-0.52861226,0.6056222,-0.32344446,0.114220686,-0.33560315,-0.64615256,-0.07090597,-0.31196553,-0.2610232,0.16335379,-0.63932633,0.30151457,0.05063427,-0.114501156,0.48169312,-0.16108122,-0.4066696,0.113168634,0.30265558,-0.9104324,-0.2707137,-0.23186082,0.08396305,0.01948507,0.08143458,0.44426072,-0.15389475,0.049323104,-0.078745894,0.23587625,0.030584557,0.54753023,0.4540809,-0.41367254,-0.39145553,0.2186585,-0.037492745,0.23641062,0.2962096,-0.7076175,-0.47817814,0.0004297731,0.4235307,-0.14354673,-0.71542776,0.090812236,0.26661763,-0.106361896,0.27991176,-0.22722962,-0.26109958,-0.08653579,0.0021465356,-0.19141084,-0.12418482,0.7755876,-0.53984517,0.5390803,0.6879537,0.289333,0.021058312,0.097178586,-0.03308992,0.05805907,-0.2914902,0.023502968,0.24352568,-0.39296147,-0.29164732,0.03733288,-0.18258496,0.07138235,-0.331603,0.027933141,-0.516626,0.015551653,0.34628054,0.49237812,0.42325422,-0.43009412,-0.22368921,-0.025325159,-0.1605234,0.07316223,-0.37521783,0.32110885,0.5921947,-0.18111789,0.335281,0.0429333,-0.02369844,-0.07532945,-0.0506025,0.027665414,-0.3079201,-0.38182378,0.36261535,0.27220094,0.08111969,-0.09996636,0.24437544,0.4594185,-0.07863034,0.28646782,0.03197209,0.48685455,-0.59551346,0.29281452,0.05207985,0.061936166,-0.5025523,0.013496526,0.46594673,0.17125838,0.024042724,-0.22793375,0.12988654,-0.15727998,0.18647179,-0.23373134,0.13870232,0.52669525,0.45182133,0.26957944,0.103146896,0.09687635,0.09974135,-0.102463126,0.26138556,0.080060974,-0.43141937,0.25610697,-0.21477935,-0.22227651,0.47812068,-0.15389918,0.20994239,0.32258487,-0.42820293,-0.3808921,0.24604416,-0.13642114,-0.17443582,-0.25541055,-0.7377173,-0.46309984,-0.10351989,-0.023074122,0.68585515,-0.3706843,-0.24467999,0.20141241,-0.031608686,-0.17656773,-0.020968007,0.05305578,0.058637474,-0.21220452,0.0834765,-0.29718882,0.18805021,-0.13304926,0.15985349,0.14843531,0.6241265,-0.7657529,-0.21897477,-0.17026669,0.24251802,0.029065767,0.07114076,0.13191402,0.0059504975,0.40826052,0.15429902,0.4823458,-0.03432681,0.33487904,-0.24509989,-0.2807337,0.11152652,-0.58206767,-0.13822924,0.14880396,-0.55513823,0.16296364,-0.5040058,0.14475991,0.21189909,-0.3583541,-0.34526974,0.49510553,0.08816101,-0.13207202,-0.036989268,0.35272303,-0.043030925,0.30899063,0.08873539,-0.37796223,0.0313203,-0.5380459,0.088082485,0.056261964,-0.18548948,0.23544894,-3.3459728e-05,0.33614725,-0.049681112,-0.20578338,0.098637566,0.14850079,-1.0263654,-0.08878464,0.13359886,0.4489898,-0.4498176,-0.092120916,0.20957753,0.4795405,-0.35880554,-0.6738061,-0.1930539,0.31690967,0.0,1,0,0,0,0,0,0,0,0,0,0,0,1,1,0,0,0,0,0,0,0,0,0,0.0,0.0,0.0,0.0
0.13062324,-0.4062524,0.5141649,0.1375652,-0.12663525,0.112061605,-0.09674859,0.6738662,0.13320886,-0.45119238,0.008691311,-0.072666004,-0.060809903,0.4876043,0.006299668,0.2941922,0.067222446,0.09188994,0.24603721,-0.32457048,0.24165171,-0.010545745,-0.5345967,-0.36712182,0.006856239,0.42635575,-0.2884775,-0.40756476,-0.5986247,0.05797455,0.032456093,0.19247991,-0.27496535,-0.0875692,-1.1727417,-0.16860501,0.1279667,-0.08162138,-0.031562865,0.354098,-0.03930191,-0.51239026,0.11506663,0.046619933,-0.3222034,0.121077046,-0.32888785,-0.21943235,0.13845292,-0.842099,-0.7583888,0.10749357,-0.21271431,-0.28873584,-0.17270786,0.45833132,0.67007434,-0.33768785,0.24979061,0.056906387,0.17376858,0.10950513,-0.1037193,0.060722154,-0.36817557,-0.099314176,-0.12037633,-0.15803629,-0.86922336,0.1412813,0.069024116,0.08114955,0.13723958,0.16348095,0.28469762,0.04021767,-0.07937493,0.4590958,-0.1868115,0.0045855194,-0.33362377,0.06684755,0.72951925,0.13865651,0.36550176,-0.18364395,-0.3059578,-0.34738338,0.05527578,0.22567405,-0.43337268,-0.3982575,-0.35938388,0.15072334,0.33911988,-0.35640103,-0.6246455,-0.12750357,-0.11570898,-0.21643908,0.11560941,-0.5932269,0.054153785,-0.020563506,-0.6126423,0.23949116,-0.2847448,0.17557903,0.17744212,-0.24108158,-0.12915474,0.14304814,0.39984277,-0.1393111,0.029988822,0.027729204,-0.63683915,0.41682035,-0.0027499457,-0.44401446,-0.39210078,0.3429518,0.24020992,0.23446482,0.49800867,0.51794785,-0.13001019,-0.06659051,0.075790614,0.3778497,0.4879386,0.38667,0.46075022,-0.49201053,0.27237248,-0.31640777,-0.023274673,0.1539554,-0.035483744,-0.24825072,-0.13576578,0.30980724,-0.04860355,-0.117589384,0.6905826,0.032875635,-0.43446526,-0.13524863,-0.055117156,0.18766993,0.09786603,-0.14848836,-0.45330837,-0.37486017,0.45494488,-0.24127382,-0.50264674,0.46021134,0.27739456,0.4638469,-0.0033606042,0.45291725,-0.013268982,-0.3980819,0.24992616,-0.3699751,0.13166958,0.1532666,-0.051430106,-0.34909984,-0.16167206,-0.8821766,0.6447394,-0.0097453855,0.13600916,0.3956087,0.3588273,-0.7318456,0.09087625,0.6813497,-0.74337935,-0.14433819,0.50225663,-0.28527498,0.2331122,-0.05393242,0.70226973,-0.79778093,0.5085715,0.4088999,-0.16139163,-0.086396515,-0.038058132,-0.55291957,0.21471733,0.03201205,-0.2178918,-0.4264016,0.7770361,-0.13639945,0.19504422,0.17839117,0.28462687,-0.5024172,-0.10578101,1.1774145,-0.36401743,-0.25894907,-0.7200558,0.3631059,-0.4272093,0.6358499,-0.42419302,0.14897628,0.35605624,-0.24719551,0.35076788,-0.5224712,-0.2269854,0.05139793,-0.35731006,-0.7655652,-0.027267741,0.15485857,-0.67039996,1.1087278,0.33919632,-0.17842107,0.847139,-0.17894101,-0.042335153,0.11364269,-0.00600403,-0.2679032,0.08658462,0.4680325,-0.03627654,-0.056977287,-0.014368625,0.23764624,-0.4093337,-0.006977405,0.4001194,0.006544443,-0.070683554,0.6055731,0.5504885,-0.71487015,-0.4251993,-0.051354874,-0.37917563,-0.7240341,-0.0046202512,-0.25928256,-0.24605076,-0.2835936,0.3028643,-0.1692656,-0.32115415,0.26765645,0.18743204,-0.24403447,0.21984687,0.3813795,0.39602602,0.08873728,0.14706367,0.041969188,0.32726488,0.09378357,-0.40897527,-0.16948348,0.28326935,0.4632661,-0.41976225,-0.59377,0.42881602,-0.16257948,0.56192726,-0.38700104,0.24771298,0.29814813,-0.3927149,-0.1501239,0.1782877,-0.21895336,0.5310146,0.18201554,0.05474916,-0.2850867,-0.11060092,0.009404817,0.00923813,-0.22050168,0.53431165,0.31183016,-0.1893284,0.5094663,-0.5150785,-0.10702849,-0.44531086,0.32040495,-0.20328178,-0.21311624,-0.14296585,-0.20026329,-0.5238252,-0.27438742,-9.800306,0.2724327,-0.25906837,-0.092034794,0.25216934,-0.12740032,-0.24859476,0.3139205,-0.1919184,-0.08501703,-0.016462743,-0.20201455,-0.014244573,-0.22708493,-0.06279513,0.09851506,0.39125144,-0.035268024,-0.4360261,0.16080496,-0.08136106,-0.7276726,0.55104625,-0.1822213,0.23833887,0.10034513,0.124678425,0.3930565,-0.3744801,-0.35883802,-0.36260405,0.2882211,-0.06823321,0.58486056,-0.37014696,0.16267529,0.37036717,-0.18576346,0.68801415,-0.22239873,0.2125621,0.6547015,-0.012264796,0.13790098,0.36685276,-0.24476546,-0.2388806,0.04667795,-0.038406584,0.28992113,-0.35022098,-0.02628006,-0.034558628,-0.48130047,-0.0007676418,-0.19528943,-0.2594366,0.50305843,-0.1483751,-0.22567898,0.8604571,-0.1383464,-0.37118673,0.08083077,-0.3748703,-0.039572105,0.056930616,0.19742881,0.006460448,0.21452111,-0.17041938,0.09058003,-0.020989789,-1.5197663,-0.080547884,0.22393078,0.13642953,0.14657608,-0.07687125,-0.28515315,-0.6744277,-0.85415703,0.19634385,-0.053992298,-0.58740336,-0.40767965,-0.47011313,-0.6947709,-0.067067474,0.6610814,-0.35922733,0.49113947,0.022011392,-0.14994456,0.2368022,-0.26439047,0.6368672,-0.44294855,0.21325627,0.3039603,0.22062509,0.00048246668,0.011027986,0.6471703,-0.28014782,0.44115388,-0.6529307,0.25523987,0.1478525,0.1940083,-0.048850115,-0.07428297,-0.11274273,-0.2217312,-0.5562646,0.10657766,0.027416,0.3106398,-0.032347333,-0.46779287,0.012787591,0.025666386,-0.39330742,-0.6970961,-0.07464667,0.03744688,-0.5728687,0.032898106,-0.5833826,0.15343922,-0.020967064,-0.13976169,0.3771438,-0.4827065,-0.12880346,-0.36811352,-0.22817087,-0.15181671,0.0040547387,0.35782155,0.35801262,0.30094767,0.39293417,0.011066598,0.062014896,0.29797748,-0.045013487,-0.58948404,0.23794717,0.22407195,-0.046592817,-0.98855126,0.24552757,0.35037932,0.20388599,-0.3642305,0.6008027,-0.6574406,-0.19467077,-0.27511698,0.34227383,-0.08134281,0.05662746,0.17377682,-0.034010425,0.29095194,0.52826995,0.13424268,0.06887387,-0.2540616,0.32071054,0.5922147,0.061097875,0.4967917,0.3087896,-0.22996391,0.23546055,-0.9212002,-0.08724286,0.3177206,0.22542715,0.33741352,0.09417138,-0.46191847,0.21720003,-0.37163046,-0.29461947,0.39070952,0.42403615,0.2420378,-0.43455264,0.27550197,-0.37814242,-0.26945698,-0.14395016,-0.55096,0.2152335,0.29923722,-0.20567256,0.58027977,-0.4295448,-0.098502025,-0.25249112,-0.0010081662,-0.1267863,0.26009226,0.09726488,-0.26058057,0.65740806,0.2753328,0.28345728,-0.19804679,-0.3137648,-0.53134465,0.06211502,0.15989712,0.2698937,-0.107223675,-0.44101685,-0.217396,-0.31013665,-0.01238982,-0.238654,-0.32370827,-0.1636589,0.09339391,0.027279144,-0.6291667,-0.13533926,0.27976546,0.15939604,-1.4435744,0.40347925,-0.20294254,0.16699912,-1.1028696,-0.4224329,-0.25132167,-0.27627024,0.082316995,0.028953407,-0.60270697,-0.13691105,-0.20035252,0.3657854,0.41982776,-0.681721,0.09022877,0.2823735,0.14388211,0.43956795,-0.14298587,-0.315597,0.000522503,0.5018163,-0.16095242,0.014990259,-0.106421456,0.07158737,0.6673621,-0.20905314,0.35846516,0.18976367,0.2569459,0.06675875,0.06529948,0.25303835,0.358955,0.011709828,-0.0099628875,-0.11278559,-0.05202259,0.22812319,0.4050626,-0.2434929,-0.35362804,-0.4354022,-0.3681925,0.29142696,-0.08460829,-0.18469349,-0.045455616,-0.26065195,0.37427008,-0.06739972,-0.12731144,0.14439744,-0.25803795,0.13413493,0.14059061,-0.37546408,0.4925779,-0.6371585,0.49905714,0.10815848,0.42183447,0.4664186,-0.2915624,-0.43396524,0.25758085,-0.16242965,-0.5484972,0.16950484,0.32175368,-0.25673527,0.16733433,0.105877414,0.09112047,0.061407533,-0.08034208,-0.54716086,0.13298294,0.15503177,0.62676895,0.009863057,-0.14724882,-0.014047895,-0.41602796,-0.3596503,0.08702484,-0.23706192,0.077469535,0.57258874,-0.018357936,0.26057625,0.099902995,-0.0936914,-0.47073582,0.121725984,0.2713982,-0.041128114,0.07467423,0.45655394,-0.13532731,0.12130264,-0.021947188,-0.0040889997,-0.14349847,-0.32129163,-0.09709362,0.09229201,0.5812025,-0.024003176,0.12568243,-0.03795122,-0.22167271,0.09268532,0.046487264,0.044366937,0.31198093,-0.16011779,0.018717684,0.2060261,0.105652496,0.5904449,-0.2143113,-0.35190356,0.082384594,-0.13273829,0.71097124,0.50836825,0.8107766,0.34863973,-0.27452073,0.033051543,-0.034574557,0.29107606,-0.25565135,0.13879725,-0.32521674,0.07352842,0.12414083,0.20560974,0.053386845,-0.41970795,0.132602,0.23056309,0.28073466,-0.51431525,-0.24383222,-0.29058266,-0.11900234,-0.2527773,-0.0327033,0.65916514,-0.32467246,-0.23289448,-0.24959289,-0.25144574,-0.07588731,-0.01970976,0.3985519,-0.34189832,-0.322431,0.5637351,-0.21521375,0.0041015986,0.15091988,0.02016388,0.42386818,0.58275384,-0.2352515,-0.3308599,-0.22423418,-0.1914193,-0.29565892,-0.039086934,-0.048121262,-0.0010280593,-0.3156862,0.26900205,0.074467674,0.0033016603,0.3292805,0.027425067,0.013742763,0.2693106,-0.2669558,-0.034680896,-0.010337244,-0.18903309,-0.14781879,0.051901046,-0.034052048,0.23439391,-0.6528087,-0.56516916,-0.031857245,0.012608085,-0.02092466,0.08130032,0.38062277,0.5931597,-0.36171395,-0.29518545,-0.37843326,-0.20212159,-0.33326024,0.18430234,-0.007314965,0.1984686,-0.21359581,-0.20258754,0.043301128,-0.52069545,0.09886373,0.08027705,-0.05493096,-0.733831,-0.4719677,-0.32521462,0.035495106,-0.88446516,-0.22721148,0.077423096,0.18657845,-0.09616595,-0.082162976,-0.055683136,0.32156527,0.0,0,0,0,0,0,0,0,0,0,0,0,0,0,0,0,0,0,0,0,0,0,0,0,0.0,0.0,0.0,0.0
-0.2196581,-0.4404731,0.34007028,-0.36918014,0.13386327,-0.1734561,-0.020793533,-0.13500415,-0.29049155,0.15997177,-0.032182902,-0.42659992,0.5957328,0.14403975,-1.1920682,0.65040404,0.22336823,0.2225459,-0.43071637,-0.30126628,0.7012474,0.62261146,-0.1368217,-0.20491996,0.44375324,0.4208141,-0.18156168,-0.24462467,-1.0176823,0.6107927,0.29119182,0.061769813,-0.29084295,-0.18087701,-0.29106688,-0.14411992,0.28627002,-0.4315292,-0.36917672,0.49567974,-0.15170637,0.23351051,0.54791415,-1.0392048,-0.04709593,-0.12117279,0.018387675,-0.4703301,0.11778201,-0.45433953,-0.4393943,-0.00024472893,-0.65035295,-0.19805065,0.366431,0.39207545,-0.4748208,-0.6167268,0.020780995,-0.23307411,-0.25918207,-0.7791363,0.9757668,0.23245995,0.15337817,-0.45684293,0.13108742,0.39477816,-0.74774003,0.19714826,-0.56598544,-0.025104096,-0.020087618,0.7196086,0.0532125,0.26375556,-0.03964608,0.49102852,-0.066208184,0.13392198,0.58104,0.6970716,0.08958478,0.060438972,0.052388266,0.11256871,0.43213522,0.2544114,-0.47395498,0.41742054,0.026856337,0.26525745,-0.27832064,0.19879311,0.18185924,-0.37257907,-0.43597832,-0.06885144,-0.029214416,-0.46356496,0.21290354,-0.2146928,0.09042471,0.12338128,-0.07225215,-0.02781918,-0.17922622,-0.1214668,0.022017902,0.20648815,0.2095131,-0.040117912,0.07555073,-0.7004337,-0.6842784,-0.27824444,-0.46888334,-0.39880413,0.3601213,-0.15576263,0.12897135,0.38448215,0.3240301,0.25478092,0.44249806,0.9177069,0.4590675,0.114333995,-0.32629573,-0.19765797,-0.26946384,0.31819567,-0.30120507,0.14059624,-0.61208516,0.54375696,-0.21402857,-0.6854079,-0.34119958,-0.34211168,-0.7505157,-0.2026124,0.2598816,0.026761862,0.9123145,-0.11437215,-0.10107903,0.39772743,-0.17854498,0.6737151,-0.20990942,0.17996366,0.057600617,-0.0032818683,-0.67361474,0.0774933,-0.028752483,-0.10587709,0.57657486,0.74666536,0.09692685,-0.6048522,-0.18121906,0.37345546,0.03954961,0.6046226,-0.7485916,0.30143246,0.26514825,0.72826326,-0.036170073,-0.7644945,0.41776395,-0.2105881,0.52023196,0.18341488,-0.44503325,-0.18776037,0.3501212,0.38104942,-0.42674443,0.14222242,0.16566497,0.16938558,-0.42074105,-0.50494444,0.19602951,-0.35278025,0.62579745,-0.3051128,-0.5470078,-0.22241837,0.33769184,-0.67686075,0.20422225,-0.056034904,0.12119503,-0.66929054,0.29390234,0.29220107,0.64180964,0.4011642,0.8401418,0.04815887,-0.069679715,0.593946,-0.7195792,0.114617586,-0.6289672,0.45961964,0.08209784,0.6753087,-0.394536,-0.44707072,0.42038766,-0.34398022,0.29774192,-0.6778865,0.46796557,-0.24204396,-0.24343795,0.0563488,0.06293191,0.8622725,-0.45416492,1.5222439,-0.089236155,0.08179858,-0.23416883,0.03665658,0.37601495,-0.26377806,0.6150955,-0.23377134,0.12055098,-0.009913262,-0.549435,-0.17025976,0.04514112,0.01517764,-0.20201698,-0.021593409,0.8417702,0.26418266,-0.031664237,0.024877088,-0.29246348,0.23353699,0.40851378,0.5130513,0.051498204,-0.38396525,0.5487279,-0.7766391,-0.29191905,-0.64265394,0.14914474,-0.5538946,-0.0988984,-0.5060102,0.16481261,-0.31574076,0.5984722,-0.011208028,-0.13226593,-0.058801614,0.14186877,0.66980475,-0.011435682,-0.52367216,0.16833052,-0.4872451,-0.012985387,0.26796857,-0.53712183,0.4085052,0.14237732,0.048324823,-0.27969715,-0.5850004,0.35212585,-0.22271457,-0.39203098,0.5525507,-0.030118361,-0.18051258,0.42365596,-0.32118827,-0.44295537,0.15615201,-0.48152432,-0.10332141,-0.31918696,-0.21297245,0.9973019,0.06595202,-0.46096915,0.8050057,-0.17266724,-0.50261956,-0.06885586,-0.17043407,0.1367661,-0.017801624,0.3519914,0.13608041,-0.4239864,0.2394204,-6.8502564,-0.24193269,-0.74005216,0.17096874,0.52368295,-0.10944172,-0.025984703,-0.26541677,-0.23438847,-0.094082855,-0.07685694,-0.57977796,-0.024946237,-0.089295365,0.25131157,-0.73881894,-0.20365186,-0.32344767,0.48745766,0.17894821,-0.19597468,-1.2472533,0.5604344,-0.51764685,0.17676198,-0.064549975,-0.4108248,0.28497773,-0.25312728,-0.5822598,0.26809296,0.43322778,0.09975334,0.19087873,-0.5278371,0.20119974,-0.26810798,-0.53112227,-0.37310025,-0.039596345,0.3878722,-0.6757176,-0.52766025,0.14110723,0.52218825,-0.024973994,-0.027606301,-0.33781415,-0.061458487,0.35608587,-0.5414975,0.4059466,0.13117358,-0.3016242,-0.33994153,0.5462716,-0.048466362,0.29965538,-0.47866735,-0.449481,0.4498136,-1.0252779,-0.44999123,0.5885523,-0.20718744,0.04716599,-0.82324845,0.4020139,0.7420752,-0.7005449,0.12149559,0.21018098,0.09804483,-0.6829598,-0.310257,-0.41324276,-0.2338011,0.148199,-0.29510757,0.2024395,-0.59376734,-0.22214562,-0.06925292,0.5332411,-0.1567648,-0.0290739,0.45293748,0.66456276,-0.6881554,0.19542137,0.16166475,0.6968895,0.15753517,0.19392805,-0.10166601,-0.6598133,0.20487702,-0.42282894,-0.30082142,0.17303953,-0.26752856,0.06326613,0.2412291,-0.7113138,-0.10619685,-0.5770985,-1.2192152,0.052603364,-0.1743211,0.47859138,0.8589458,-0.3375263,0.5745861,0.49261567,-0.3281867,-0.15997623,0.37847233,0.6088689,0.14783019,-0.32553872,-0.046567157,0.067016646,-0.7638817,-0.43196765,-0.022229545,0.022414971,-0.16408941,-0.19150142,-0.36455306,0.09602456,-0.026343271,-0.2256815,-0.3580395,0.42099938,0.19674736,-0.25841668,0.18632019,0.32867905,0.49350375,0.3998062,0.34120044,-0.14624043,-0.3962854,0.43887737,-0.019996718,-0.28386125,0.60529447,0.3357302,0.060127176,0.482519,-0.37670985,-0.8481093,0.30372658,0.09823262,-0.47361153,0.15389553,-0.00761304,-0.21511099,0.7444218,-0.4552051,-0.63392645,0.115885325,0.11192311,-1.0226003,-0.5685227,0.117766835,-0.8272934,0.31118545,0.03942168,-0.06266274,-0.8809888,0.16146378,0.19473939,0.38600552,0.50773597,0.14994389,-0.15133779,0.00037315473,0.19160876,0.9545357,0.56505793,-0.5090069,-0.19965667,0.11192578,0.41049194,-0.42103887,0.38294148,-0.35218856,0.46940213,-0.028724995,-0.807593,-0.034300067,0.110048875,-0.10993737,-0.21905588,0.035488773,0.5845809,-0.42084685,0.19034766,0.5971798,-0.39405894,0.2825656,-0.22966164,-0.11566698,-0.5987491,0.16300769,0.008309916,0.09226594,0.01231516,-0.12917504,-0.011708903,-0.25830108,-0.2945278,-0.5004953,0.19310667,-0.6638908,0.28885943,-0.083297834,-0.61700976,0.31631038,-0.21859355,-0.3545728,0.21443015,0.23646806,0.027388657,-0.1812109,-0.21704209,0.26891145,0.13387173,0.16796394,-0.5769973,-0.8873428,0.37912777,-0.36338207,-0.11692145,-0.44113606,-0.31429404,-0.20934191,-0.14406575,-0.18158993,0.20493202,-0.39466423,-0.19294487,-0.48342308,-0.08090956,0.077864066,0.39820388,0.08158548,-0.27838594,0.62999976,0.39315173,-0.72113603,-0.6609658,-0.46848947,0.16520038,-0.7851273,0.4376505,-0.19564967,-0.04446398,1.5284784,-0.5061909,0.039850105,-0.031069111,-0.39072517,-0.3180068,0.13904916,0.41504943,0.36514863,-0.06011588,-0.42074546,-0.24815005,-0.79515296,-0.07659743,-0.04885558,0.13770033,0.57343626,-0.15703267,-0.38123965,0.9221132,-0.44707772,-0.77650034,0.22873375,0.39424172,-0.010855033,0.1024662,-0.3876719,-0.58583754,0.11773183,-0.6652172,-0.01949076,0.40091178,-0.4215596,-0.25123027,-0.21577328,-0.500534,0.43339643,0.7374327,0.035197113,-0.09313698,0.3897663,-0.71201915,0.07594932,0.24745356,0.052285276,-0.60988814,0.5468594,-0.19624445,-0.11994024,0.046353903,-0.1206941,0.33995956,-1.1804737,0.69410044,-0.22737019,-0.017060995,-0.3909296,-0.094827525,-0.5186905,-0.5330909,-0.070976116,0.7062133,0.30346608,0.9507873,-0.5054263,0.43002686,0.27123162,-0.3554223,0.19496559,-0.32768193,-0.09757273,-0.36441097,0.2658013,0.081631094,-0.020119466,0.1731029,-0.069548875,0.69544655,-0.34687304,-0.17491393,0.5422387,0.110121585,0.38850516,-0.14521499,0.22435234,-0.16388634,-0.08965926,-0.094038345,0.0068621906,0.8138694,0.9205843,-0.065805815,-0.11876071,0.4929744,-0.0693591,0.82653487,0.41154683,0.1750824,-0.17363726,0.33596653,0.30458698,0.5345248,-0.20022589,-0.0097385645,-0.6760159,0.44842252,-0.1977922,-0.102648586,0.19513397,-0.103298835,-0.28897288,0.52954465,-0.29348642,0.10808247,0.3210912,0.41151404,0.04530961,0.32447478,-0.1455143,-0.059292227,0.23794426,-0.15318763,-0.42516884,-0.2215419,-0.44409072,-0.14558105,-0.43376926,0.52001005,-0.093121566,0.38932255,-0.03996942,-0.5538671,-0.10880219,-0.17113428,0.17566197,0.30696824,1.0761921,0.17747743,-0.022597728,0.7214111,-1.2702366,-0.001471508,-0.23592295,0.042434163,-0.28566557,-0.0061280522,0.10715556,-0.51968473,0.8281773,-0.9128714,-0.9544942,-0.7312398,0.61715484,-0.015927937,-0.027768107,0.13098145,-0.3176317,0.3607582,-0.108401805,0.025236052,-0.52185494,0.035592582,-0.50591993,-0.377528,0.0014737285,-0.4205518,-0.9202903,0.58576465,-0.44725785,0.22780643,-0.13082097,0.24460562,0.16379096,0.5488577,-0.009476257,0.43559593,0.12839152,-0.56192786,0.13878551,-0.3454655,0.0173872,-0.11828793,0.080636956,0.09668064,-0.009305946,-0.35539302,0.26876658,-0.42249867,-0.60289717,0.116764545,-0.4574154,0.0078102634,-0.20586972,0.07191321,-0.2714213,-0.10998436,0.0066631455,-0.5496249,-0.3744737,-0.36861363,0.69866264,0.0,0,0,1,0,0,0,0,0,0,0,0,0,0,0,1,0,0,0,0,0,0,0,0,0.0,0.0,0.0,0.0
-0.051271867,-0.24859965,0.66007155,-0.17709737,0.21312344,-0.2912237,0.47828072,0.41615954,-0.5614423,-0.35210335,0.29809308,-0.3222784,0.3330292,0.2020818,0.1786833,0.4462051,-0.217729,0.25757867,0.16182345,-0.1939616,0.24972023,-0.14821126,0.2869361,0.2326837,0.4994417,0.39260772,0.1745967,-0.11106947,-0.29804784,-0.05622818,0.5605669,0.065101,-0.1548211,-0.2359414,-0.45806393,-0.12007568,-0.25895646,0.11932306,0.031295866,0.50958085,-0.73017585,-0.60224265,0.47903433,-0.12997924,-0.16149914,0.26219872,-0.013053116,0.026694054,0.49845174,-0.049294487,-0.69420725,0.0076407446,-0.31838483,-0.3780547,-0.017200012,0.688661,0.24303022,-0.52487296,-0.37290686,-0.27603093,-0.34332788,-0.052572384,-0.15598553,-0.4144788,0.08244148,0.15455143,0.13329229,0.19776209,-0.19052453,0.5111437,-0.05181995,-0.53552145,0.30403948,0.03517038,0.050687574,-0.5266542,-0.08353842,0.5400653,0.764428,-0.5103679,0.16871959,-0.072411954,-0.08190339,0.45719355,0.5573579,0.0016735054,0.18398146,0.058118094,-0.086798064,0.9188605,-0.122645214,0.1545961,0.11598059,0.18549383,0.63894683,-0.44649944,-0.40238547,-0.074288696,0.021529056,-0.08799004,0.32738408,-0.29085237,0.13789979,-0.11476092,0.035135467,0.15923394,-0.17937873,0.41668242,-0.08791062,-0.02627956,0.2077158,0.17031565,-0.102936484,-0.21493092,-0.070222504,0.10053724,0.1483352,-0.36362377,0.03290968,-0.34428337,-0.11050598,0.27133706,0.004082833,0.22935234,0.070826516,0.3506229,-0.10004119,0.15346535,0.24056725,0.17961779,0.1123532,-0.16775675,-0.058897234,0.0689511,0.5886263,0.49412683,-0.05483439,-0.43504706,0.03442513,0.2664975,0.10784455,-0.07216597,0.18550736,0.2680394,0.27701703,-0.27961633,0.023095375,-0.14178646,-0.3081864,0.16761775,-0.50439936,0.20941474,-0.5784369,-0.21147403,-0.57102567,-0.23719376,-0.06632494,-0.19255897,-0.025964862,0.27827007,0.22939095,0.027916187,-0.080014616,0.32818168,-0.07277648,-0.35398182,0.08123908,0.034351423,0.036416654,-0.25051987,0.29155272,-0.44217494,0.12317772,0.38199946,0.36336517,-0.09863265,-0.17985687,-0.37435243,-0.5169515,0.94724524,-0.35520467,-0.1999318,0.17392488,-0.06510354,0.27590874,-0.36835906,0.28871012,-0.35026145,0.4498859,-0.0049840864,-0.10564006,-0.02255069,0.35084423,0.13110141,0.17084864,-0.08306448,-0.45647606,0.055662327,-0.1090362,0.11760083,0.12057988,0.09491689,-0.3362355,-0.020005718,-0.8348828,0.42732394,-0.10881415,0.038331054,-0.47295702,-0.275544,-0.39150664,0.39557564,-0.41906878,0.09901119,-0.25351602,0.13898192,-0.103904076,0.067597106,-0.17641453,-0.052815553,0.29284313,-0.0033057863,-0.13939936,-0.27831239,-0.18499926,0.85287577,-0.40560666,-0.82292616,0.22937238,0.34228966,0.24226503,-0.012097654,0.119272225,-0.11555483,0.45512947,-0.18124337,0.17216186,-0.22709222,0.27691832,0.046860762,-0.35738763,0.20913431,0.35607892,0.42674866,-0.42057455,-0.016535798,0.035115477,-0.33455813,0.069584206,-0.173492,-0.28400135,-0.62910765,-0.58358574,0.12282449,-0.26817182,-0.03974752,-0.13797343,-0.4714785,-0.098367274,-0.392486,0.24175902,0.057815485,0.2274619,0.28986168,-0.04255579,-0.19988848,-0.18687671,0.3870464,0.6220018,0.06717267,-0.13501894,0.21154968,0.50046325,0.43852645,0.357127,0.3443536,-0.25532806,0.20063823,0.14843364,-0.24387814,-0.39975575,0.64292765,0.014331822,-0.14686464,-0.28105417,-0.19050507,0.012841462,0.12938629,0.058871616,-0.17518358,-0.09532514,0.0644186,-0.121406555,-0.23221242,0.38159752,0.16783832,0.119769566,-0.06613605,-0.20015305,0.029013252,-0.41835213,0.06934674,-0.14705327,-0.22663894,0.24518973,0.19031526,-0.11296609,-0.38936087,-11.558934,-0.17033496,-0.12621364,0.15723892,0.19837603,-0.3106608,0.20553228,0.0024070416,0.19111224,-0.05301118,0.033930644,0.25054786,0.17321861,-0.27559814,-0.2349106,0.48957366,0.22218032,-0.062374026,-0.2533365,0.35826808,-0.04108095,-0.1606936,0.3965951,-0.22187464,0.2185398,0.096249305,-0.41680804,0.024780905,-0.15131386,-0.24240248,-0.14542578,0.14970341,-0.21303898,0.32366347,-0.17644173,-0.21727931,0.19907428,-0.55531603,-0.3383712,-0.14211039,-0.36663616,-0.6107099,0.037499174,0.017459031,0.4687967,-0.40583465,0.5282495,0.15512727,0.28259033,-0.12504353,0.07717474,-0.4894184,0.29159173,-0.45942116,-0.1457432,-0.15471661,0.083357766,0.9051759,-0.23364937,-0.7116561,0.2510355,-0.41249442,-0.24165802,-0.2618632,0.1275607,0.0676159,-0.66826785,-0.5610645,-0.42239788,-0.20887943,-0.38049293,0.48212183,-0.13182528,-1.5147799,-0.20167333,-0.021053448,0.2013573,0.1850876,-0.57350767,-0.446481,-0.43764594,-0.072700955,-0.16446657,0.3028428,-0.080818035,-0.21579374,0.37770948,-0.42266753,-0.33617193,-0.13189985,0.03739423,0.32635346,0.09471096,0.55242765,0.1445448,0.13357133,0.061929498,0.06181734,0.14144395,-0.13263126,0.13769294,0.2577797,0.15444802,-0.57844514,-0.2690329,-0.1119726,0.11028007,-0.14649825,-0.010524155,0.07058981,0.039287947,-0.054650575,-0.5596493,0.2817563,0.02049469,-0.2531477,0.06849756,0.02933064,0.19108148,-0.55213606,0.026372852,0.27469444,-0.027953038,0.038780235,0.68162745,-0.05007817,-0.21675196,0.40146774,-0.17289951,-0.21481642,-0.101242945,-0.34075892,0.36290705,0.17073536,0.50618434,0.06487877,0.23484257,-0.4847191,-0.056281913,-0.08355839,0.14834103,0.26601303,0.26372206,-0.17913997,0.31943467,0.25850853,-0.15700774,-0.0074863033,-0.0060729133,0.33604,-0.3444786,-0.72064704,-0.10941944,-0.28725517,0.33912444,0.1901712,0.26839983,-0.38350123,-0.28731698,-0.623225,-0.06135602,-0.03829412,0.09684342,0.38780063,-0.076042555,0.05957181,0.06440002,0.44970486,-0.09878989,-0.5125884,0.16379657,0.18590277,-0.09372733,-0.07395117,-0.08575676,0.17888258,-0.16953436,0.13393205,0.07749288,0.48280796,-0.19043447,0.24742536,-0.04956044,0.05036116,0.19882435,0.23214178,0.28796157,0.022690827,-0.092829615,0.7661496,-0.5994386,0.8164289,0.07991264,-0.33198628,-0.08734137,-0.5015277,0.29108825,0.10758056,-0.10657423,0.30530816,-0.4807937,-0.08864768,-0.62447685,0.46718165,0.07583948,-0.19256073,-0.0983978,0.8039009,0.26156694,-0.08068637,0.0414315,-0.29688227,0.3464548,0.07948504,0.46685043,-0.44594133,-0.22699751,-0.32899433,-0.41797367,0.25741202,-0.22255345,-0.0377766,0.10113174,0.09540598,-0.20576888,0.3224633,-0.31768078,0.40914154,-0.11349691,-0.19888999,-0.25544718,-1.3169163,0.0762378,-0.17273201,-0.20255461,0.36048934,-0.023860667,-0.20286101,0.09562404,-0.22680023,-0.41080654,-1.027978,-0.3160681,-0.72787786,-0.6035067,0.06292008,-0.32124057,0.8482257,0.09395095,0.14592591,0.1514794,0.06559383,-0.11145704,-0.60205775,0.0334954,-0.59138083,-0.05318976,-0.1436794,-0.52826136,-0.26309094,0.002507889,0.7001354,-0.53403336,0.021701423,-0.32933825,0.04625968,-0.19821356,0.09987304,-0.41371086,-0.30868003,-0.34397328,-0.24572949,0.11770562,0.12095668,-0.05869843,0.07586336,0.092317045,-0.14795737,0.104906276,0.038412906,-0.09420692,0.25883633,-0.20252478,0.16639982,0.26236102,-0.28738627,-0.35122174,-0.037021708,-0.014284501,0.2260061,0.27663574,0.061332103,-0.2837708,0.2925569,-0.06230952,0.23881237,0.6459517,-0.47204974,-0.22607201,0.23564808,-0.80070215,-0.10625007,0.4503335,0.21546485,-0.1768971,-0.11823126,0.09102722,-0.1426046,-0.16695786,-0.20161527,-0.3024013,-0.6020208,0.46073732,0.257308,-0.23476176,0.20072207,-0.42620662,0.25978684,-0.038707387,-0.047478765,-0.4480999,0.13202816,0.22951989,-0.21566059,0.10203093,0.28469455,0.07678406,-0.15574212,-0.08071177,0.39516675,-0.31126565,-0.056661844,-0.3609156,0.021539407,0.33279982,-0.1880432,-0.12519929,0.49956676,-0.436938,0.1889258,-0.0967873,0.21041939,0.41512626,0.39256066,0.15689234,-0.38828424,-0.5114954,0.39037472,0.68541235,-0.16179293,0.06823299,-0.13779512,0.19468288,-0.025683496,0.35016334,-0.005569217,-0.1667129,0.14206904,-0.01638042,0.5407126,0.15856025,-0.16376202,0.27540484,-0.63956964,-0.14597382,-0.25275815,0.4600033,-0.06500512,0.10649927,-0.13837469,0.27767307,-0.47324154,0.28393432,0.05442936,-0.37782443,0.2089625,-0.24184845,-0.5432694,-0.2679355,0.25375566,-0.18666047,0.13295606,-0.58438104,0.12259629,-0.029805813,-0.07868278,-0.07102109,0.33251658,0.0795857,-0.11452198,-0.3014613,0.27479577,-0.016547149,0.20413442,-0.07203263,-0.05693327,0.12680617,-0.025518002,0.09226951,0.099355415,0.0045318007,0.0018261457,-0.017609492,0.40524173,0.27002722,0.054923825,-0.33098206,0.018680664,-0.09224153,0.01252538,-0.20389886,0.51946557,-0.030874396,0.3849444,0.056878373,0.34887373,0.14101571,0.21220984,0.054934703,-0.43049422,-0.6814244,-0.3757349,-0.37145016,-0.018920844,-0.16017565,-0.5422636,-0.5425989,-0.24179718,-0.09829505,-0.07589318,-0.32645857,0.3161596,0.1826678,0.082860224,-0.3465291,-0.31604883,-0.38188517,0.5717468,0.14123006,0.02729158,0.15197676,0.4067658,0.2904011,-0.1293844,0.15574454,0.22916141,-0.26495764,0.15204142,-0.14727749,-0.45946586,-0.025927236,-0.18324202,-0.03485214,-0.39469492,-0.04762614,-0.1298879,-0.33980644,-0.18929659,0.19231933,-0.3337838,0.0,0,0,1,0,0,0,0,0,0,0,0,0,0,0,1,0,0,0,0,0,0,0,0,0.0,0.0,0.0,0.0
0.31188416,-0.1736813,0.50604624,-0.042237826,0.15892412,0.03814851,-0.003910391,0.5876642,-0.5586928,-0.24579328,0.43277287,-0.26486376,0.31537384,0.65128845,0.05829104,0.7427015,-0.20864274,-0.053241763,0.1133994,0.048388515,0.31881827,0.039216436,0.025754731,-0.009839815,0.23150061,-0.21919985,0.022765609,-0.2482447,-0.48286062,0.100357294,-0.111134045,-0.18417886,-0.058869958,-0.23412009,-0.21198162,-0.40219152,-0.08020457,0.1609339,0.44239613,-0.07627733,0.04134271,-0.40118793,0.27203998,-0.061784163,0.08316017,0.06177563,0.31684583,-0.7634837,0.40284318,-0.6117402,-0.824995,-0.30567732,-0.11591202,-0.5322446,0.18198793,0.3285937,0.32895043,-0.66686934,-0.033512495,0.18483913,-0.11029381,-0.5635443,0.021484563,0.17858672,-0.2877279,-0.5820882,-0.1721412,-0.08250421,-0.6626568,0.30256757,0.2728192,0.011187013,0.34929866,0.2838873,-0.1717234,-0.32824132,-0.1476543,0.3286519,-0.4745039,-0.22999068,-0.24119918,0.16408876,0.33478698,0.3774704,0.5232747,0.17116968,-0.18744782,-0.14832945,-0.6227318,0.68637955,0.22920235,-0.31381583,-0.3178789,-0.32590944,0.4664858,-0.3476798,-0.4415696,0.44110176,-0.06439884,-0.45190465,0.35820803,-0.5995932,0.17247587,-0.44816938,-0.07535173,0.49147987,0.07502916,0.05473423,0.7011206,-0.04071182,0.19969057,0.15249734,0.39872777,-0.40820253,0.20525722,0.13387194,-0.6634028,0.27971357,0.10092139,-0.3518373,-0.5821963,0.44462293,0.22728851,0.13380285,0.5053794,0.10986668,-0.06289522,-0.020130595,0.12622593,-0.24678724,0.50203145,0.39370415,0.31006125,-0.59268606,0.39532512,0.008087076,0.0769724,-0.08974469,-0.33095065,-0.37749913,-0.03639315,-0.13647263,0.5026487,0.45154238,0.021385062,-0.24619576,-0.24794565,0.2964689,-0.23359254,0.6060835,-0.16860843,-0.11820138,-0.3929192,-0.06488506,0.07903102,-0.4735365,-0.6272807,0.17665398,0.0626261,0.6695964,0.030726595,-0.04861263,0.2777051,0.1525295,0.09843875,-0.18748915,0.6941193,-0.014667062,0.20328888,-0.23127732,-0.17366722,-0.2254445,0.67952657,0.07110061,0.30960616,-0.11272774,0.30473557,-0.7092713,0.13839336,0.8254777,-0.38607705,-0.21951449,0.21762493,0.069525644,0.060874,-0.42970985,0.66357595,-0.7805813,0.48907796,0.24075702,0.13941456,0.045905635,0.22217715,-0.45874974,0.7272476,0.27739385,0.0004015737,-0.6489255,0.24878368,-0.23557559,0.29738674,0.2819504,0.30876625,-0.3929911,-0.24763632,0.5799877,-0.07866684,0.013327679,-0.60061604,0.09610538,-0.18098144,0.22553721,-0.64410734,0.18306457,0.06711464,-0.02404012,0.23238038,-0.15361106,0.026738953,0.16281721,-0.38139743,-0.5242181,-0.07701212,0.36288258,-0.3523385,1.1895255,0.5324125,-0.73619956,0.7475432,0.06793864,0.35342222,0.07050109,0.18826263,-0.22104798,0.34015507,0.2960942,-0.116884634,-0.6603685,-0.19946946,0.023393553,-0.5442891,-0.02916712,0.32746005,0.17265481,0.32805938,0.44725442,0.047749948,-0.32842678,0.06677072,0.09988726,-0.35722727,-0.097646765,-0.13642973,-0.554309,-0.41990188,-0.5415008,-0.023134148,-0.5736778,-0.1675465,0.019569473,0.2051893,-0.14469251,0.12551479,-0.21873902,-0.12482489,-0.106693566,-0.36248672,0.020223692,0.45278165,0.121744454,-0.053281434,0.3125905,0.042850703,0.378404,-0.10829409,-0.6202402,0.35391575,-0.14470232,0.32420868,-0.52919334,0.107896306,0.52309626,-0.59039706,0.04756277,-0.37407708,-0.16907132,0.49651515,0.21230257,-0.4311771,-0.6073203,-0.21520202,-0.5699119,-0.60933167,-0.009185064,1.0083573,0.08316075,-0.13764364,0.32438323,-0.5593916,-0.77985466,-0.24953696,0.08443733,-0.096020855,-0.15953518,-0.5901964,-0.57358617,-0.8690851,-0.09286374,-9.277962,-0.26315367,-0.30583525,-0.06337779,-0.023601858,-0.1253929,-0.35388708,0.40589088,-0.53165126,-0.15537459,-0.2993436,-0.23815784,-0.041058864,-0.5121932,0.045115672,-0.1499027,0.8421117,0.29752862,-0.45641193,0.26423597,-0.24659525,-0.41971242,0.7106244,0.013260887,0.67761326,0.09635998,0.06717067,-0.14676188,-0.06873387,0.041723616,-0.3928985,0.18799068,-0.0057816557,0.4496994,-0.20961551,0.026500912,0.12420556,-0.6085548,0.34076265,0.09387934,-0.07376886,-0.53840876,-0.19929737,0.38928464,0.2889039,-0.4582087,-0.6137662,-0.18229344,-0.2476621,0.0925832,-0.14460315,-0.30081725,-0.42853296,-0.8335481,0.10940898,0.093388796,0.16420306,0.9850376,0.0037030687,-0.42014056,0.43329433,-0.5017133,-0.29386,0.35567912,-0.12637194,0.2628553,-0.33367702,-0.046964396,-0.6587678,0.040781528,-0.035566386,0.82368785,0.0461026,-1.3777738,-0.34802368,0.25845787,0.16220477,0.25997755,-0.12394337,-0.20033678,-0.5401054,-0.87858343,0.02040701,0.13254988,-0.47059238,-0.21776293,-0.39978456,-0.7702927,-0.3492643,0.59477353,0.32632253,0.3837797,0.29717457,-0.07726789,0.4925586,-0.51722026,0.73561937,-0.20978399,-0.22389291,0.17231266,0.038294815,0.39160347,0.7769146,0.12657785,-0.4162892,0.07111744,-0.17736723,-0.030498385,0.042150356,0.3769146,0.2129604,-0.10218316,0.006230703,0.15849204,-0.63706255,-0.3702439,-0.06305599,0.758808,-0.70578843,-0.6336574,-0.3248594,0.22678412,-0.45506743,-0.25672367,-0.08126029,0.18941462,-0.14695938,-0.14060526,-0.19553174,0.15143812,-0.053492844,0.02411513,-0.19336641,-0.12283133,-0.5372895,-0.35862857,-0.16811934,-0.86983347,0.22006156,0.32728136,0.4424956,0.383422,0.720863,0.06291587,0.075193785,0.19006123,0.060153905,-0.15047216,-0.24375473,0.51398134,-0.41604167,-0.85891366,0.18224493,0.029188342,0.2881612,0.12608545,0.2391535,-0.52897936,-0.058839336,-0.5541464,0.14272964,-0.15497847,-0.15518267,0.7110758,0.2920343,-0.37470883,0.018924296,0.102915645,0.13554972,-0.7015989,-0.03287211,0.51299286,0.05832064,-0.035592306,-0.23165096,0.36416656,0.35944438,-0.44131368,0.038017668,0.22794817,0.06624818,0.4561865,0.29157588,-0.19650164,0.28239414,0.027029483,-0.05843917,0.4412309,0.57690674,0.4677474,-0.6201291,0.37909967,0.23157065,-0.17157543,-0.09717465,-0.45382628,0.42450613,0.23907572,0.21127906,0.27506214,-0.0861443,0.045002747,-0.00086364325,-0.020206612,0.08557323,-0.02732182,0.43927106,-0.09240952,0.510123,0.33548665,0.36912754,-0.42588043,-0.579643,-0.14061922,0.47371826,0.01931804,0.058048,-0.29090157,-0.74231416,-0.06424599,-0.27641073,0.17287694,-0.54918295,0.023159362,-0.31639165,-0.08069676,-0.17772481,-0.4447745,-0.5413007,0.23677142,0.27889112,-1.703381,0.18973021,-0.19601405,0.19736283,-0.35989514,-0.052289084,0.5432802,0.07029201,-0.2493729,-0.47837156,-0.12576261,-0.0855009,-0.50422835,-0.005174571,0.2937359,-0.29290032,0.27172494,-0.11630627,0.09718257,0.9060197,-0.33500373,-0.36256388,-0.49989286,0.3703811,-0.22820035,-0.41522154,-0.025021486,-0.008873008,0.7523922,-0.07368921,-0.48379847,0.15624422,-0.017588558,0.1558823,0.24999319,0.46607888,0.110635206,0.2311113,-0.31993622,-0.2688024,-0.13826461,0.268407,-0.072740294,0.4546764,-0.069349065,-0.6627351,-0.67540646,0.37443277,0.1105393,0.044343676,0.0882085,0.27799225,0.5194917,-0.058060437,-0.1316897,-0.24920966,0.18454252,0.20366757,0.3261837,0.24042222,0.31669238,-0.97853243,0.21731028,0.05860881,0.30410814,0.7272029,-0.72655183,-0.09920251,0.25144976,-0.06807716,-0.17401682,0.25980285,0.11787936,0.26326808,0.3407735,-0.21060854,0.20262215,-0.32984602,-0.29248002,-0.11275616,-0.11992623,0.08129373,0.6589063,-0.07161289,-0.5287748,-0.0560096,-0.39451432,-0.59543484,0.17265612,0.001475391,-0.052563127,0.9461586,-0.2440231,0.1079419,0.20218895,0.106490515,-0.09386802,-0.06563835,0.5613871,-0.18876767,0.19497694,-0.2886175,0.07659251,-0.2243088,-0.41309282,0.23812348,-0.1289313,-0.067771606,-0.1899682,0.3302897,0.4328809,0.40859613,0.2993306,0.23757093,-0.265775,-0.18532807,0.066292346,0.39019847,0.28336862,-0.051745713,0.018025598,0.34484804,-0.1748238,0.77572286,-0.41730228,-0.15139845,0.18580383,-0.0821495,0.6070595,0.19018063,0.43720052,0.32584795,-0.27378803,0.124507874,-0.042666525,0.12431949,0.32417014,-0.2539973,-0.08927827,0.03906295,-0.4116076,0.24948537,0.09212476,-0.7143061,-0.16737749,0.041991092,-0.15078683,0.08032158,0.039556064,-0.21904103,-0.12491376,-0.1476059,-0.024599036,0.1393157,-0.38908777,-0.5854931,-0.15460287,-0.35030258,-0.081718214,-0.07146087,-0.084189646,-0.34284642,-0.3086847,0.4264886,-0.5659013,0.32933545,0.17466678,0.6353941,0.19911651,0.42264086,-0.07149643,-0.13829982,0.17409728,-0.1097072,-0.24381915,-0.32011232,0.4489444,0.07618071,-0.12538308,-0.29074198,0.26896703,-0.06004424,0.53347504,-0.3056252,-0.40512127,0.09014474,-0.4494121,-0.28836107,-0.1887218,-0.4193699,-0.27853686,-0.18899073,-0.20157973,0.03291773,-0.44831395,-0.36603466,0.04573852,-0.21680415,-0.0926299,-0.0820493,0.8437882,0.44385466,-0.4543946,-0.2926643,-0.08043952,0.16775772,-0.34180394,-0.1636416,0.09022066,0.2571331,0.017561868,0.10276186,-0.049180813,-0.24454588,-0.051921755,0.24144846,-0.16680598,-0.37376404,-0.10296744,-0.4481701,0.15422101,-0.6924195,-0.3847411,-0.12941475,0.4569108,-0.51809335,-0.3190336,-0.12709332,0.45235664,0.0,0,0,0,0,0,0,0,0,0,0,0,0,2,1,1,0,0,0,0,0,0,0,0,0.0,0.0,0.0,0.0
0.3624643,-0.14078356,0.5659344,0.099594735,0.36825755,-0.5721633,0.005626467,0.47869506,-0.15608521,0.11662929,-0.3952889,-0.0007853408,0.087055854,0.16594535,0.24716881,0.6264249,-0.3457073,0.21826123,0.09856458,0.17138824,0.5001999,-0.07039271,-0.17850962,-0.030917846,0.3373574,0.1339807,0.31459287,-0.3457371,-0.9600645,-0.18093428,0.41988006,0.19839457,0.20268847,-0.329633,-0.08400635,-0.43266046,-0.0867033,-0.34584808,0.21250682,0.36799204,-0.020750329,-0.09301526,0.35812023,0.083412305,-0.077654675,-0.009049334,-0.13264686,-0.5372836,-0.00531079,-0.24424332,-0.9811052,-0.045562506,0.21856034,0.11013935,0.26213276,0.27259254,0.2924674,-0.3916995,-0.22692169,0.022447918,-0.100800484,0.32894906,-0.15508957,-0.06594994,0.0015702406,0.10884135,0.09758183,0.5974987,-1.0289757,0.14913811,0.21040788,0.066288516,-0.04579411,0.3117823,0.14581317,0.4294777,0.050349545,0.5030569,0.14331046,-0.091427706,0.080351464,0.4889838,0.34728143,0.24356467,0.41093567,0.4035909,0.030692017,-0.06591066,-0.5071251,0.68951094,-0.22464484,-0.052343793,0.14742416,-0.34699547,0.77946,-0.5893705,-0.29431903,-0.44515073,-0.19638039,-0.033358723,0.44546205,-0.19244392,-0.17103606,0.103106864,-0.24681005,-0.12995347,-0.6920135,-0.36602485,-0.09086691,0.53640974,-0.32111973,0.33033696,0.03271455,-0.49836263,-0.16387053,0.18162951,0.1005483,0.19226286,0.06766575,0.2969391,-0.014378832,0.50947595,0.08772747,0.108939216,0.32348552,0.022633312,-0.10171829,-0.044615496,0.15266533,0.13827375,1.0186809,0.57455736,0.40354145,-0.28954798,0.066441186,0.13387614,0.05542869,-0.41508156,-0.103533484,-0.25690177,0.016359247,-0.22491154,-0.014274264,0.05581307,0.20318888,0.27614918,-0.092592284,-0.30041325,-0.43211743,0.42332134,-0.49763012,-0.06621382,-0.14027189,0.1617375,0.16593908,0.0279063,0.0054479325,0.106974944,0.2647403,0.02081687,0.13206603,0.41047245,-0.24492978,-0.017273929,0.12576842,-0.10904892,-0.2516456,0.39087898,-0.06099941,-0.12772451,-0.122537814,-0.40405762,0.09381467,-0.040876213,0.34804124,0.3892368,0.18714803,-0.14258185,0.5605942,0.6436841,-0.6213005,-0.11428789,0.3639487,-0.5329059,-0.026138712,0.017208135,0.7141663,-0.42378163,0.2927821,0.10631288,-0.4299325,0.120906994,0.13137022,-0.5252749,0.043683548,-0.3225837,-0.3646152,-0.46160293,0.10512048,-0.20089577,0.24960482,0.06905376,-0.37154225,-0.111851856,-0.614358,0.28524247,0.19564955,-0.61904836,-0.21217947,-0.33487937,-0.3166815,0.09761709,-0.23856367,0.563752,-0.018175302,0.11807518,0.11324613,0.02432761,0.02019969,0.12639728,0.21652615,-0.4504939,0.074177444,0.09163232,0.011726409,1.1656138,0.032779448,-0.06744406,0.9097268,0.3319364,-0.36095515,0.022088712,0.44218582,-0.021730639,0.32591924,0.14026664,-0.43911836,-0.72260886,0.20402893,0.033157434,-0.13027503,0.41088763,0.36508888,0.25327134,0.11526715,0.39299706,-0.10430832,-0.31006366,-0.14969452,-0.17511395,0.19288854,-0.11231245,-0.57335836,-0.5076925,-0.36554074,-0.2844647,-0.44972566,-0.2861253,-0.14277104,0.2238828,-0.06795423,0.107381955,0.06827658,0.010832007,0.050491504,-0.6547486,0.439558,-0.036188513,0.42835972,0.1704865,-0.12475606,-0.2905007,-0.05599449,0.3249117,0.13691585,-0.11855725,0.05458733,-0.17647396,0.001073643,-0.10522989,0.16517197,0.039170027,0.19676854,-0.14585926,-0.43861812,-0.13084611,0.33518928,-0.06252731,-0.47444236,-0.028600205,-0.55542463,0.42302898,-0.49222726,-0.15834238,0.8776943,0.3782998,-0.19698554,0.35144702,-0.33012605,-0.28675592,0.5503023,-0.31997207,-0.12749214,-0.13797788,-0.2208855,0.3239667,-0.66249746,-0.58129597,-8.456966,-0.34981233,-0.4150861,-0.36593506,-0.14475374,-0.3527145,0.2613615,-0.3682996,0.037017446,-0.038709454,-0.13972121,0.022608794,0.14553083,-0.309501,-0.25762045,0.5010865,0.77889055,-0.10199105,0.21921368,0.22882256,-0.21364595,-0.29258746,0.14718437,0.09813187,0.18712018,0.19458295,-0.17641887,0.0043314393,0.027234808,-0.44144258,-0.014669968,0.06633591,-0.21730404,1.1411941,0.18188438,-0.33290792,-0.12084123,-0.2630535,-0.20848763,-0.22126538,0.1068265,-0.04186268,0.025594173,-0.11131959,1.0387878,-0.49359307,0.15826012,0.30279973,-0.3694028,0.08799015,-0.14342596,-0.5382589,-0.11305904,-0.22965486,-0.08106355,-0.3780933,-0.024253625,1.0133483,-0.123084895,0.0006399807,0.3915159,-0.51011395,-0.06295716,-0.22620353,-0.534905,-0.24144883,-0.5585243,-0.6465174,-0.09494818,0.004831964,-0.5192151,0.56836426,-0.0048254193,-1.1171921,0.1641546,-0.5280472,0.12259039,0.24365494,-0.35574523,-0.103829205,-0.27067125,-0.34661365,0.065918386,-0.27630773,-0.50117403,-0.43046635,0.05899654,-0.24165323,-0.62517893,0.021933699,-0.28181916,0.22066322,0.2658405,0.05037829,0.05302126,-0.0514495,0.64545554,-0.57428616,-0.029954579,0.32458916,0.56420696,-0.1826994,0.4551047,-0.3454999,-0.27615058,0.1607004,-0.3425161,-0.070969224,0.1953153,-0.28701934,-0.21341667,-0.04281066,-0.34246325,0.16898067,-0.32070896,-0.13079117,0.35611457,0.30353925,0.22708632,-0.47993648,-0.46013665,0.25123265,-0.21386828,-0.2807228,0.16492267,-0.014671486,-0.13742653,0.08862607,-0.5409551,0.08603826,-0.06270611,-0.24126166,-0.03791319,0.004619519,0.11293242,0.030806506,-0.07512677,-0.053022884,0.4828482,0.24125318,0.105422966,0.34972507,0.39076287,0.0020924383,0.13997716,-0.18262766,0.27962625,0.46993253,-0.034650575,0.06192647,-0.19714622,-0.63552165,0.14874488,-0.16246592,0.5274746,-0.027344534,0.419195,-0.14598761,-0.11309689,-0.59944093,0.34789252,-0.44300115,0.11481499,0.45821995,0.025044383,-0.0027313926,0.045246072,0.37521598,0.033356618,-0.6403836,-0.059289094,0.34969082,-0.038737383,0.21679492,0.36353743,0.20832036,0.38190368,-0.49191377,-0.16005486,0.3258964,-0.049588677,-0.13082093,0.067375034,-0.26694506,0.20201172,-0.4947199,0.1957512,0.33744168,0.49290252,0.6565686,-0.31081596,0.6537795,-0.015719485,-0.34128445,0.3704978,-0.6766652,0.39936772,-0.4104528,-0.19181505,0.3798131,-0.26653478,0.035108164,-0.8123757,0.071109034,-0.62393165,-0.12094188,-0.08986303,0.21164101,0.16126594,-0.34515962,-0.550416,-0.45044577,-0.29269823,0.060139176,-0.17450964,-0.08888896,-0.45062968,-0.27148196,-0.40018913,0.29677734,0.18872894,0.11383102,0.11769559,0.30885702,-0.25806546,0.32204124,0.32937762,-0.3031282,-0.034384415,0.16329065,0.16947997,-1.0092832,-0.1447145,-0.24556533,-0.21263777,0.06415064,-0.73600847,0.20570181,-0.14855163,-0.4482502,-0.4197756,-0.21937515,-0.28072605,-0.34414518,-0.3182269,0.2619769,-0.32249406,-0.051939536,-0.32126197,0.03614659,0.19705227,-0.48390198,0.04245324,-0.2837973,0.4248243,-0.36135733,0.12748194,-0.03665496,-0.37182453,0.17737342,0.36182252,0.1566226,0.12714694,0.4684037,0.18568754,-0.082977876,-0.2781136,0.0398129,-0.27218974,-0.5320645,-0.6561432,-0.2221418,0.327345,0.48631206,0.26259875,-0.22047676,-0.0364815,-0.41172802,-0.30125177,-0.38586822,-0.30685097,-0.042560056,0.5654687,0.12130649,0.3769259,-0.32776764,-0.47145626,0.21384214,0.1604434,-0.04138643,0.16924004,0.52213216,-0.44212624,0.21979596,-0.23725855,0.21139054,0.6600772,-0.3064041,0.2855644,0.31047267,-0.1434113,0.09992032,0.5611629,0.10510375,0.1661961,0.20074402,0.04243245,-0.09624949,0.016177887,-0.30260646,-0.0053209155,-0.29806426,0.20726101,0.8472393,0.057473704,-0.42480764,-0.70937324,-0.122762725,-0.6274847,-0.07643463,-0.060949564,0.43828553,0.40817437,-0.037097372,-0.27058035,-0.07442699,0.18810686,-0.050598525,0.37702847,-0.15997848,-0.21681975,0.041215375,-0.34308285,0.3703764,0.17210922,-0.21730745,-0.35857648,-0.3176587,-0.3564688,-0.08907483,-0.16628523,0.119783916,-0.16177088,0.41622135,-0.24589613,-0.0070158597,-0.2224345,-0.02024206,0.2068382,0.015477592,0.18876602,0.1474333,-0.097337075,0.39652488,0.14213179,-0.1325769,0.21552667,-0.20465283,-0.10203933,0.5831305,0.3585926,0.15973566,-0.16715452,-0.6651293,-0.24989633,0.017914627,0.40517563,-0.35979435,0.10184793,0.2259646,0.4763967,0.13572659,0.037064265,0.032148667,-0.15217918,-0.094099425,0.07478341,-0.20848471,-0.22951292,0.04178603,-0.4374815,-0.070591554,-0.72332364,0.054170653,0.39504135,-0.34125468,0.068360716,-0.18927711,-0.2712615,-0.40161306,-0.54733515,0.48302612,0.05294962,-0.16050139,-0.03186148,-0.16838181,-0.15770152,0.2427742,0.19515426,-0.35780892,-0.16300142,0.023260875,0.008413345,-0.05526061,-0.113114566,0.011573292,-0.20911169,0.4450911,-0.5940249,-0.04495013,0.42895925,0.317962,0.07791018,0.26035687,0.09166887,0.31593087,0.7892923,-0.06714379,-0.468559,0.13201176,-0.48440883,-0.36409864,0.31401587,-0.028396225,0.06441619,-0.5943303,-0.32943738,-0.004739547,-0.22416767,0.25725436,-0.28038123,-0.25247973,0.14598869,0.3779842,-0.5647569,-0.36774528,0.030620795,0.40269816,0.0536179,0.21883783,-0.4173253,-0.13069424,0.44841728,-0.17306498,-0.0046241116,0.19708505,-0.043499883,-0.0320753,-0.62784404,-0.23134074,-0.42192176,-0.11902389,-0.84495336,-0.2960953,0.1356029,0.17283458,-0.37483573,-0.3594009,-0.16016437,0.3294392,0.13333333333333336,0,0,1,0,0,0,0,1,1,1,1,0,0,1,2,0,0,0,0,0,0,0,1,0.0,0.0,0.0,-0.13333333333333333
0.20965338,-0.394481,0.33980283,0.1619341,0.35078365,-0.29702795,-0.095758,1.0432369,-0.37112737,-0.12439009,-0.010867729,-0.011883954,-0.09104418,0.4398407,0.117532596,0.55477923,-0.1888517,0.4449665,0.30368704,0.42360333,0.6906987,0.19054563,-0.081414245,0.28788084,0.30646804,-0.027196538,-0.04050275,-0.28587896,-0.8105266,-0.25849763,0.3525704,0.10788595,0.34870347,-0.09711153,-0.17647289,-0.9386223,-0.23455107,-0.24115597,0.27923962,0.81572115,-0.38847676,-0.22309418,0.1936345,-0.1303173,-0.27134445,0.45707434,-0.04391648,0.1908512,0.1596252,-0.11369913,-0.50147146,-0.1853851,0.17841978,-0.32991344,0.35837355,0.254543,0.5212779,-0.54144865,-0.39380738,0.112743355,-0.11751092,0.15577145,-0.18668926,-0.3582298,-0.38725242,-0.001329472,0.15800576,0.5750687,-1.0484885,0.08975578,0.23052181,0.41138893,-0.12426144,0.25015163,0.06744573,0.27081442,-0.27206331,0.9409776,0.026714932,-0.20183453,-0.32981953,0.0897455,0.58900833,0.4414666,0.16207938,0.21987014,0.19649512,0.053634115,-0.8640715,0.8777927,-0.22077213,-0.034723748,-0.021998612,-0.11245057,0.72682816,-0.35766083,-0.60617137,-0.14450842,-0.23245238,0.29965246,0.24644864,-0.39534298,-0.057329636,-0.015976515,-0.12722228,0.16807984,-0.48276576,0.040051047,0.34084666,0.09835264,0.056668498,0.50535667,0.0899582,-0.7185756,0.11309416,0.29148158,0.17761524,-0.24169092,0.16292614,-0.0576223,0.10717592,0.36307263,0.047130838,0.4422398,0.39030862,0.28356618,0.1910755,-0.54887617,0.3858679,0.0022929069,0.6653897,0.5915596,0.19552176,-0.48803747,0.6488446,0.22018833,0.2600466,-0.15060127,-0.035664305,-0.34665298,-0.08768194,-0.4705158,0.46816114,0.06600972,0.6501269,-0.07694116,-0.3541728,-0.49173862,-0.16597646,0.2684983,-0.34575507,-0.2601421,-0.6594973,-0.10198998,-0.12486193,-0.415487,-0.1029763,-0.33234492,0.33114505,0.55328226,0.074819535,-0.14686826,-0.2297415,-0.10383354,0.11054829,-0.14383103,0.46809486,0.4324624,-0.1565452,-0.26083517,-0.07161032,-0.7745742,0.40044552,0.34890613,0.4709326,0.7111057,-0.022282276,-0.27560708,0.18145734,0.85750395,-0.4322963,-0.11151585,0.19851188,-0.5705315,0.17983532,0.05843939,0.96802366,-0.274163,0.5607933,-0.058070637,-0.48379138,-0.2011302,0.15928388,-0.09444304,0.66395223,-0.56442773,-0.2679396,-0.65402853,0.45525905,-0.033130378,0.17488971,0.0070668687,0.1610257,-0.29530972,-0.70967513,0.19676888,-0.2587376,-0.5908894,-0.5602959,-0.220467,-0.26901215,0.57745624,-0.42814797,0.25223094,-0.08307916,0.35370788,-0.10810156,-0.58447146,-0.38979003,0.39855534,-0.19585603,-0.5517357,-0.14974512,0.01650282,0.16238259,1.535148,0.16232868,-0.31198907,0.5655018,0.23079565,-0.1898996,-0.14936844,-0.032596633,-0.25631177,-0.0527613,0.29606932,-0.08564293,-0.65046275,0.24653652,-0.100592986,-0.6024691,0.46592206,0.36326832,-0.04594672,-0.34034133,0.4153167,-0.17949362,-0.7164983,-0.21214849,-0.22413225,-0.22517498,0.016598066,-0.6546827,-0.6890166,-0.041907784,-0.12095567,0.012070148,-0.052248035,-0.51136595,0.552553,0.16456708,0.0016253559,-0.03109055,-0.105810665,0.2577604,-0.6003578,0.0337514,-0.011618552,0.59862113,0.23129328,-0.09456858,-0.793959,0.19148035,0.62701124,0.067865476,-0.57176876,0.04148848,-0.008817594,0.16332969,-0.24569789,0.44242993,0.6807223,-0.37267232,-0.2694075,-0.63487685,-0.17573304,0.39235938,-0.042903285,-0.41239062,-0.032311425,-0.29510793,-0.17502177,-0.4503431,-0.060507342,0.611017,0.6675609,0.30629045,0.23857158,-0.23425634,-0.18597454,-0.019539692,-0.29356357,-0.34021065,-0.158095,0.2078952,0.18426965,-0.2374651,-0.36516476,-6.1586647,-0.042157337,-0.1054542,-0.34062585,-0.060347438,-0.18617955,-0.25979432,0.040407795,-0.36666378,-0.18616103,-0.326867,-0.30961272,0.2311084,-0.14515944,-0.13611998,-0.3494911,0.42753413,0.014581332,-0.33929965,0.44891876,-0.37057492,-0.24521597,0.27022144,-0.296892,0.30654496,0.2618877,-0.1422705,0.044160727,0.4609342,-0.06265504,-0.3872494,0.34775978,0.054532915,0.8626561,-0.3667379,-0.07402528,-0.05368246,-0.37844822,-0.001944703,-0.46378314,0.12383949,-0.26604438,-0.27261356,-0.08555481,1.2396603,-0.5735772,-0.042479742,0.19478275,0.11273895,-0.19451654,-0.49613124,-0.3856248,-0.06981685,-0.6399561,-0.100900605,0.01915221,0.21588291,1.0382708,-0.16404001,-0.54235387,0.67272246,-0.18652362,-0.32635063,0.076243564,-0.28424057,-0.67160845,-0.9467315,-0.96768224,-0.12979364,-0.073607855,-0.47207314,0.48879313,-0.029621206,-0.951398,-0.28097397,-0.06454418,-0.09580598,0.20529415,-0.3074399,-0.40179428,-0.79291505,-0.24858837,0.05296916,-0.31902087,-0.5440913,-0.7390241,-0.26680022,-0.5871075,-0.5112203,0.3343831,-0.03183225,-0.13528058,0.124024935,0.4460411,0.12134171,-0.295213,0.59505683,-0.093835965,-0.16663536,0.2836511,0.5970522,0.12162967,0.35214603,-0.12128066,-0.2251702,0.20520519,-0.1983616,0.31476933,-0.26211143,-0.1771683,-0.4024862,-0.12210771,-0.5130884,-0.29730812,-0.508927,-0.20524207,0.11073713,0.33478943,0.19119817,-0.80319536,-0.37188748,0.42799073,-0.1367559,-0.5063422,0.6112228,0.19715443,-0.0009830449,-0.013025949,-0.03982925,-0.30635676,-0.2921034,-0.09426273,0.124027774,-0.065075845,0.18489572,-0.45050916,-0.026848307,-0.042426556,-0.03850756,0.29618657,0.18397972,0.45506176,0.40122136,-0.040618043,0.03193366,0.02253792,-0.010651703,0.29423243,0.084327385,0.38153538,-0.6527795,-0.5597191,-0.08724726,-0.098521546,0.54584074,0.043546673,0.22461843,-0.26513532,-0.2109078,-0.5201018,-0.0078912135,-0.05185707,-0.10284002,0.517202,0.17731947,0.2700961,0.40203765,0.1361231,-0.0025960184,-0.8018298,-0.19657972,0.93426996,0.17817797,0.08249752,0.26791316,0.34625983,0.12542337,-0.6378868,-0.1883793,0.69305646,0.02878725,0.29973903,0.038432095,-0.3058517,-0.25689447,-0.061740946,0.34446275,0.49202487,0.21714291,0.9226957,-0.8248346,0.80711037,-0.19449034,-0.5556754,0.1365014,-0.57683706,0.49080342,-0.33362377,0.0517917,0.3967321,-0.3594896,0.20446786,-0.7839145,0.54044104,-0.4163598,0.12817785,-0.25967443,0.31305355,0.32222936,0.19419247,0.22687714,-0.59119624,-0.6992243,-0.48315063,0.36077702,-0.017893402,-0.42012623,0.07137609,-0.4742487,0.23742099,-0.27045733,0.24405546,0.64294016,0.04462196,-0.5046252,0.32607245,0.21141401,-0.11813001,-0.06537667,-0.2667593,0.15257062,-1.4383345,0.06792442,0.025965368,-0.38716933,-0.16042995,-0.7673614,-0.2675702,-0.118897125,-0.32134536,-0.1507416,-0.7257483,-0.14891687,-0.7161362,-0.32581517,0.15116897,-0.4727722,0.28983173,-0.185314,-0.123805426,0.53019065,0.029415214,-0.05945141,-0.5047042,0.33880684,-0.5749427,-0.1126069,-0.37718442,-0.15532908,-0.0032393488,-0.24799934,0.17325939,0.2760835,0.58765835,-0.026692713,0.020238997,0.22697115,0.3006294,-0.14729121,-0.56716233,-0.41438788,-0.1222385,-0.1217153,0.47234094,-0.06505914,-0.055801407,-0.2992661,-0.5237644,-0.09203496,-0.14234221,-0.34414518,0.098708026,0.070479035,-0.2540883,0.09047478,-0.07906848,0.00351423,0.6296554,0.50282884,0.07059317,-0.1559988,0.6102807,-0.07782221,0.14373831,0.25688854,0.533621,0.4383193,-0.11731125,0.046517503,0.019587608,-0.36006698,-0.16717207,0.785419,0.5267261,0.023382911,0.030750131,-0.022429261,-0.2074245,-0.18947017,-0.5543137,-0.3491895,-0.1532639,0.45906436,0.71643037,0.36176276,-0.21072465,-0.7338698,0.037530333,-0.5632357,0.11139677,-0.08691584,-0.02483821,0.6584737,0.059376802,-0.04700133,0.11787016,0.02747936,-0.39476907,0.04058862,-0.06256683,-0.73483133,-0.030939937,-0.1068715,0.38716048,0.46131095,-0.46488172,-0.20470059,-0.27548754,-0.34682885,0.2287217,-0.0135138575,0.34964454,-0.48134246,0.6849118,-0.009589733,0.116967894,-0.16089772,0.083434865,0.25071222,0.2726878,0.06785747,0.37582844,-0.2460186,0.0023211143,0.3724237,-0.13649064,0.48356715,0.034570664,0.36469245,0.7559473,0.26391912,0.11725122,0.15614651,-0.70837164,0.16916314,0.22200719,0.08227923,-0.34627834,0.28454274,-0.044049196,0.44402206,0.18127991,0.3757024,-0.11574694,-0.13316225,-0.030033318,0.054304883,-0.026022457,-0.49429053,-0.43831104,-0.37689954,0.12405755,-0.5710411,0.10293253,0.25264695,-0.6176573,0.1580437,-0.028822202,-0.17740671,-0.64540464,-0.023146607,0.5522239,0.249537,0.058885474,-0.12259293,-0.25681427,0.034693018,0.2814516,0.40652058,0.09668782,0.017218648,-0.26572892,-0.18961914,0.26763093,-0.029962191,-0.30365086,-0.19267885,-0.10249968,-0.7069402,-0.23761865,0.5228451,0.14251056,-0.1069187,0.34164575,0.11358312,0.30208483,0.52824885,-0.24949999,-0.5296604,-0.15702479,-0.22443512,-0.15596105,0.0525645,0.2724995,0.14765015,-0.6801363,-0.34149215,-0.032688342,-0.1486896,0.071583316,-0.62783504,0.41740823,0.29153025,-0.08726831,-0.39247173,-0.3981807,-0.07553333,0.14736988,-0.09393433,0.009359834,-0.50428146,-0.08928143,0.1673299,-0.44116718,-0.25007373,0.30515885,0.16895159,0.05483778,-0.57964504,-0.53745633,-0.42433193,0.12303441,-0.39114076,-0.58569586,0.60845846,-0.0064524985,-0.3519434,-0.479147,0.11197851,0.32567596,0.0,0,0,1,0,0,0,0,0,0,0,0,0,0,0,1,0,0,0,0,0,0,0,0,0.0,0.0,0.0,0.0
0.13406175,-0.415531,0.73330057,0.23285761,0.79626215,-0.06589259,-0.0048295497,0.62447363,-0.2126086,0.114744596,0.11287945,0.1258017,0.22356829,-0.018381337,0.32236034,0.22916508,-0.5993622,0.31615663,-0.18827344,-0.18678282,0.23743941,0.17351176,0.45934933,-0.10462662,0.31745598,0.24846695,0.09846952,-0.3781356,-0.7868358,-0.3567373,0.27726737,0.53768367,-0.010539676,-0.046737038,0.11614599,-0.5820183,-0.09880312,-0.20729207,0.36331338,0.125912,-0.33619338,-0.27514535,0.65474075,0.119301274,0.09967477,0.09835131,-0.25718045,-0.55483115,0.20309027,-0.26842177,-0.36192665,0.24892741,-0.45656857,-0.3534302,0.1221637,0.56313014,0.18825048,-0.5546358,-0.14492881,0.18946,0.015688242,-0.31285655,0.13018696,0.2852097,-0.0010155275,-0.0917652,0.3453578,0.43766809,-0.6267946,0.3912698,0.2476703,0.27124256,-0.15566446,0.1088373,-0.12429803,-0.19527239,-0.61187077,0.5151798,0.2249055,-0.21255358,-0.010344884,0.1941911,0.69714355,-0.25341377,0.3407566,0.35603794,0.08749108,0.020889558,0.023405276,1.0123669,0.23018192,0.07015502,0.22225474,0.044921163,0.5293836,-0.5975931,-0.57735384,-0.18302418,0.016255898,-0.026784869,0.82763803,-0.22785972,0.3488005,-0.120083705,0.18881977,0.16059655,-0.36915457,-0.183438,0.44813237,0.5228788,-0.2661585,-0.06315191,0.2154496,-0.40751907,-0.46686307,0.04084814,-0.19542627,0.3761538,0.23077467,-0.109493054,-0.0717983,0.5715554,0.07555621,0.3686924,0.52940774,0.41971362,0.09619799,-0.30806422,0.75295466,0.16544178,0.20102951,0.36170712,0.010434181,-0.1668227,0.21952681,0.09132749,0.28033042,-0.08619461,-0.050980333,-0.34847087,-0.13560572,-0.3013573,0.33790082,0.3235427,0.51173466,0.14181696,0.05111888,-0.29320237,0.033998232,0.31991196,-0.2531361,-0.14101848,-0.24132209,0.19399986,-0.34839198,-0.47150934,-0.48132327,-0.19713666,0.015732987,0.22297975,0.5828165,0.16810091,-0.10004961,-0.024744231,-0.031648096,-0.19811971,-0.23571075,0.29740608,-0.008906726,0.06361614,-0.14389966,-0.14503248,0.34186307,-0.018827775,0.71193063,0.23440744,-0.13397947,-0.014064372,-0.28284225,0.49071276,-0.41975364,-0.017875459,0.24684818,-0.35041946,-0.08477024,-0.26702204,0.3803116,-0.38736483,0.6266936,-0.014608923,-0.23545294,-0.14768343,-0.01478876,0.12289027,0.30139285,-0.58978003,0.29123187,-0.3735144,0.43136498,-0.24498059,0.25761333,0.4256428,0.017438268,-0.265408,-0.6672583,0.33555314,-0.26646155,-0.36319476,-0.54624206,-0.2561804,-0.18411434,0.17075531,-0.3223686,0.19277492,0.2429971,0.21608031,-0.3130902,-0.32572868,-0.10008222,0.4341531,0.014479209,-0.07696998,0.26769844,0.1445302,-0.34958157,1.0955822,0.028858222,-0.5331795,0.18386617,-0.011452385,-0.32288405,-0.2874054,0.15874565,-0.31767917,0.4673834,0.111374244,-0.41026983,-0.4820871,0.11088361,0.27315137,-0.29758036,0.36166343,0.41361892,0.13836192,-0.0727691,0.3768376,-0.3875193,-0.29015434,-0.2708427,-0.3225908,0.07392072,0.16019255,-0.4181588,-0.47350815,-0.08731191,-0.5777598,0.009173836,-0.19746786,-0.1045136,-0.15353128,0.25510594,0.46395263,-0.23811713,-0.40138462,-0.06617019,-1.0372759,-0.16788185,0.34313497,0.5072699,0.059576854,-0.018270822,-0.4324523,-0.2529515,0.4462205,0.0023384942,-0.056390204,0.40549505,0.13010216,0.21360056,-0.21069658,-0.03397075,0.06289284,0.39391398,-0.07083306,-0.15419376,-0.043152045,0.39865124,-0.052300926,-0.21751946,-0.24296536,-0.3034622,0.29541627,-0.40663278,0.20212789,0.7798874,0.41985992,-0.14948788,0.5291576,-0.24060434,-0.6479566,0.79333806,-0.22287378,0.51308596,-0.21893112,0.7683007,-0.19028255,-0.80982363,-1.0118557,-10.972238,-0.28464052,-0.43306783,-0.35349956,-0.019765735,-0.5775751,0.6698173,0.16271645,-0.07364204,0.07335699,-0.18701942,0.023720944,0.42931694,-0.4404759,-0.09044842,0.6076875,0.43740714,0.09205547,-0.13369858,0.21658407,-0.2775786,-0.77950406,0.5131323,0.39347008,-0.02723629,0.027166845,0.021904357,-0.20396402,-0.108189784,-0.42993942,-0.4058355,0.09953254,-0.17382853,0.7807772,-0.118966535,-0.37894708,0.20818914,-0.27886203,0.034956876,-0.119307615,0.10583091,-0.002796468,-0.12510322,-0.21427509,1.0413404,-0.5002539,0.0183845,0.3008783,0.01690935,-0.14949033,-0.2553451,-0.6034641,-0.02005031,-0.3420237,-0.4601115,-0.26675645,-0.062675074,0.7785854,-0.43725154,-0.053658217,0.14021295,-0.23586479,-0.03730108,-0.10153719,-0.28764522,0.00059085543,-0.8515818,-0.6424948,-0.22221966,-0.19903754,-0.4082657,0.21011195,0.13027385,-1.609,-0.4647277,-0.083114855,0.31837547,0.5892641,-0.53155386,-0.21051721,-0.5072988,-0.11200871,0.15881748,0.10388286,-0.36230564,-0.65596086,-0.016451307,-0.75335586,-0.46001065,0.2747314,-0.04979038,-0.18209335,0.53148,0.07421136,0.02545305,0.03871136,0.44034177,-0.7459321,-0.10418889,0.2513539,0.42358616,0.11961228,0.7537858,-0.81258994,-0.5162545,-0.005262305,-0.20176663,0.016979013,-0.127957,0.036044598,-0.19998501,-0.08941554,-0.4892908,-0.08699503,-0.52441907,0.16491467,-0.081943914,0.2529659,-0.059374366,-0.4673997,-0.49090064,-0.17299919,-0.043943334,-0.75047386,0.20436653,-0.20305367,-0.43204686,0.019715657,0.0474775,-0.30677032,-0.3437025,-0.28528053,-0.10116725,0.23504187,0.17308056,-0.32001427,0.056396812,-0.037605714,0.07313087,0.11374436,-0.103930816,0.28934625,0.2418038,-0.22833113,-0.12767678,-0.48219764,0.033681586,0.3526378,-0.14318624,0.22435473,-0.83560014,-0.79748696,-0.03749014,-0.41277084,-0.20375532,0.16302356,0.65165055,-0.22513294,-0.088214874,-0.6006902,0.03624517,-0.07806668,0.13441035,0.42963246,-0.4009733,0.39528728,-0.06297042,-0.17347097,0.35899103,-0.1012127,-0.56633323,0.35680455,0.051394936,0.04286952,0.17029941,0.3545376,0.623781,-0.6338245,0.0752766,0.6919432,0.08853962,0.04090674,-0.18519308,0.23274773,0.50192,-0.10457941,0.4864788,0.19610596,0.88002884,0.15029041,-0.2935406,0.72573495,-0.16422883,-0.47301862,0.4775935,-0.37984872,0.3091783,0.14511505,-0.20335965,0.36537507,-0.30271596,-0.116746284,-0.43830472,0.41740453,-0.21346655,0.34048077,0.57181954,0.64262545,-0.046365086,-0.10137087,-0.32736394,-0.5344439,-0.28023693,-0.23852947,0.23988341,-0.019876707,-0.51073384,0.06588783,-0.7136087,0.28769097,0.11329469,0.07352765,-0.0689337,0.21541832,0.29871976,0.26006904,1.2563143,0.2436021,-0.0037193978,0.08149364,0.0027743203,-1.0852644,0.06624325,-0.100652635,-0.0004475294,0.37817788,-0.60675126,-0.4465855,-0.054863486,-0.2940157,-0.6391299,-0.89032245,-0.313033,-0.6546375,-0.5875402,-0.023522915,-0.14636989,0.08534571,-0.3143006,0.37078506,0.067706496,-0.31669706,-0.2138686,-0.07369913,0.2191695,-0.7037416,-0.1116432,-0.005004795,-0.45260268,0.5686322,-0.4080208,0.2702355,-0.0048250807,0.24337344,0.5085645,0.2635923,0.25614727,-0.043083005,-0.3007666,-0.2939381,0.1837458,-0.2772988,0.005730239,0.3139383,-0.4134506,-0.4587847,-0.13352877,-0.22944279,-0.021372175,0.12870641,-0.27386975,-0.28874135,0.65054303,0.2867978,0.39674893,-0.18130812,-0.5951176,0.095997676,-0.05084094,0.46868312,0.423298,0.34021026,-0.5388111,-0.047077764,-0.3601786,0.34821168,0.6689813,-0.5480953,0.14267011,0.29492408,0.16742802,0.07818082,0.5782035,0.29142445,-0.09047788,0.42060018,-0.14960036,-0.2968211,-0.27843586,-0.3382161,-0.011696747,-0.22980192,0.7538722,0.79308975,-0.17226003,-0.25444707,-0.4642198,0.021662295,-0.69125533,0.20947322,-0.106800646,0.35873628,0.6358146,-0.007279018,-0.06618279,0.27381945,-0.059316203,-0.31698138,0.23602869,-0.014441607,-0.08725402,0.3680917,-0.103959754,0.18789178,0.08411767,-0.39750567,-0.23893963,0.02667766,-0.15192871,0.12595099,-0.025754804,0.2231003,0.06806891,-0.024546212,-0.2020902,0.36592117,-0.37509835,0.12733868,0.6472303,0.58686274,0.43237498,-0.043812763,-0.4065557,-0.13674733,0.068909384,-0.6878793,0.23134363,0.2811449,0.30046958,0.25066814,0.3734938,0.19173497,-0.1922692,-1.113214,-0.22736597,0.069140494,0.36511555,0.1403258,0.007493066,0.27580583,0.21043795,0.0046724766,0.123313874,0.1726318,0.15389079,-0.5578509,0.02998409,-0.17917338,-0.4856607,0.60077304,0.01612259,-0.10909602,-0.59690267,-0.32403418,-0.1224404,-0.44829223,-0.36547577,-0.03538018,0.053247027,-0.51024497,-0.32271707,0.33420485,-0.18568344,-0.14511637,0.053725738,-0.18818882,-0.18108538,0.26417464,0.21716309,-0.31022808,-0.018027784,-0.6518877,-0.14623791,-0.4286713,0.25625974,0.031767175,-0.58456844,0.42123035,-1.180604,-0.24827832,0.061791744,0.23058856,0.030012883,0.3916217,0.18332468,0.0071168733,0.51967466,-0.18235902,-0.40576705,-0.30250612,0.043425184,-0.5372346,0.34368023,-0.2194943,0.14166026,-0.27595368,-0.61855257,0.11156164,0.21916817,-0.07058372,-0.6725373,0.07592106,0.72535187,-0.061709404,-0.2716799,-0.08530425,-0.09025845,0.33193326,0.45857644,0.24671178,-0.34140205,0.027861219,0.4458237,0.11789516,-0.041474037,0.115298375,-0.063205816,-0.27206835,-0.5519212,-0.3307486,-0.07267942,-0.037051804,-0.27130586,-0.1061646,0.4753557,0.4221724,-0.67086136,-0.20641808,-0.090490475,-0.2905775,0.0,0,0,1,0,0,0,0,0,0,0,0,0,0,0,1,0,0,0,0,0,0,0,0,0.0,0.0,0.0,0.0
0.13406175,-0.415531,0.73330057,0.23285761,0.79626215,-0.06589259,-0.0048295497,0.62447363,-0.2126086,0.114744596,0.11287945,0.1258017,0.22356829,-0.018381337,0.32236034,0.22916508,-0.5993622,0.31615663,-0.18827344,-0.18678282,0.23743941,0.17351176,0.45934933,-0.10462662,0.31745598,0.24846695,0.09846952,-0.3781356,-0.7868358,-0.3567373,0.27726737,0.53768367,-0.010539676,-0.046737038,0.11614599,-0.5820183,-0.09880312,-0.20729207,0.36331338,0.125912,-0.33619338,-0.27514535,0.65474075,0.119301274,0.09967477,0.09835131,-0.25718045,-0.55483115,0.20309027,-0.26842177,-0.36192665,0.24892741,-0.45656857,-0.3534302,0.1221637,0.56313014,0.18825048,-0.5546358,-0.14492881,0.18946,0.015688242,-0.31285655,0.13018696,0.2852097,-0.0010155275,-0.0917652,0.3453578,0.43766809,-0.6267946,0.3912698,0.2476703,0.27124256,-0.15566446,0.1088373,-0.12429803,-0.19527239,-0.61187077,0.5151798,0.2249055,-0.21255358,-0.010344884,0.1941911,0.69714355,-0.25341377,0.3407566,0.35603794,0.08749108,0.020889558,0.023405276,1.0123669,0.23018192,0.07015502,0.22225474,0.044921163,0.5293836,-0.5975931,-0.57735384,-0.18302418,0.016255898,-0.026784869,0.82763803,-0.22785972,0.3488005,-0.120083705,0.18881977,0.16059655,-0.36915457,-0.183438,0.44813237,0.5228788,-0.2661585,-0.06315191,0.2154496,-0.40751907,-0.46686307,0.04084814,-0.19542627,0.3761538,0.23077467,-0.109493054,-0.0717983,0.5715554,0.07555621,0.3686924,0.52940774,0.41971362,0.09619799,-0.30806422,0.75295466,0.16544178,0.20102951,0.36170712,0.010434181,-0.1668227,0.21952681,0.09132749,0.28033042,-0.08619461,-0.050980333,-0.34847087,-0.13560572,-0.3013573,0.33790082,0.3235427,0.51173466,0.14181696,0.05111888,-0.29320237,0.033998232,0.31991196,-0.2531361,-0.14101848,-0.24132209,0.19399986,-0.34839198,-0.47150934,-0.48132327,-0.19713666,0.015732987,0.22297975,0.5828165,0.16810091,-0.10004961,-0.024744231,-0.031648096,-0.19811971,-0.23571075,0.29740608,-0.008906726,0.06361614,-0.14389966,-0.14503248,0.34186307,-0.018827775,0.71193063,0.23440744,-0.13397947,-0.014064372,-0.28284225,0.49071276,-0.41975364,-0.017875459,0.24684818,-0.35041946,-0.08477024,-0.26702204,0.3803116,-0.38736483,0.6266936,-0.014608923,-0.23545294,-0.14768343,-0.01478876,0.12289027,0.30139285,-0.58978003,0.29123187,-0.3735144,0.43136498,-0.24498059,0.25761333,0.4256428,0.017438268,-0.265408,-0.6672583,0.33555314,-0.26646155,-0.36319476,-0.54624206,-0.2561804,-0.18411434,0.17075531,-0.3223686,0.19277492,0.2429971,0.21608031,-0.3130902,-0.32572868,-0.10008222,0.4341531,0.014479209,-0.07696998,0.26769844,0.1445302,-0.34958157,1.0955822,0.028858222,-0.5331795,0.18386617,-0.011452385,-0.32288405,-0.2874054,0.15874565,-0.31767917,0.4673834,0.111374244,-0.41026983,-0.4820871,0.11088361,0.27315137,-0.29758036,0.36166343,0.41361892,0.13836192,-0.0727691,0.3768376,-0.3875193,-0.29015434,-0.2708427,-0.3225908,0.07392072,0.16019255,-0.4181588,-0.47350815,-0.08731191,-0.5777598,0.009173836,-0.19746786,-0.1045136,-0.15353128,0.25510594,0.46395263,-0.23811713,-0.40138462,-0.06617019,-1.0372759,-0.16788185,0.34313497,0.5072699,0.059576854,-0.018270822,-0.4324523,-0.2529515,0.4462205,0.0023384942,-0.056390204,0.40549505,0.13010216,0.21360056,-0.21069658,-0.03397075,0.06289284,0.39391398,-0.07083306,-0.15419376,-0.043152045,0.39865124,-0.052300926,-0.21751946,-0.24296536,-0.3034622,0.29541627,-0.40663278,0.20212789,0.7798874,0.41985992,-0.14948788,0.5291576,-0.24060434,-0.6479566,0.79333806,-0.22287378,0.51308596,-0.21893112,0.7683007,-0.19028255,-0.80982363,-1.0118557,-10.972238,-0.28464052,-0.43306783,-0.35349956,-0.019765735,-0.5775751,0.6698173,0.16271645,-0.07364204,0.07335699,-0.18701942,0.023720944,0.42931694,-0.4404759,-0.09044842,0.6076875,0.43740714,0.09205547,-0.13369858,0.21658407,-0.2775786,-0.77950406,0.5131323,0.39347008,-0.02723629,0.027166845,0.021904357,-0.20396402,-0.108189784,-0.42993942,-0.4058355,0.09953254,-0.17382853,0.7807772,-0.118966535,-0.37894708,0.20818914,-0.27886203,0.034956876,-0.119307615,0.10583091,-0.002796468,-0.12510322,-0.21427509,1.0413404,-0.5002539,0.0183845,0.3008783,0.01690935,-0.14949033,-0.2553451,-0.6034641,-0.02005031,-0.3420237,-0.4601115,-0.26675645,-0.062675074,0.7785854,-0.43725154,-0.053658217,0.14021295,-0.23586479,-0.03730108,-0.10153719,-0.28764522,0.00059085543,-0.8515818,-0.6424948,-0.22221966,-0.19903754,-0.4082657,0.21011195,0.13027385,-1.609,-0.4647277,-0.083114855,0.31837547,0.5892641,-0.53155386,-0.21051721,-0.5072988,-0.11200871,0.15881748,0.10388286,-0.36230564,-0.65596086,-0.016451307,-0.75335586,-0.46001065,0.2747314,-0.04979038,-0.18209335,0.53148,0.07421136,0.02545305,0.03871136,0.44034177,-0.7459321,-0.10418889,0.2513539,0.42358616,0.11961228,0.7537858,-0.81258994,-0.5162545,-0.005262305,-0.20176663,0.016979013,-0.127957,0.036044598,-0.19998501,-0.08941554,-0.4892908,-0.08699503,-0.52441907,0.16491467,-0.081943914,0.2529659,-0.059374366,-0.4673997,-0.49090064,-0.17299919,-0.043943334,-0.75047386,0.20436653,-0.20305367,-0.43204686,0.019715657,0.0474775,-0.30677032,-0.3437025,-0.28528053,-0.10116725,0.23504187,0.17308056,-0.32001427,0.056396812,-0.037605714,0.07313087,0.11374436,-0.103930816,0.28934625,0.2418038,-0.22833113,-0.12767678,-0.48219764,0.033681586,0.3526378,-0.14318624,0.22435473,-0.83560014,-0.79748696,-0.03749014,-0.41277084,-0.20375532,0.16302356,0.65165055,-0.22513294,-0.088214874,-0.6006902,0.03624517,-0.07806668,0.13441035,0.42963246,-0.4009733,0.39528728,-0.06297042,-0.17347097,0.35899103,-0.1012127,-0.56633323,0.35680455,0.051394936,0.04286952,0.17029941,0.3545376,0.623781,-0.6338245,0.0752766,0.6919432,0.08853962,0.04090674,-0.18519308,0.23274773,0.50192,-0.10457941,0.4864788,0.19610596,0.88002884,0.15029041,-0.2935406,0.72573495,-0.16422883,-0.47301862,0.4775935,-0.37984872,0.3091783,0.14511505,-0.20335965,0.36537507,-0.30271596,-0.116746284,-0.43830472,0.41740453,-0.21346655,0.34048077,0.57181954,0.64262545,-0.046365086,-0.10137087,-0.32736394,-0.5344439,-0.28023693,-0.23852947,0.23988341,-0.019876707,-0.51073384,0.06588783,-0.7136087,0.28769097,0.11329469,0.07352765,-0.0689337,0.21541832,0.29871976,0.26006904,1.2563143,0.2436021,-0.0037193978,0.08149364,0.0027743203,-1.0852644,0.06624325,-0.100652635,-0.0004475294,0.37817788,-0.60675126,-0.4465855,-0.054863486,-0.2940157,-0.6391299,-0.89032245,-0.313033,-0.6546375,-0.5875402,-0.023522915,-0.14636989,0.08534571,-0.3143006,0.37078506,0.067706496,-0.31669706,-0.2138686,-0.07369913,0.2191695,-0.7037416,-0.1116432,-0.005004795,-0.45260268,0.5686322,-0.4080208,0.2702355,-0.0048250807,0.24337344,0.5085645,0.2635923,0.25614727,-0.043083005,-0.3007666,-0.2939381,0.1837458,-0.2772988,0.005730239,0.3139383,-0.4134506,-0.4587847,-0.13352877,-0.22944279,-0.021372175,0.12870641,-0.27386975,-0.28874135,0.65054303,0.2867978,0.39674893,-0.18130812,-0.5951176,0.095997676,-0.05084094,0.46868312,0.423298,0.34021026,-0.5388111,-0.047077764,-0.3601786,0.34821168,0.6689813,-0.5480953,0.14267011,0.29492408,0.16742802,0.07818082,0.5782035,0.29142445,-0.09047788,0.42060018,-0.14960036,-0.2968211,-0.27843586,-0.3382161,-0.011696747,-0.22980192,0.7538722,0.79308975,-0.17226003,-0.25444707,-0.4642198,0.021662295,-0.69125533,0.20947322,-0.106800646,0.35873628,0.6358146,-0.007279018,-0.06618279,0.27381945,-0.059316203,-0.31698138,0.23602869,-0.014441607,-0.08725402,0.3680917,-0.103959754,0.18789178,0.08411767,-0.39750567,-0.23893963,0.02667766,-0.15192871,0.12595099,-0.025754804,0.2231003,0.06806891,-0.024546212,-0.2020902,0.36592117,-0.37509835,0.12733868,0.6472303,0.58686274,0.43237498,-0.043812763,-0.4065557,-0.13674733,0.068909384,-0.6878793,0.23134363,0.2811449,0.30046958,0.25066814,0.3734938,0.19173497,-0.1922692,-1.113214,-0.22736597,0.069140494,0.36511555,0.1403258,0.007493066,0.27580583,0.21043795,0.0046724766,0.123313874,0.1726318,0.15389079,-0.5578509,0.02998409,-0.17917338,-0.4856607,0.60077304,0.01612259,-0.10909602,-0.59690267,-0.32403418,-0.1224404,-0.44829223,-0.36547577,-0.03538018,0.053247027,-0.51024497,-0.32271707,0.33420485,-0.18568344,-0.14511637,0.053725738,-0.18818882,-0.18108538,0.26417464,0.21716309,-0.31022808,-0.018027784,-0.6518877,-0.14623791,-0.4286713,0.25625974,0.031767175,-0.58456844,0.42123035,-1.180604,-0.24827832,0.061791744,0.23058856,0.030012883,0.3916217,0.18332468,0.0071168733,0.51967466,-0.18235902,-0.40576705,-0.30250612,0.043425184,-0.5372346,0.34368023,-0.2194943,0.14166026,-0.27595368,-0.61855257,0.11156164,0.21916817,-0.07058372,-0.6725373,0.07592106,0.72535187,-0.061709404,-0.2716799,-0.08530425,-0.09025845,0.33193326,0.45857644,0.24671178,-0.34140205,0.027861219,0.4458237,0.11789516,-0.041474037,0.115298375,-0.063205816,-0.27206835,-0.5519212,-0.3307486,-0.07267942,-0.037051804,-0.27130586,-0.1061646,0.4753557,0.4221724,-0.67086136,-0.20641808,-0.090490475,-0.2905775,0.0,0,0,1,0,0,0,0,0,0,0,0,0,0,0,1,0,0,0,0,0,0,0,0,0.0,0.0,0.0,0.0
0.13406175,-0.415531,0.73330057,0.23285761,0.79626215,-0.06589259,-0.0048295497,0.62447363,-0.2126086,0.114744596,0.11287945,0.1258017,0.22356829,-0.018381337,0.32236034,0.22916508,-0.5993622,0.31615663,-0.18827344,-0.18678282,0.23743941,0.17351176,0.45934933,-0.10462662,0.31745598,0.24846695,0.09846952,-0.3781356,-0.7868358,-0.3567373,0.27726737,0.53768367,-0.010539676,-0.046737038,0.11614599,-0.5820183,-0.09880312,-0.20729207,0.36331338,0.125912,-0.33619338,-0.27514535,0.65474075,0.119301274,0.09967477,0.09835131,-0.25718045,-0.55483115,0.20309027,-0.26842177,-0.36192665,0.24892741,-0.45656857,-0.3534302,0.1221637,0.56313014,0.18825048,-0.5546358,-0.14492881,0.18946,0.015688242,-0.31285655,0.13018696,0.2852097,-0.0010155275,-0.0917652,0.3453578,0.43766809,-0.6267946,0.3912698,0.2476703,0.27124256,-0.15566446,0.1088373,-0.12429803,-0.19527239,-0.61187077,0.5151798,0.2249055,-0.21255358,-0.010344884,0.1941911,0.69714355,-0.25341377,0.3407566,0.35603794,0.08749108,0.020889558,0.023405276,1.0123669,0.23018192,0.07015502,0.22225474,0.044921163,0.5293836,-0.5975931,-0.57735384,-0.18302418,0.016255898,-0.026784869,0.82763803,-0.22785972,0.3488005,-0.120083705,0.18881977,0.16059655,-0.36915457,-0.183438,0.44813237,0.5228788,-0.2661585,-0.06315191,0.2154496,-0.40751907,-0.46686307,0.04084814,-0.19542627,0.3761538,0.23077467,-0.109493054,-0.0717983,0.5715554,0.07555621,0.3686924,0.52940774,0.41971362,0.09619799,-0.30806422,0.75295466,0.16544178,0.20102951,0.36170712,0.010434181,-0.1668227,0.21952681,0.09132749,0.28033042,-0.08619461,-0.050980333,-0.34847087,-0.13560572,-0.3013573,0.33790082,0.3235427,0.51173466,0.14181696,0.05111888,-0.29320237,0.033998232,0.31991196,-0.2531361,-0.14101848,-0.24132209,0.19399986,-0.34839198,-0.47150934,-0.48132327,-0.19713666,0.015732987,0.22297975,0.5828165,0.16810091,-0.10004961,-0.024744231,-0.031648096,-0.19811971,-0.23571075,0.29740608,-0.008906726,0.06361614,-0.14389966,-0.14503248,0.34186307,-0.018827775,0.71193063,0.23440744,-0.13397947,-0.014064372,-0.28284225,0.49071276,-0.41975364,-0.017875459,0.24684818,-0.35041946,-0.08477024,-0.26702204,0.3803116,-0.38736483,0.6266936,-0.014608923,-0.23545294,-0.14768343,-0.01478876,0.12289027,0.30139285,-0.58978003,0.29123187,-0.3735144,0.43136498,-0.24498059,0.25761333,0.4256428,0.017438268,-0.265408,-0.6672583,0.33555314,-0.26646155,-0.36319476,-0.54624206,-0.2561804,-0.18411434,0.17075531,-0.3223686,0.19277492,0.2429971,0.21608031,-0.3130902,-0.32572868,-0.10008222,0.4341531,0.014479209,-0.07696998,0.26769844,0.1445302,-0.34958157,1.0955822,0.028858222,-0.5331795,0.18386617,-0.011452385,-0.32288405,-0.2874054,0.15874565,-0.31767917,0.4673834,0.111374244,-0.41026983,-0.4820871,0.11088361,0.27315137,-0.29758036,0.36166343,0.41361892,0.13836192,-0.0727691,0.3768376,-0.3875193,-0.29015434,-0.2708427,-0.3225908,0.07392072,0.16019255,-0.4181588,-0.47350815,-0.08731191,-0.5777598,0.009173836,-0.19746786,-0.1045136,-0.15353128,0.25510594,0.46395263,-0.23811713,-0.40138462,-0.06617019,-1.0372759,-0.16788185,0.34313497,0.5072699,0.059576854,-0.018270822,-0.4324523,-0.2529515,0.4462205,0.0023384942,-0.056390204,0.40549505,0.13010216,0.21360056,-0.21069658,-0.03397075,0.06289284,0.39391398,-0.07083306,-0.15419376,-0.043152045,0.39865124,-0.052300926,-0.21751946,-0.24296536,-0.3034622,0.29541627,-0.40663278,0.20212789,0.7798874,0.41985992,-0.14948788,0.5291576,-0.24060434,-0.6479566,0.79333806,-0.22287378,0.51308596,-0.21893112,0.7683007,-0.19028255,-0.80982363,-1.0118557,-10.972238,-0.28464052,-0.43306783,-0.35349956,-0.019765735,-0.5775751,0.6698173,0.16271645,-0.07364204,0.07335699,-0.18701942,0.023720944,0.42931694,-0.4404759,-0.09044842,0.6076875,0.43740714,0.09205547,-0.13369858,0.21658407,-0.2775786,-0.77950406,0.5131323,0.39347008,-0.02723629,0.027166845,0.021904357,-0.20396402,-0.108189784,-0.42993942,-0.4058355,0.09953254,-0.17382853,0.7807772,-0.118966535,-0.37894708,0.20818914,-0.27886203,0.034956876,-0.119307615,0.10583091,-0.002796468,-0.12510322,-0.21427509,1.0413404,-0.5002539,0.0183845,0.3008783,0.01690935,-0.14949033,-0.2553451,-0.6034641,-0.02005031,-0.3420237,-0.4601115,-0.26675645,-0.062675074,0.7785854,-0.43725154,-0.053658217,0.14021295,-0.23586479,-0.03730108,-0.10153719,-0.28764522,0.00059085543,-0.8515818,-0.6424948,-0.22221966,-0.19903754,-0.4082657,0.21011195,0.13027385,-1.609,-0.4647277,-0.083114855,0.31837547,0.5892641,-0.53155386,-0.21051721,-0.5072988,-0.11200871,0.15881748,0.10388286,-0.36230564,-0.65596086,-0.016451307,-0.75335586,-0.46001065,0.2747314,-0.04979038,-0.18209335,0.53148,0.07421136,0.02545305,0.03871136,0.44034177,-0.7459321,-0.10418889,0.2513539,0.42358616,0.11961228,0.7537858,-0.81258994,-0.5162545,-0.005262305,-0.20176663,0.016979013,-0.127957,0.036044598,-0.19998501,-0.08941554,-0.4892908,-0.08699503,-0.52441907,0.16491467,-0.081943914,0.2529659,-0.059374366,-0.4673997,-0.49090064,-0.17299919,-0.043943334,-0.75047386,0.20436653,-0.20305367,-0.43204686,0.019715657,0.0474775,-0.30677032,-0.3437025,-0.28528053,-0.10116725,0.23504187,0.17308056,-0.32001427,0.056396812,-0.037605714,0.07313087,0.11374436,-0.103930816,0.28934625,0.2418038,-0.22833113,-0.12767678,-0.48219764,0.033681586,0.3526378,-0.14318624,0.22435473,-0.83560014,-0.79748696,-0.03749014,-0.41277084,-0.20375532,0.16302356,0.65165055,-0.22513294,-0.088214874,-0.6006902,0.03624517,-0.07806668,0.13441035,0.42963246,-0.4009733,0.39528728,-0.06297042,-0.17347097,0.35899103,-0.1012127,-0.56633323,0.35680455,0.051394936,0.04286952,0.17029941,0.3545376,0.623781,-0.6338245,0.0752766,0.6919432,0.08853962,0.04090674,-0.18519308,0.23274773,0.50192,-0.10457941,0.4864788,0.19610596,0.88002884,0.15029041,-0.2935406,0.72573495,-0.16422883,-0.47301862,0.4775935,-0.37984872,0.3091783,0.14511505,-0.20335965,0.36537507,-0.30271596,-0.116746284,-0.43830472,0.41740453,-0.21346655,0.34048077,0.57181954,0.64262545,-0.046365086,-0.10137087,-0.32736394,-0.5344439,-0.28023693,-0.23852947,0.23988341,-0.019876707,-0.51073384,0.06588783,-0.7136087,0.28769097,0.11329469,0.07352765,-0.0689337,0.21541832,0.29871976,0.26006904,1.2563143,0.2436021,-0.0037193978,0.08149364,0.0027743203,-1.0852644,0.06624325,-0.100652635,-0.0004475294,0.37817788,-0.60675126,-0.4465855,-0.054863486,-0.2940157,-0.6391299,-0.89032245,-0.313033,-0.6546375,-0.5875402,-0.023522915,-0.14636989,0.08534571,-0.3143006,0.37078506,0.067706496,-0.31669706,-0.2138686,-0.07369913,0.2191695,-0.7037416,-0.1116432,-0.005004795,-0.45260268,0.5686322,-0.4080208,0.2702355,-0.0048250807,0.24337344,0.5085645,0.2635923,0.25614727,-0.043083005,-0.3007666,-0.2939381,0.1837458,-0.2772988,0.005730239,0.3139383,-0.4134506,-0.4587847,-0.13352877,-0.22944279,-0.021372175,0.12870641,-0.27386975,-0.28874135,0.65054303,0.2867978,0.39674893,-0.18130812,-0.5951176,0.095997676,-0.05084094,0.46868312,0.423298,0.34021026,-0.5388111,-0.047077764,-0.3601786,0.34821168,0.6689813,-0.5480953,0.14267011,0.29492408,0.16742802,0.07818082,0.5782035,0.29142445,-0.09047788,0.42060018,-0.14960036,-0.2968211,-0.27843586,-0.3382161,-0.011696747,-0.22980192,0.7538722,0.79308975,-0.17226003,-0.25444707,-0.4642198,0.021662295,-0.69125533,0.20947322,-0.106800646,0.35873628,0.6358146,-0.007279018,-0.06618279,0.27381945,-0.059316203,-0.31698138,0.23602869,-0.014441607,-0.08725402,0.3680917,-0.103959754,0.18789178,0.08411767,-0.39750567,-0.23893963,0.02667766,-0.15192871,0.12595099,-0.025754804,0.2231003,0.06806891,-0.024546212,-0.2020902,0.36592117,-0.37509835,0.12733868,0.6472303,0.58686274,0.43237498,-0.043812763,-0.4065557,-0.13674733,0.068909384,-0.6878793,0.23134363,0.2811449,0.30046958,0.25066814,0.3734938,0.19173497,-0.1922692,-1.113214,-0.22736597,0.069140494,0.36511555,0.1403258,0.007493066,0.27580583,0.21043795,0.0046724766,0.123313874,0.1726318,0.15389079,-0.5578509,0.02998409,-0.17917338,-0.4856607,0.60077304,0.01612259,-0.10909602,-0.59690267,-0.32403418,-0.1224404,-0.44829223,-0.36547577,-0.03538018,0.053247027,-0.51024497,-0.32271707,0.33420485,-0.18568344,-0.14511637,0.053725738,-0.18818882,-0.18108538,0.26417464,0.21716309,-0.31022808,-0.018027784,-0.6518877,-0.14623791,-0.4286713,0.25625974,0.031767175,-0.58456844,0.42123035,-1.180604,-0.24827832,0.061791744,0.23058856,0.030012883,0.3916217,0.18332468,0.0071168733,0.51967466,-0.18235902,-0.40576705,-0.30250612,0.043425184,-0.5372346,0.34368023,-0.2194943,0.14166026,-0.27595368,-0.61855257,0.11156164,0.21916817,-0.07058372,-0.6725373,0.07592106,0.72535187,-0.061709404,-0.2716799,-0.08530425,-0.09025845,0.33193326,0.45857644,0.24671178,-0.34140205,0.027861219,0.4458237,0.11789516,-0.041474037,0.115298375,-0.063205816,-0.27206835,-0.5519212,-0.3307486,-0.07267942,-0.037051804,-0.27130586,-0.1061646,0.4753557,0.4221724,-0.67086136,-0.20641808,-0.090490475,-0.2905775,0.0,0,0,1,0,0,0,0,0,0,0,0,0,0,0,1,0,0,0,0,0,0,0,0,0.0,0.0,0.0,0.0
0.13406175,-0.415531,0.73330057,0.23285761,0.79626215,-0.06589259,-0.0048295497,0.62447363,-0.2126086,0.114744596,0.11287945,0.1258017,0.22356829,-0.018381337,0.32236034,0.22916508,-0.5993622,0.31615663,-0.18827344,-0.18678282,0.23743941,0.17351176,0.45934933,-0.10462662,0.31745598,0.24846695,0.09846952,-0.3781356,-0.7868358,-0.3567373,0.27726737,0.53768367,-0.010539676,-0.046737038,0.11614599,-0.5820183,-0.09880312,-0.20729207,0.36331338,0.125912,-0.33619338,-0.27514535,0.65474075,0.119301274,0.09967477,0.09835131,-0.25718045,-0.55483115,0.20309027,-0.26842177,-0.36192665,0.24892741,-0.45656857,-0.3534302,0.1221637,0.56313014,0.18825048,-0.5546358,-0.14492881,0.18946,0.015688242,-0.31285655,0.13018696,0.2852097,-0.0010155275,-0.0917652,0.3453578,0.43766809,-0.6267946,0.3912698,0.2476703,0.27124256,-0.15566446,0.1088373,-0.12429803,-0.19527239,-0.61187077,0.5151798,0.2249055,-0.21255358,-0.010344884,0.1941911,0.69714355,-0.25341377,0.3407566,0.35603794,0.08749108,0.020889558,0.023405276,1.0123669,0.23018192,0.07015502,0.22225474,0.044921163,0.5293836,-0.5975931,-0.57735384,-0.18302418,0.016255898,-0.026784869,0.82763803,-0.22785972,0.3488005,-0.120083705,0.18881977,0.16059655,-0.36915457,-0.183438,0.44813237,0.5228788,-0.2661585,-0.06315191,0.2154496,-0.40751907,-0.46686307,0.04084814,-0.19542627,0.3761538,0.23077467,-0.109493054,-0.0717983,0.5715554,0.07555621,0.3686924,0.52940774,0.41971362,0.09619799,-0.30806422,0.75295466,0.16544178,0.20102951,0.36170712,0.010434181,-0.1668227,0.21952681,0.09132749,0.28033042,-0.08619461,-0.050980333,-0.34847087,-0.13560572,-0.3013573,0.33790082,0.3235427,0.51173466,0.14181696,0.05111888,-0.29320237,0.033998232,0.31991196,-0.2531361,-0.14101848,-0.24132209,0.19399986,-0.34839198,-0.47150934,-0.48132327,-0.19713666,0.015732987,0.22297975,0.5828165,0.16810091,-0.10004961,-0.024744231,-0.031648096,-0.19811971,-0.23571075,0.29740608,-0.008906726,0.06361614,-0.14389966,-0.14503248,0.34186307,-0.018827775,0.71193063,0.23440744,-0.13397947,-0.014064372,-0.28284225,0.49071276,-0.41975364,-0.017875459,0.24684818,-0.35041946,-0.08477024,-0.26702204,0.3803116,-0.38736483,0.6266936,-0.014608923,-0.23545294,-0.14768343,-0.01478876,0.12289027,0.30139285,-0.58978003,0.29123187,-0.3735144,0.43136498,-0.24498059,0.25761333,0.4256428,0.017438268,-0.265408,-0.6672583,0.33555314,-0.26646155,-0.36319476,-0.54624206,-0.2561804,-0.18411434,0.17075531,-0.3223686,0.19277492,0.2429971,0.21608031,-0.3130902,-0.32572868,-0.10008222,0.4341531,0.014479209,-0.07696998,0.26769844,0.1445302,-0.34958157,1.0955822,0.028858222,-0.5331795,0.18386617,-0.011452385,-0.32288405,-0.2874054,0.15874565,-0.31767917,0.4673834,0.111374244,-0.41026983,-0.4820871,0.11088361,0.27315137,-0.29758036,0.36166343,0.41361892,0.13836192,-0.0727691,0.3768376,-0.3875193,-0.29015434,-0.2708427,-0.3225908,0.07392072,0.16019255,-0.4181588,-0.47350815,-0.08731191,-0.5777598,0.009173836,-0.19746786,-0.1045136,-0.15353128,0.25510594,0.46395263,-0.23811713,-0.40138462,-0.06617019,-1.0372759,-0.16788185,0.34313497,0.5072699,0.059576854,-0.018270822,-0.4324523,-0.2529515,0.4462205,0.0023384942,-0.056390204,0.40549505,0.13010216,0.21360056,-0.21069658,-0.03397075,0.06289284,0.39391398,-0.07083306,-0.15419376,-0.043152045,0.39865124,-0.052300926,-0.21751946,-0.24296536,-0.3034622,0.29541627,-0.40663278,0.20212789,0.7798874,0.41985992,-0.14948788,0.5291576,-0.24060434,-0.6479566,0.79333806,-0.22287378,0.51308596,-0.21893112,0.7683007,-0.19028255,-0.80982363,-1.0118557,-10.972238,-0.28464052,-0.43306783,-0.35349956,-0.019765735,-0.5775751,0.6698173,0.16271645,-0.07364204,0.07335699,-0.18701942,0.023720944,0.42931694,-0.4404759,-0.09044842,0.6076875,0.43740714,0.09205547,-0.13369858,0.21658407,-0.2775786,-0.77950406,0.5131323,0.39347008,-0.02723629,0.027166845,0.021904357,-0.20396402,-0.108189784,-0.42993942,-0.4058355,0.09953254,-0.17382853,0.7807772,-0.118966535,-0.37894708,0.20818914,-0.27886203,0.034956876,-0.119307615,0.10583091,-0.002796468,-0.12510322,-0.21427509,1.0413404,-0.5002539,0.0183845,0.3008783,0.01690935,-0.14949033,-0.2553451,-0.6034641,-0.02005031,-0.3420237,-0.4601115,-0.26675645,-0.062675074,0.7785854,-0.43725154,-0.053658217,0.14021295,-0.23586479,-0.03730108,-0.10153719,-0.28764522,0.00059085543,-0.8515818,-0.6424948,-0.22221966,-0.19903754,-0.4082657,0.21011195,0.13027385,-1.609,-0.4647277,-0.083114855,0.31837547,0.5892641,-0.53155386,-0.21051721,-0.5072988,-0.11200871,0.15881748,0.10388286,-0.36230564,-0.65596086,-0.016451307,-0.75335586,-0.46001065,0.2747314,-0.04979038,-0.18209335,0.53148,0.07421136,0.02545305,0.03871136,0.44034177,-0.7459321,-0.10418889,0.2513539,0.42358616,0.11961228,0.7537858,-0.81258994,-0.5162545,-0.005262305,-0.20176663,0.016979013,-0.127957,0.036044598,-0.19998501,-0.08941554,-0.4892908,-0.08699503,-0.52441907,0.16491467,-0.081943914,0.2529659,-0.059374366,-0.4673997,-0.49090064,-0.17299919,-0.043943334,-0.75047386,0.20436653,-0.20305367,-0.43204686,0.019715657,0.0474775,-0.30677032,-0.3437025,-0.28528053,-0.10116725,0.23504187,0.17308056,-0.32001427,0.056396812,-0.037605714,0.07313087,0.11374436,-0.103930816,0.28934625,0.2418038,-0.22833113,-0.12767678,-0.48219764,0.033681586,0.3526378,-0.14318624,0.22435473,-0.83560014,-0.79748696,-0.03749014,-0.41277084,-0.20375532,0.16302356,0.65165055,-0.22513294,-0.088214874,-0.6006902,0.03624517,-0.07806668,0.13441035,0.42963246,-0.4009733,0.39528728,-0.06297042,-0.17347097,0.35899103,-0.1012127,-0.56633323,0.35680455,0.051394936,0.04286952,0.17029941,0.3545376,0.623781,-0.6338245,0.0752766,0.6919432,0.08853962,0.04090674,-0.18519308,0.23274773,0.50192,-0.10457941,0.4864788,0.19610596,0.88002884,0.15029041,-0.2935406,0.72573495,-0.16422883,-0.47301862,0.4775935,-0.37984872,0.3091783,0.14511505,-0.20335965,0.36537507,-0.30271596,-0.116746284,-0.43830472,0.41740453,-0.21346655,0.34048077,0.57181954,0.64262545,-0.046365086,-0.10137087,-0.32736394,-0.5344439,-0.28023693,-0.23852947,0.23988341,-0.019876707,-0.51073384,0.06588783,-0.7136087,0.28769097,0.11329469,0.07352765,-0.0689337,0.21541832,0.29871976,0.26006904,1.2563143,0.2436021,-0.0037193978,0.08149364,0.0027743203,-1.0852644,0.06624325,-0.100652635,-0.0004475294,0.37817788,-0.60675126,-0.4465855,-0.054863486,-0.2940157,-0.6391299,-0.89032245,-0.313033,-0.6546375,-0.5875402,-0.023522915,-0.14636989,0.08534571,-0.3143006,0.37078506,0.067706496,-0.31669706,-0.2138686,-0.07369913,0.2191695,-0.7037416,-0.1116432,-0.005004795,-0.45260268,0.5686322,-0.4080208,0.2702355,-0.0048250807,0.24337344,0.5085645,0.2635923,0.25614727,-0.043083005,-0.3007666,-0.2939381,0.1837458,-0.2772988,0.005730239,0.3139383,-0.4134506,-0.4587847,-0.13352877,-0.22944279,-0.021372175,0.12870641,-0.27386975,-0.28874135,0.65054303,0.2867978,0.39674893,-0.18130812,-0.5951176,0.095997676,-0.05084094,0.46868312,0.423298,0.34021026,-0.5388111,-0.047077764,-0.3601786,0.34821168,0.6689813,-0.5480953,0.14267011,0.29492408,0.16742802,0.07818082,0.5782035,0.29142445,-0.09047788,0.42060018,-0.14960036,-0.2968211,-0.27843586,-0.3382161,-0.011696747,-0.22980192,0.7538722,0.79308975,-0.17226003,-0.25444707,-0.4642198,0.021662295,-0.69125533,0.20947322,-0.106800646,0.35873628,0.6358146,-0.007279018,-0.06618279,0.27381945,-0.059316203,-0.31698138,0.23602869,-0.014441607,-0.08725402,0.3680917,-0.103959754,0.18789178,0.08411767,-0.39750567,-0.23893963,0.02667766,-0.15192871,0.12595099,-0.025754804,0.2231003,0.06806891,-0.024546212,-0.2020902,0.36592117,-0.37509835,0.12733868,0.6472303,0.58686274,0.43237498,-0.043812763,-0.4065557,-0.13674733,0.068909384,-0.6878793,0.23134363,0.2811449,0.30046958,0.25066814,0.3734938,0.19173497,-0.1922692,-1.113214,-0.22736597,0.069140494,0.36511555,0.1403258,0.007493066,0.27580583,0.21043795,0.0046724766,0.123313874,0.1726318,0.15389079,-0.5578509,0.02998409,-0.17917338,-0.4856607,0.60077304,0.01612259,-0.10909602,-0.59690267,-0.32403418,-0.1224404,-0.44829223,-0.36547577,-0.03538018,0.053247027,-0.51024497,-0.32271707,0.33420485,-0.18568344,-0.14511637,0.053725738,-0.18818882,-0.18108538,0.26417464,0.21716309,-0.31022808,-0.018027784,-0.6518877,-0.14623791,-0.4286713,0.25625974,0.031767175,-0.58456844,0.42123035,-1.180604,-0.24827832,0.061791744,0.23058856,0.030012883,0.3916217,0.18332468,0.0071168733,0.51967466,-0.18235902,-0.40576705,-0.30250612,0.043425184,-0.5372346,0.34368023,-0.2194943,0.14166026,-0.27595368,-0.61855257,0.11156164,0.21916817,-0.07058372,-0.6725373,0.07592106,0.72535187,-0.061709404,-0.2716799,-0.08530425,-0.09025845,0.33193326,0.45857644,0.24671178,-0.34140205,0.027861219,0.4458237,0.11789516,-0.041474037,0.115298375,-0.063205816,-0.27206835,-0.5519212,-0.3307486,-0.07267942,-0.037051804,-0.27130586,-0.1061646,0.4753557,0.4221724,-0.67086136,-0.20641808,-0.090490475,-0.2905775,0.0,0,0,1,0,0,0,0,0,0,0,0,0,0,0,1,0,0,0,0,0,0,0,0,0.0,0.0,0.0,0.0
0.13406175,-0.415531,0.73330057,0.23285761,0.79626215,-0.06589259,-0.0048295497,0.62447363,-0.2126086,0.114744596,0.11287945,0.1258017,0.22356829,-0.018381337,0.32236034,0.22916508,-0.5993622,0.31615663,-0.18827344,-0.18678282,0.23743941,0.17351176,0.45934933,-0.10462662,0.31745598,0.24846695,0.09846952,-0.3781356,-0.7868358,-0.3567373,0.27726737,0.53768367,-0.010539676,-0.046737038,0.11614599,-0.5820183,-0.09880312,-0.20729207,0.36331338,0.125912,-0.33619338,-0.27514535,0.65474075,0.119301274,0.09967477,0.09835131,-0.25718045,-0.55483115,0.20309027,-0.26842177,-0.36192665,0.24892741,-0.45656857,-0.3534302,0.1221637,0.56313014,0.18825048,-0.5546358,-0.14492881,0.18946,0.015688242,-0.31285655,0.13018696,0.2852097,-0.0010155275,-0.0917652,0.3453578,0.43766809,-0.6267946,0.3912698,0.2476703,0.27124256,-0.15566446,0.1088373,-0.12429803,-0.19527239,-0.61187077,0.5151798,0.2249055,-0.21255358,-0.010344884,0.1941911,0.69714355,-0.25341377,0.3407566,0.35603794,0.08749108,0.020889558,0.023405276,1.0123669,0.23018192,0.07015502,0.22225474,0.044921163,0.5293836,-0.5975931,-0.57735384,-0.18302418,0.016255898,-0.026784869,0.82763803,-0.22785972,0.3488005,-0.120083705,0.18881977,0.16059655,-0.36915457,-0.183438,0.44813237,0.5228788,-0.2661585,-0.06315191,0.2154496,-0.40751907,-0.46686307,0.04084814,-0.19542627,0.3761538,0.23077467,-0.109493054,-0.0717983,0.5715554,0.07555621,0.3686924,0.52940774,0.41971362,0.09619799,-0.30806422,0.75295466,0.16544178,0.20102951,0.36170712,0.010434181,-0.1668227,0.21952681,0.09132749,0.28033042,-0.08619461,-0.050980333,-0.34847087,-0.13560572,-0.3013573,0.33790082,0.3235427,0.51173466,0.14181696,0.05111888,-0.29320237,0.033998232,0.31991196,-0.2531361,-0.14101848,-0.24132209,0.19399986,-0.34839198,-0.47150934,-0.48132327,-0.19713666,0.015732987,0.22297975,0.5828165,0.16810091,-0.10004961,-0.024744231,-0.031648096,-0.19811971,-0.23571075,0.29740608,-0.008906726,0.06361614,-0.14389966,-0.14503248,0.34186307,-0.018827775,0.71193063,0.23440744,-0.13397947,-0.014064372,-0.28284225,0.49071276,-0.41975364,-0.017875459,0.24684818,-0.35041946,-0.08477024,-0.26702204,0.3803116,-0.38736483,0.6266936,-0.014608923,-0.23545294,-0.14768343,-0.01478876,0.12289027,0.30139285,-0.58978003,0.29123187,-0.3735144,0.43136498,-0.24498059,0.25761333,0.4256428,0.017438268,-0.265408,-0.6672583,0.33555314,-0.26646155,-0.36319476,-0.54624206,-0.2561804,-0.18411434,0.17075531,-0.3223686,0.19277492,0.2429971,0.21608031,-0.3130902,-0.32572868,-0.10008222,0.4341531,0.014479209,-0.07696998,0.26769844,0.1445302,-0.34958157,1.0955822,0.028858222,-0.5331795,0.18386617,-0.011452385,-0.32288405,-0.2874054,0.15874565,-0.31767917,0.4673834,0.111374244,-0.41026983,-0.4820871,0.11088361,0.27315137,-0.29758036,0.36166343,0.41361892,0.13836192,-0.0727691,0.3768376,-0.3875193,-0.29015434,-0.2708427,-0.3225908,0.07392072,0.16019255,-0.4181588,-0.47350815,-0.08731191,-0.5777598,0.009173836,-0.19746786,-0.1045136,-0.15353128,0.25510594,0.46395263,-0.23811713,-0.40138462,-0.06617019,-1.0372759,-0.16788185,0.34313497,0.5072699,0.059576854,-0.018270822,-0.4324523,-0.2529515,0.4462205,0.0023384942,-0.056390204,0.40549505,0.13010216,0.21360056,-0.21069658,-0.03397075,0.06289284,0.39391398,-0.07083306,-0.15419376,-0.043152045,0.39865124,-0.052300926,-0.21751946,-0.24296536,-0.3034622,0.29541627,-0.40663278,0.20212789,0.7798874,0.41985992,-0.14948788,0.5291576,-0.24060434,-0.6479566,0.79333806,-0.22287378,0.51308596,-0.21893112,0.7683007,-0.19028255,-0.80982363,-1.0118557,-10.972238,-0.28464052,-0.43306783,-0.35349956,-0.019765735,-0.5775751,0.6698173,0.16271645,-0.07364204,0.07335699,-0.18701942,0.023720944,0.42931694,-0.4404759,-0.09044842,0.6076875,0.43740714,0.09205547,-0.13369858,0.21658407,-0.2775786,-0.77950406,0.5131323,0.39347008,-0.02723629,0.027166845,0.021904357,-0.20396402,-0.108189784,-0.42993942,-0.4058355,0.09953254,-0.17382853,0.7807772,-0.118966535,-0.37894708,0.20818914,-0.27886203,0.034956876,-0.119307615,0.10583091,-0.002796468,-0.12510322,-0.21427509,1.0413404,-0.5002539,0.0183845,0.3008783,0.01690935,-0.14949033,-0.2553451,-0.6034641,-0.02005031,-0.3420237,-0.4601115,-0.26675645,-0.062675074,0.7785854,-0.43725154,-0.053658217,0.14021295,-0.23586479,-0.03730108,-0.10153719,-0.28764522,0.00059085543,-0.8515818,-0.6424948,-0.22221966,-0.19903754,-0.4082657,0.21011195,0.13027385,-1.609,-0.4647277,-0.083114855,0.31837547,0.5892641,-0.53155386,-0.21051721,-0.5072988,-0.11200871,0.15881748,0.10388286,-0.36230564,-0.65596086,-0.016451307,-0.75335586,-0.46001065,0.2747314,-0.04979038,-0.18209335,0.53148,0.07421136,0.02545305,0.03871136,0.44034177,-0.7459321,-0.10418889,0.2513539,0.42358616,0.11961228,0.7537858,-0.81258994,-0.5162545,-0.005262305,-0.20176663,0.016979013,-0.127957,0.036044598,-0.19998501,-0.08941554,-0.4892908,-0.08699503,-0.52441907,0.16491467,-0.081943914,0.2529659,-0.059374366,-0.4673997,-0.49090064,-0.17299919,-0.043943334,-0.75047386,0.20436653,-0.20305367,-0.43204686,0.019715657,0.0474775,-0.30677032,-0.3437025,-0.28528053,-0.10116725,0.23504187,0.17308056,-0.32001427,0.056396812,-0.037605714,0.07313087,0.11374436,-0.103930816,0.28934625,0.2418038,-0.22833113,-0.12767678,-0.48219764,0.033681586,0.3526378,-0.14318624,0.22435473,-0.83560014,-0.79748696,-0.03749014,-0.41277084,-0.20375532,0.16302356,0.65165055,-0.22513294,-0.088214874,-0.6006902,0.03624517,-0.07806668,0.13441035,0.42963246,-0.4009733,0.39528728,-0.06297042,-0.17347097,0.35899103,-0.1012127,-0.56633323,0.35680455,0.051394936,0.04286952,0.17029941,0.3545376,0.623781,-0.6338245,0.0752766,0.6919432,0.08853962,0.04090674,-0.18519308,0.23274773,0.50192,-0.10457941,0.4864788,0.19610596,0.88002884,0.15029041,-0.2935406,0.72573495,-0.16422883,-0.47301862,0.4775935,-0.37984872,0.3091783,0.14511505,-0.20335965,0.36537507,-0.30271596,-0.116746284,-0.43830472,0.41740453,-0.21346655,0.34048077,0.57181954,0.64262545,-0.046365086,-0.10137087,-0.32736394,-0.5344439,-0.28023693,-0.23852947,0.23988341,-0.019876707,-0.51073384,0.06588783,-0.7136087,0.28769097,0.11329469,0.07352765,-0.0689337,0.21541832,0.29871976,0.26006904,1.2563143,0.2436021,-0.0037193978,0.08149364,0.0027743203,-1.0852644,0.06624325,-0.100652635,-0.0004475294,0.37817788,-0.60675126,-0.4465855,-0.054863486,-0.2940157,-0.6391299,-0.89032245,-0.313033,-0.6546375,-0.5875402,-0.023522915,-0.14636989,0.08534571,-0.3143006,0.37078506,0.067706496,-0.31669706,-0.2138686,-0.07369913,0.2191695,-0.7037416,-0.1116432,-0.005004795,-0.45260268,0.5686322,-0.4080208,0.2702355,-0.0048250807,0.24337344,0.5085645,0.2635923,0.25614727,-0.043083005,-0.3007666,-0.2939381,0.1837458,-0.2772988,0.005730239,0.3139383,-0.4134506,-0.4587847,-0.13352877,-0.22944279,-0.021372175,0.12870641,-0.27386975,-0.28874135,0.65054303,0.2867978,0.39674893,-0.18130812,-0.5951176,0.095997676,-0.05084094,0.46868312,0.423298,0.34021026,-0.5388111,-0.047077764,-0.3601786,0.34821168,0.6689813,-0.5480953,0.14267011,0.29492408,0.16742802,0.07818082,0.5782035,0.29142445,-0.09047788,0.42060018,-0.14960036,-0.2968211,-0.27843586,-0.3382161,-0.011696747,-0.22980192,0.7538722,0.79308975,-0.17226003,-0.25444707,-0.4642198,0.021662295,-0.69125533,0.20947322,-0.106800646,0.35873628,0.6358146,-0.007279018,-0.06618279,0.27381945,-0.059316203,-0.31698138,0.23602869,-0.014441607,-0.08725402,0.3680917,-0.103959754,0.18789178,0.08411767,-0.39750567,-0.23893963,0.02667766,-0.15192871,0.12595099,-0.025754804,0.2231003,0.06806891,-0.024546212,-0.2020902,0.36592117,-0.37509835,0.12733868,0.6472303,0.58686274,0.43237498,-0.043812763,-0.4065557,-0.13674733,0.068909384,-0.6878793,0.23134363,0.2811449,0.30046958,0.25066814,0.3734938,0.19173497,-0.1922692,-1.113214,-0.22736597,0.069140494,0.36511555,0.1403258,0.007493066,0.27580583,0.21043795,0.0046724766,0.123313874,0.1726318,0.15389079,-0.5578509,0.02998409,-0.17917338,-0.4856607,0.60077304,0.01612259,-0.10909602,-0.59690267,-0.32403418,-0.1224404,-0.44829223,-0.36547577,-0.03538018,0.053247027,-0.51024497,-0.32271707,0.33420485,-0.18568344,-0.14511637,0.053725738,-0.18818882,-0.18108538,0.26417464,0.21716309,-0.31022808,-0.018027784,-0.6518877,-0.14623791,-0.4286713,0.25625974,0.031767175,-0.58456844,0.42123035,-1.180604,-0.24827832,0.061791744,0.23058856,0.030012883,0.3916217,0.18332468,0.0071168733,0.51967466,-0.18235902,-0.40576705,-0.30250612,0.043425184,-0.5372346,0.34368023,-0.2194943,0.14166026,-0.27595368,-0.61855257,0.11156164,0.21916817,-0.07058372,-0.6725373,0.07592106,0.72535187,-0.061709404,-0.2716799,-0.08530425,-0.09025845,0.33193326,0.45857644,0.24671178,-0.34140205,0.027861219,0.4458237,0.11789516,-0.041474037,0.115298375,-0.063205816,-0.27206835,-0.5519212,-0.3307486,-0.07267942,-0.037051804,-0.27130586,-0.1061646,0.4753557,0.4221724,-0.67086136,-0.20641808,-0.090490475,-0.2905775,0.0,0,0,1,0,0,0,0,0,0,0,0,0,0,0,1,0,0,0,0,0,0,0,0,0.0,0.0,0.0,0.0
0.13406175,-0.415531,0.73330057,0.23285761,0.79626215,-0.06589259,-0.0048295497,0.62447363,-0.2126086,0.114744596,0.11287945,0.1258017,0.22356829,-0.018381337,0.32236034,0.22916508,-0.5993622,0.31615663,-0.18827344,-0.18678282,0.23743941,0.17351176,0.45934933,-0.10462662,0.31745598,0.24846695,0.09846952,-0.3781356,-0.7868358,-0.3567373,0.27726737,0.53768367,-0.010539676,-0.046737038,0.11614599,-0.5820183,-0.09880312,-0.20729207,0.36331338,0.125912,-0.33619338,-0.27514535,0.65474075,0.119301274,0.09967477,0.09835131,-0.25718045,-0.55483115,0.20309027,-0.26842177,-0.36192665,0.24892741,-0.45656857,-0.3534302,0.1221637,0.56313014,0.18825048,-0.5546358,-0.14492881,0.18946,0.015688242,-0.31285655,0.13018696,0.2852097,-0.0010155275,-0.0917652,0.3453578,0.43766809,-0.6267946,0.3912698,0.2476703,0.27124256,-0.15566446,0.1088373,-0.12429803,-0.19527239,-0.61187077,0.5151798,0.2249055,-0.21255358,-0.010344884,0.1941911,0.69714355,-0.25341377,0.3407566,0.35603794,0.08749108,0.020889558,0.023405276,1.0123669,0.23018192,0.07015502,0.22225474,0.044921163,0.5293836,-0.5975931,-0.57735384,-0.18302418,0.016255898,-0.026784869,0.82763803,-0.22785972,0.3488005,-0.120083705,0.18881977,0.16059655,-0.36915457,-0.183438,0.44813237,0.5228788,-0.2661585,-0.06315191,0.2154496,-0.40751907,-0.46686307,0.04084814,-0.19542627,0.3761538,0.23077467,-0.109493054,-0.0717983,0.5715554,0.07555621,0.3686924,0.52940774,0.41971362,0.09619799,-0.30806422,0.75295466,0.16544178,0.20102951,0.36170712,0.010434181,-0.1668227,0.21952681,0.09132749,0.28033042,-0.08619461,-0.050980333,-0.34847087,-0.13560572,-0.3013573,0.33790082,0.3235427,0.51173466,0.14181696,0.05111888,-0.29320237,0.033998232,0.31991196,-0.2531361,-0.14101848,-0.24132209,0.19399986,-0.34839198,-0.47150934,-0.48132327,-0.19713666,0.015732987,0.22297975,0.5828165,0.16810091,-0.10004961,-0.024744231,-0.031648096,-0.19811971,-0.23571075,0.29740608,-0.008906726,0.06361614,-0.14389966,-0.14503248,0.34186307,-0.018827775,0.71193063,0.23440744,-0.13397947,-0.014064372,-0.28284225,0.49071276,-0.41975364,-0.017875459,0.24684818,-0.35041946,-0.08477024,-0.26702204,0.3803116,-0.38736483,0.6266936,-0.014608923,-0.23545294,-0.14768343,-0.01478876,0.12289027,0.30139285,-0.58978003,0.29123187,-0.3735144,0.43136498,-0.24498059,0.25761333,0.4256428,0.017438268,-0.265408,-0.6672583,0.33555314,-0.26646155,-0.36319476,-0.54624206,-0.2561804,-0.18411434,0.17075531,-0.3223686,0.19277492,0.2429971,0.21608031,-0.3130902,-0.32572868,-0.10008222,0.4341531,0.014479209,-0.07696998,0.26769844,0.1445302,-0.34958157,1.0955822,0.028858222,-0.5331795,0.18386617,-0.011452385,-0.32288405,-0.2874054,0.15874565,-0.31767917,0.4673834,0.111374244,-0.41026983,-0.4820871,0.11088361,0.27315137,-0.29758036,0.36166343,0.41361892,0.13836192,-0.0727691,0.3768376,-0.3875193,-0.29015434,-0.2708427,-0.3225908,0.07392072,0.16019255,-0.4181588,-0.47350815,-0.08731191,-0.5777598,0.009173836,-0.19746786,-0.1045136,-0.15353128,0.25510594,0.46395263,-0.23811713,-0.40138462,-0.06617019,-1.0372759,-0.16788185,0.34313497,0.5072699,0.059576854,-0.018270822,-0.4324523,-0.2529515,0.4462205,0.0023384942,-0.056390204,0.40549505,0.13010216,0.21360056,-0.21069658,-0.03397075,0.06289284,0.39391398,-0.07083306,-0.15419376,-0.043152045,0.39865124,-0.052300926,-0.21751946,-0.24296536,-0.3034622,0.29541627,-0.40663278,0.20212789,0.7798874,0.41985992,-0.14948788,0.5291576,-0.24060434,-0.6479566,0.79333806,-0.22287378,0.51308596,-0.21893112,0.7683007,-0.19028255,-0.80982363,-1.0118557,-10.972238,-0.28464052,-0.43306783,-0.35349956,-0.019765735,-0.5775751,0.6698173,0.16271645,-0.07364204,0.07335699,-0.18701942,0.023720944,0.42931694,-0.4404759,-0.09044842,0.6076875,0.43740714,0.09205547,-0.13369858,0.21658407,-0.2775786,-0.77950406,0.5131323,0.39347008,-0.02723629,0.027166845,0.021904357,-0.20396402,-0.108189784,-0.42993942,-0.4058355,0.09953254,-0.17382853,0.7807772,-0.118966535,-0.37894708,0.20818914,-0.27886203,0.034956876,-0.119307615,0.10583091,-0.002796468,-0.12510322,-0.21427509,1.0413404,-0.5002539,0.0183845,0.3008783,0.01690935,-0.14949033,-0.2553451,-0.6034641,-0.02005031,-0.3420237,-0.4601115,-0.26675645,-0.062675074,0.7785854,-0.43725154,-0.053658217,0.14021295,-0.23586479,-0.03730108,-0.10153719,-0.28764522,0.00059085543,-0.8515818,-0.6424948,-0.22221966,-0.19903754,-0.4082657,0.21011195,0.13027385,-1.609,-0.4647277,-0.083114855,0.31837547,0.5892641,-0.53155386,-0.21051721,-0.5072988,-0.11200871,0.15881748,0.10388286,-0.36230564,-0.65596086,-0.016451307,-0.75335586,-0.46001065,0.2747314,-0.04979038,-0.18209335,0.53148,0.07421136,0.02545305,0.03871136,0.44034177,-0.7459321,-0.10418889,0.2513539,0.42358616,0.11961228,0.7537858,-0.81258994,-0.5162545,-0.005262305,-0.20176663,0.016979013,-0.127957,0.036044598,-0.19998501,-0.08941554,-0.4892908,-0.08699503,-0.52441907,0.16491467,-0.081943914,0.2529659,-0.059374366,-0.4673997,-0.49090064,-0.17299919,-0.043943334,-0.75047386,0.20436653,-0.20305367,-0.43204686,0.019715657,0.0474775,-0.30677032,-0.3437025,-0.28528053,-0.10116725,0.23504187,0.17308056,-0.32001427,0.056396812,-0.037605714,0.07313087,0.11374436,-0.103930816,0.28934625,0.2418038,-0.22833113,-0.12767678,-0.48219764,0.033681586,0.3526378,-0.14318624,0.22435473,-0.83560014,-0.79748696,-0.03749014,-0.41277084,-0.20375532,0.16302356,0.65165055,-0.22513294,-0.088214874,-0.6006902,0.03624517,-0.07806668,0.13441035,0.42963246,-0.4009733,0.39528728,-0.06297042,-0.17347097,0.35899103,-0.1012127,-0.56633323,0.35680455,0.051394936,0.04286952,0.17029941,0.3545376,0.623781,-0.6338245,0.0752766,0.6919432,0.08853962,0.04090674,-0.18519308,0.23274773,0.50192,-0.10457941,0.4864788,0.19610596,0.88002884,0.15029041,-0.2935406,0.72573495,-0.16422883,-0.47301862,0.4775935,-0.37984872,0.3091783,0.14511505,-0.20335965,0.36537507,-0.30271596,-0.116746284,-0.43830472,0.41740453,-0.21346655,0.34048077,0.57181954,0.64262545,-0.046365086,-0.10137087,-0.32736394,-0.5344439,-0.28023693,-0.23852947,0.23988341,-0.019876707,-0.51073384,0.06588783,-0.7136087,0.28769097,0.11329469,0.07352765,-0.0689337,0.21541832,0.29871976,0.26006904,1.2563143,0.2436021,-0.0037193978,0.08149364,0.0027743203,-1.0852644,0.06624325,-0.100652635,-0.0004475294,0.37817788,-0.60675126,-0.4465855,-0.054863486,-0.2940157,-0.6391299,-0.89032245,-0.313033,-0.6546375,-0.5875402,-0.023522915,-0.14636989,0.08534571,-0.3143006,0.37078506,0.067706496,-0.31669706,-0.2138686,-0.07369913,0.2191695,-0.7037416,-0.1116432,-0.005004795,-0.45260268,0.5686322,-0.4080208,0.2702355,-0.0048250807,0.24337344,0.5085645,0.2635923,0.25614727,-0.043083005,-0.3007666,-0.2939381,0.1837458,-0.2772988,0.005730239,0.3139383,-0.4134506,-0.4587847,-0.13352877,-0.22944279,-0.021372175,0.12870641,-0.27386975,-0.28874135,0.65054303,0.2867978,0.39674893,-0.18130812,-0.5951176,0.095997676,-0.05084094,0.46868312,0.423298,0.34021026,-0.5388111,-0.047077764,-0.3601786,0.34821168,0.6689813,-0.5480953,0.14267011,0.29492408,0.16742802,0.07818082,0.5782035,0.29142445,-0.09047788,0.42060018,-0.14960036,-0.2968211,-0.27843586,-0.3382161,-0.011696747,-0.22980192,0.7538722,0.79308975,-0.17226003,-0.25444707,-0.4642198,0.021662295,-0.69125533,0.20947322,-0.106800646,0.35873628,0.6358146,-0.007279018,-0.06618279,0.27381945,-0.059316203,-0.31698138,0.23602869,-0.014441607,-0.08725402,0.3680917,-0.103959754,0.18789178,0.08411767,-0.39750567,-0.23893963,0.02667766,-0.15192871,0.12595099,-0.025754804,0.2231003,0.06806891,-0.024546212,-0.2020902,0.36592117,-0.37509835,0.12733868,0.6472303,0.58686274,0.43237498,-0.043812763,-0.4065557,-0.13674733,0.068909384,-0.6878793,0.23134363,0.2811449,0.30046958,0.25066814,0.3734938,0.19173497,-0.1922692,-1.113214,-0.22736597,0.069140494,0.36511555,0.1403258,0.007493066,0.27580583,0.21043795,0.0046724766,0.123313874,0.1726318,0.15389079,-0.5578509,0.02998409,-0.17917338,-0.4856607,0.60077304,0.01612259,-0.10909602,-0.59690267,-0.32403418,-0.1224404,-0.44829223,-0.36547577,-0.03538018,0.053247027,-0.51024497,-0.32271707,0.33420485,-0.18568344,-0.14511637,0.053725738,-0.18818882,-0.18108538,0.26417464,0.21716309,-0.31022808,-0.018027784,-0.6518877,-0.14623791,-0.4286713,0.25625974,0.031767175,-0.58456844,0.42123035,-1.180604,-0.24827832,0.061791744,0.23058856,0.030012883,0.3916217,0.18332468,0.0071168733,0.51967466,-0.18235902,-0.40576705,-0.30250612,0.043425184,-0.5372346,0.34368023,-0.2194943,0.14166026,-0.27595368,-0.61855257,0.11156164,0.21916817,-0.07058372,-0.6725373,0.07592106,0.72535187,-0.061709404,-0.2716799,-0.08530425,-0.09025845,0.33193326,0.45857644,0.24671178,-0.34140205,0.027861219,0.4458237,0.11789516,-0.041474037,0.115298375,-0.063205816,-0.27206835,-0.5519212,-0.3307486,-0.07267942,-0.037051804,-0.27130586,-0.1061646,0.4753557,0.4221724,-0.67086136,-0.20641808,-0.090490475,-0.2905775,0.0,0,0,1,0,0,0,0,0,0,0,0,0,0,0,1,0,0,0,0,0,0,0,0,0.0,0.0,0.0,0.0
0.050297547,-0.2902298,0.16933846,-0.09931185,0.07966211,-0.07250285,0.017981378,0.57762027,-0.2882584,-0.55900234,0.14738043,0.13247861,0.033014387,0.38121173,-0.20464087,0.094325215,0.26055703,0.045045763,-0.24202906,0.055201445,0.16336708,0.3292134,-0.37389585,-0.13789427,0.40036175,0.5248546,0.10996595,-0.5363822,-0.62418133,0.3052363,-0.11021763,0.2844191,0.39330533,-0.12709303,-0.7848175,-0.3065674,-0.08579749,-0.12028087,0.060469355,0.17682044,-0.26299062,-0.018991202,0.17810781,-0.11238017,0.031901624,-0.0852021,-0.07224685,-0.4590354,0.039645888,-0.6988683,-0.9059205,0.008153818,-0.2851098,-0.15196247,0.2027996,-0.030499792,0.23132499,-0.37838212,0.021807956,0.12674816,0.05662167,0.31022274,0.35611197,0.27723953,-0.26575848,-0.21729721,0.2825369,0.02421196,-0.78264695,0.41774246,-0.17025119,0.062625185,-0.028606033,-0.03831259,0.030027365,-0.22567129,-0.1448536,0.14103319,-0.03223217,-0.15905644,-0.48011914,0.5444518,0.5853425,-0.04294401,0.583594,-0.04031126,-0.07290373,0.14953198,-0.37102437,0.36170542,0.048682515,-0.31798872,-0.4139478,0.0056407456,0.27013096,-0.33571494,-0.36425138,-0.39164838,-0.029657999,0.00514246,0.35847083,-0.9403084,0.30049294,-0.33231658,-0.18897168,-0.008363832,-0.25215295,-0.1278422,0.38435695,0.10932705,0.1624339,0.32028762,0.3106679,-0.13780178,0.028525084,-0.02157027,-0.7753138,0.13616039,0.24682844,-0.27783448,-0.04494248,0.14494337,0.44405273,0.31473246,0.26127163,0.14058529,0.17130297,0.31058344,0.05000907,0.046364427,0.25293836,0.68281513,0.6586319,-0.16800362,0.2508339,-0.15771304,-0.086156644,0.41978836,-0.15381935,-0.5310676,-0.11117613,0.2943749,0.7943639,-0.11905956,0.6316696,-0.13391076,0.15496142,0.036473017,0.15799464,0.43941844,0.05216768,0.3913444,-0.7528427,-0.17552167,0.1750141,-0.3940152,-0.554972,0.2326321,-0.04510483,0.6385466,0.17378227,0.14209945,0.013139068,-0.2321692,-0.012150508,-0.22057502,0.5145269,0.6505025,0.081092276,-0.006280338,-0.08617631,-0.6228062,0.36469725,-0.1345993,0.26086447,0.30491203,0.0987794,-0.5613494,0.752907,0.42495188,-0.68156797,-0.14230628,0.1330375,-0.23694251,0.37364498,0.00989996,0.46838188,-0.6958723,0.5556908,0.211221,-0.48907483,-0.069085374,0.23696524,-0.48876825,0.4941088,-0.26404282,-0.1529703,-0.6318972,0.32660744,-0.43378386,0.317956,0.41544506,-0.009876265,-0.3366811,0.036563855,0.76161,-0.39881304,0.014999461,-0.7608905,0.12988967,-0.43049896,0.61503595,-0.39222026,-0.11488835,-0.012370317,-0.18026768,0.56035155,-0.2625493,0.03457799,0.2746565,-0.36690632,-0.6499401,-0.4081825,0.28543743,-0.6413471,1.2413964,0.53694206,-0.34733787,0.40673026,-0.074905485,0.2690805,-0.13951035,-0.15892503,-0.17875935,0.1548532,0.1640427,-0.21472333,-0.28617057,0.044412598,0.45973265,-0.6974387,0.29255816,0.113377534,-0.3715428,0.26704925,0.6750946,0.2016136,-0.8835601,-0.24291448,-0.1402579,-0.33225828,-0.07580855,0.08845827,-0.2022032,-0.101219185,-0.14017835,0.04949428,-0.07801436,-0.06408953,0.19500218,-0.14560519,0.033431813,0.40977383,-0.031121327,0.13679089,-0.17874883,-0.29010773,0.27200738,0.5182968,0.36344114,-0.49258852,-0.21263574,-0.23738341,0.39150771,-0.43543103,-0.507182,0.18710816,0.043005377,0.06322064,-0.3636,-0.115667485,0.3792493,-0.51727915,0.10199504,0.23771589,-0.30100963,0.46548793,-0.6089089,-0.12183965,-0.57565343,-0.1829436,0.25037506,-0.13449447,-0.5697059,1.2237133,0.28677085,-0.080186404,0.2751238,0.010184095,-0.63575214,-0.12144958,-0.16197436,0.004757728,-0.15643002,-0.6419588,-0.28761533,-0.75635433,0.10681679,-8.878055,-0.21726565,-0.16838533,0.018262278,0.124052785,-0.13217108,-0.08267486,0.26721093,-0.17800683,-0.11269617,-0.6479106,-0.6883085,-0.14174956,0.17393099,0.22672732,-0.12327952,0.6107939,0.17030208,-0.39790413,0.34956813,-0.24969701,-0.38022494,0.6175329,-0.052091192,0.52565366,0.17903155,0.15982708,-0.30808225,-0.12535428,-0.19695981,-0.4732305,-0.089094855,0.21515696,0.616626,-0.26938543,-0.09366959,0.21626483,-0.6026093,0.7060151,0.06973388,0.2024426,-0.0364868,0.3711425,0.39767778,0.5359553,-0.34587035,-0.104733616,-0.27716795,0.22636063,0.06594273,-0.39462653,0.20445131,-0.12239921,-0.84678864,-0.091204695,0.24488229,0.44292137,0.75048965,-0.5625847,-0.10768024,0.6216466,-0.5056193,-0.08588934,0.5700072,-0.49613273,-0.19648834,-0.94181854,-0.14858742,-0.23465496,0.07996953,-0.49058488,0.35375372,0.2732121,-1.453401,-0.28122202,0.0597086,-0.008448703,0.15098669,0.047875304,-0.16655208,-0.655942,-1.2116846,-0.39923063,0.14792942,-0.4859072,-0.30898634,-0.36755586,-0.3466095,0.19703816,0.30670157,-0.20713247,0.25798252,0.34970975,0.10238852,0.11249068,0.12104038,0.85962296,-0.7923042,-0.17406283,0.28064045,0.10449216,0.21037066,-0.22028168,0.022128822,-0.716842,0.44975162,-0.6996398,0.6155084,-0.059095148,0.27862915,0.1689726,0.17281564,0.18978776,0.037673388,-0.42032444,0.25229123,-0.2558376,0.27451465,-0.04393546,-0.5973217,-0.12189609,0.29272214,-0.2915854,-0.9371273,-0.42472875,0.35353658,0.2013917,-0.47984895,-0.23265724,-0.17917119,-0.38219044,-0.06992316,-0.045849424,-0.2675987,-0.14075921,-0.022013528,0.0088461405,0.164391,-0.35007334,0.19882149,0.783765,0.22456829,0.41977754,0.025254102,-0.026484301,0.19080134,0.34710208,0.17367202,-0.008886876,0.48293924,-0.33874443,-0.753763,0.046211958,-0.18193944,-0.2647076,-0.27654764,0.1662981,-0.5443593,0.0053489446,-0.33898053,0.23420274,-0.005291292,-0.4886547,0.045297727,0.23960237,-0.22667433,-0.06383278,0.19152625,-0.16217065,-0.1472448,0.12966655,0.10790289,0.26114377,0.47130755,0.4449147,-0.03383759,0.22482722,-0.68609077,0.19853921,0.69079566,0.39864525,0.2849882,-0.15190966,-0.6596844,0.36204633,-0.06547529,-0.14567022,0.47410163,0.17976014,0.23294966,-0.724783,0.70229954,0.26239613,-0.7771875,-0.07499863,-0.7076048,0.51645476,0.345155,0.31342167,0.34653684,-0.26970574,-0.084572405,-0.13471395,-0.1859598,-0.037798136,0.0030644306,0.15784326,0.24947084,0.15580152,0.3457106,-0.15599583,-0.6302221,-0.7128058,-0.5935094,0.046880413,0.08552584,-0.022738358,-0.22282046,-0.84235835,-0.39000797,-0.53680223,-0.06275039,-0.30945966,-0.16775876,-0.17031755,0.048591617,-0.09416608,-0.6270583,0.078322664,-0.31776002,0.13509615,-1.4583879,-0.017936245,-0.1564087,0.34240815,-0.48822483,-0.64069134,0.5200784,-0.4960704,-0.0675751,-0.31896266,-0.4344101,0.021059511,-0.35811856,-0.23610288,-0.087866016,-0.4163394,0.055736408,-0.005721273,-0.12462678,0.10906579,-0.35500035,-0.14010932,-0.15730633,0.32732445,-0.4096737,-0.077053525,-0.4496703,0.00044448595,0.42507064,-0.39397645,0.20439018,0.40757617,0.3321416,0.15332301,0.1884278,0.38827658,0.23220475,0.30454084,-0.1346993,-0.26126686,0.0076255277,-0.26877514,0.14337285,-0.07792755,-0.37082896,-0.32824412,-0.707181,0.17585017,-0.6317199,-0.085250475,0.033419747,0.2197079,0.37567398,0.02047099,0.05018525,0.07876314,0.07170267,0.06439271,0.10078302,-0.29612222,0.18919706,-0.21973951,0.3515025,0.17733793,0.63217247,0.11985025,-0.38614634,-0.05494666,0.07816601,-0.5031875,-0.16315353,0.41988853,0.041767206,-0.47919214,0.37353942,-0.0907324,0.13558003,-0.3464259,0.1314469,-0.85102814,-0.53339124,0.47558072,0.3505341,0.32407278,-0.58307266,-0.32298854,-0.1796121,-0.26384065,0.60603905,-0.60945934,-0.017073605,0.8634146,0.21749629,0.031144008,0.42922208,0.024146488,-0.34553722,-0.028367333,0.110354625,-0.13596925,0.16692941,0.36166432,0.062407196,0.07508131,-0.271148,0.331236,0.18875109,-0.15472408,0.4267602,0.40908626,0.6009205,0.31003973,0.2220832,-0.26378867,-0.07067049,0.30120933,-0.27694863,0.16018896,0.92180943,-0.06816455,-0.21242855,0.18779851,-0.035635363,0.1834066,0.26972097,-0.071310245,0.22581875,0.18539555,0.61604184,0.5466477,0.4926263,0.35526907,-0.3288186,0.17218132,0.28821123,-0.09067962,-0.101144336,-0.059059724,0.14893334,0.19012512,0.16828966,-0.0465596,0.17547083,0.12872463,0.2799801,0.020012,-0.05127084,-0.5306465,-0.32439646,-0.14142357,0.013486323,-0.24276604,-0.09252992,0.22737175,-0.5902992,0.1465852,-0.2747374,0.493582,-0.2279457,-0.24443795,0.2635526,-0.73070693,0.17307824,0.40373495,-0.39673278,0.05468538,0.07615962,0.5757597,0.33154455,0.6256427,-0.46607754,-0.1758513,-0.12360763,-0.08081791,0.09249512,-0.08017387,0.11807251,-0.7741212,-0.28916416,-0.029114768,0.48299992,0.0328711,-0.09696362,-0.12247407,0.03453708,0.06912208,-0.3583524,-0.18584867,-0.30436483,-0.33666885,-0.063849404,0.048551265,0.344969,0.10029452,-0.26551095,-0.3481047,0.02641943,-0.116261415,-0.20783104,-0.2254567,0.4436015,0.55995,-0.13030572,0.11921599,-0.09291581,-0.2695724,-0.5402735,-0.2514206,0.25984976,-0.012292311,0.3614039,-0.30113122,0.2283742,-0.64840674,0.18269016,-0.12515754,-0.18959369,-0.5759568,-0.004944299,-0.32811138,0.3346437,-0.33133963,-0.12937957,0.20578663,0.59128267,-0.1141975,-0.24468447,0.35267666,0.5759696,-0.16666666666666666,0,0,0,0,0,0,0,0,0,0,1,0,0,0,1,0,0,0,0,0,0,0,0,0.0,0.0,0.0,0.0
0.20575328,-0.059514023,0.80960023,-0.16421665,0.46380302,0.05320782,0.0027954176,0.034740075,-0.1724791,-0.2487936,0.1543507,0.19547653,0.19598745,0.27825442,0.060335655,0.25433314,0.14264429,0.13508533,-0.23859896,0.11976231,-0.15677051,0.22362627,0.3032489,0.007070142,0.17720224,0.38988617,0.40668064,-0.42361206,-0.41632527,0.32148162,0.31794274,0.42067733,-0.10173916,0.2122541,0.25691995,-0.11111723,-0.18908282,-0.075563565,-0.15640321,0.12929481,-0.077824704,-0.26872787,0.085718095,-0.0015067362,-0.2967243,-0.4816273,-0.037622456,-0.36677527,0.2287677,-0.038368117,-0.4046949,-0.060513835,-0.4943833,-0.60677946,-0.13931379,0.64064616,0.20101234,-0.7174539,-0.29529396,0.030950064,0.34511417,-0.18608442,-0.21787687,-0.26174182,-0.09891684,0.06176809,0.4590684,0.36374626,-0.7829565,0.35276616,-0.15677279,0.01452446,-0.15790278,0.04440893,-0.15400168,-0.012135608,-0.8540913,0.6895019,0.10549211,0.18421146,-0.11390009,-0.016219322,0.3903976,-0.28883675,-0.13832636,0.3154334,0.5200098,0.09200056,0.12423222,0.6235849,0.2376756,-0.12281706,-0.2099386,-0.25173846,-0.10169259,-0.37272823,-0.6790229,-0.27340004,0.17433426,0.08327366,0.4669515,-0.3711365,-0.0593298,-0.11050937,-0.28788424,0.11665538,-0.49249327,0.2164693,-0.2051638,0.13358831,-0.49772567,0.13761748,0.19199616,-0.43122047,0.123733,-0.1551886,-0.49972737,0.046459354,0.48721352,0.03229577,-0.13362868,0.043643538,0.01647221,0.17849237,0.28078178,0.2637286,0.014361416,0.19955641,-0.061846748,0.5628509,-0.25417137,0.32097703,-0.06540332,0.1097929,0.06919012,-0.0959863,-0.29027697,-0.0119356215,-0.1203475,-0.6703186,-0.12173612,0.3208203,-0.23910727,0.262829,0.26042762,0.11588075,-0.07100083,-0.043834858,-0.48057288,0.6150353,-0.59746474,0.2986052,-0.46335045,-0.39540198,-0.20383877,-0.35786548,-0.17363064,-0.021707397,-0.061728906,0.21272986,0.6756977,0.29428977,-0.31241786,-0.06672231,-0.13418698,-0.009571877,-0.23436576,0.6768351,-0.5222005,-0.50296015,-0.39746705,-0.6030151,0.0042345063,-0.12803312,-0.010762814,0.3915924,0.041780606,-0.23962778,0.39318684,0.84906495,-0.60973024,0.26416066,0.33027652,0.19441019,0.43186343,0.067032896,0.82340986,-0.29097033,0.681649,0.2483267,-0.6591729,0.08103881,0.12749141,-0.3823177,-0.3336018,-0.73680395,-0.08388904,-0.62785757,0.26424092,-0.43181893,-0.022107976,0.6863766,-0.14759219,-0.30815297,0.13860786,0.2549763,-0.17015141,-0.38136145,-0.5994392,-0.031265307,-0.1629781,0.24909028,0.4249618,-0.3388829,0.1895803,-0.39811838,0.53762364,-0.124063455,0.028356196,0.43580857,0.21358804,-0.74449974,0.18690838,0.30195168,-0.56231976,1.1496464,0.43792403,-0.6500928,0.5523439,-0.12056079,-0.21388355,-0.700075,0.5101365,-0.05076128,0.27337903,0.27861446,0.024790205,-0.19946472,0.091245614,0.088490106,-0.33468026,-0.07641959,0.24355413,-0.05808765,-0.26497462,0.6035716,-0.20530687,-0.37572262,-0.4788982,-0.31023517,-0.1255377,-0.5076776,-0.18036678,-0.10346443,-0.17209776,-0.262047,0.511515,-0.2696537,-0.24159417,-0.4291276,0.35783356,-0.18592152,0.851704,-0.22582477,0.26453578,0.010914326,0.39927846,0.11711797,0.21533185,0.21214058,-0.053614803,0.5001291,-0.4026036,0.6413301,-0.023309862,0.13108349,0.08282632,0.06665521,-0.22450964,-0.018223284,-0.06273264,-0.13199584,0.11931779,0.1468113,-0.0820245,0.09214878,-0.13448791,-0.26508054,-0.013036808,-0.41543525,-0.16622716,0.081710964,-0.34810412,-0.5819277,0.9015712,0.15890357,-0.28166196,0.24981238,0.103412606,-0.34592617,0.2033951,-0.59232897,-0.2512876,-0.006372447,-0.10674064,0.00616701,-0.48528114,-0.02604567,-9.870724,-0.5139425,-0.48964804,0.028819833,-0.0075518503,-0.31355712,0.41929847,0.38782594,0.1348953,-0.24226868,-0.1691011,-0.36373898,0.028609546,-0.47687623,0.001310864,0.37412903,1.0177625,0.35431615,-0.04827825,0.16536228,-0.41600937,-0.94579977,0.31817427,0.3007145,0.8248171,-0.29591298,0.25034186,0.03162387,-0.5119939,-0.38808677,-0.09211002,-0.59696037,-0.10601932,1.2174014,-0.018812539,-0.66466165,0.06335838,-0.4023709,0.27780488,-0.26206875,0.07201574,0.07119141,-0.0841243,0.26826867,0.9663881,-0.51053274,0.30084005,0.29535016,-0.021947052,-0.13997562,0.11228961,0.12729606,-0.25853315,-0.6195125,-0.51332873,0.39084205,0.4352378,0.7460562,-0.3813596,0.17925371,0.7797283,0.060576048,-0.37354237,0.4776517,-0.47375324,0.031585075,-0.7154,-0.7576727,-0.5178722,-0.20943056,-0.14646582,0.39673886,0.7411069,-1.1898464,-0.18428725,-0.52294904,0.039909963,0.48448345,-0.6325557,-0.45428112,-0.6502313,-0.6664469,0.49216163,0.17690557,-0.56434613,0.13532978,0.46172673,0.13823085,-0.44182473,0.26174116,0.17023693,0.09494072,0.6501701,0.1510902,-0.270683,-0.38518512,0.75208557,-0.6109449,-0.033952765,-0.18337874,0.24406898,0.5707954,0.083455436,-0.3186289,-0.8555001,0.068913765,-0.4532832,0.11721499,0.16534635,-0.16257173,0.1907181,0.11136057,-0.102188975,0.06684111,0.05946016,0.012841947,-0.11611339,-0.07902016,-0.055136267,-0.598321,-0.58484143,0.46825328,-0.873991,-0.6069441,-0.17728396,0.44320625,-0.6033266,0.29184026,-0.5011931,-0.060087174,-0.41949943,-0.47641513,0.13159135,-0.2007957,0.1124314,0.30685383,0.29209456,0.29023305,-0.32827878,-0.33094993,1.046335,0.7770479,0.16936801,0.09826562,0.60945356,0.05819672,0.30398694,0.24581417,0.36795068,0.528282,-0.07575143,-0.8659734,0.34364703,0.32279822,-0.30731776,0.1587171,0.61676097,-0.4510202,-0.339606,-0.907827,0.57647943,0.5412188,0.06223204,0.12604633,-0.10983577,0.019485405,-0.06937763,0.020701423,0.5642919,0.10588558,0.096034944,0.12962003,-0.17504317,-0.013569806,-0.19037063,0.2206143,0.3266367,-0.45027602,-0.29608187,0.2251693,0.46083105,0.34568062,-0.09761488,0.0654838,0.37189195,0.0075046457,-0.43111393,0.33900887,0.5696293,0.3001342,-0.58264357,0.30588636,0.13952526,-0.27997354,0.33598888,-0.59382296,0.34053534,-0.27266583,-0.11131352,1.1254214,-0.54129934,0.58106166,0.24577908,-0.109911405,-0.25327078,-0.13892733,0.31264818,0.5402023,0.30945188,-0.20652252,0.259667,-0.2741368,-0.85679793,-0.1041573,-0.16379623,0.16530254,-0.20823458,-0.22724882,-0.5780153,0.052529227,0.17169544,-0.013482035,0.032577958,-0.060429655,-0.12922685,-0.11146733,-0.14235467,-0.471789,-0.6910662,-0.29115808,-0.42406148,-0.7412727,-0.08500756,0.1925954,0.44140887,-0.24616916,-0.52224505,-0.17701803,0.076632224,0.100032605,-0.97935736,-0.5036829,-0.69788706,-0.7881731,-0.6384619,0.07833425,-0.30479074,-0.10244864,-0.105854586,0.21228224,-0.122579776,-0.26484662,-0.1331663,-0.5262338,0.38073766,-0.486857,0.38510263,-0.40706488,-0.19202888,0.61678535,-0.42542136,0.1377573,0.26721016,-0.24862535,-0.17244284,0.09503971,-0.018360067,0.664909,0.5510265,-0.2539472,-0.15437885,-0.06746416,-0.14262396,-0.097662345,0.44205356,-0.46504787,-0.5075495,-0.44890863,0.07964445,-0.41391876,-0.38752162,-0.50381994,0.5077492,0.685694,0.33447307,-0.010404511,-0.34843937,0.15507519,-0.34922165,0.14288229,0.6416249,0.3156825,-0.62493,-0.006164035,-0.49238488,0.4463485,0.61258715,-0.073960535,0.1688902,0.40195274,-0.29965818,0.17066444,0.60211813,-0.14460729,-0.21121801,0.13643593,-0.058988404,-0.20555769,-0.04849515,-0.11403534,-0.11529215,-0.5195166,0.52138096,0.59363306,0.8107209,-0.69329065,-0.59277874,0.14507598,-0.38173455,0.46161723,0.1992203,0.65342677,0.112201616,-0.28007668,-0.31596562,0.08150826,-0.14321755,-0.18070611,0.44787595,0.50191784,-0.12174372,-0.24481547,0.047889847,-0.28264403,0.38409528,-0.4246086,0.007745551,-0.13910015,0.058833703,0.3194915,0.20573759,0.06877586,0.25965485,-0.2570353,0.31113964,-0.18423168,-0.2931801,-0.40214428,0.21264982,0.36047715,0.13798083,-0.021206731,-0.03857131,0.37050304,0.1534391,0.3567851,-0.04754886,0.15188685,-0.30275717,1.057801,0.2159678,-0.087508395,0.41092372,-0.59605956,-0.016251089,-0.053528596,-0.29142368,-0.0009895206,0.007006042,0.07993774,-0.07727004,-0.24094827,0.37017837,0.14584355,0.043111917,-0.07826844,-0.20133646,-0.20575789,-0.5813129,0.30689698,-0.42310157,0.15808176,-0.27798367,-0.3894635,-0.14686303,-0.400778,-0.0725696,0.24667236,0.19857487,-0.3116849,-0.10150098,0.06646871,-0.08498154,0.27276254,0.4095185,-0.3061977,-0.6613176,0.08581461,0.739857,0.18355669,0.62737924,-0.2944752,-0.11118891,0.086771876,0.016050244,-0.207116,-0.059168253,0.6668156,-0.43386197,-0.30701122,0.07804842,0.25899255,0.01854245,0.50458455,-0.10755802,0.42733523,0.11077329,-0.54906607,-0.41822654,-0.11951683,-0.6524023,-0.8128464,-0.14534014,-0.2986947,-0.069301344,-0.6084745,-0.25647828,-0.16660053,0.045245558,0.09055076,-0.36274034,1.0173455,0.39625043,0.104184315,-0.59087336,-0.010401357,-0.0028876704,-0.2434991,-0.25056273,0.42621133,-0.22234944,0.2972847,-0.11164484,-0.28159273,-0.0071684634,0.065641165,-0.10228318,-0.26652402,-0.74420285,-0.07062009,-0.1442248,-0.04651647,0.29462373,-0.118421055,-0.024884112,0.05332593,-0.15333937,-0.8824011,0.42826343,0.15499355,0.0,0,0,1,0,0,0,0,0,0,0,0,0,0,0,1,0,0,0,0,0,0,0,0,0.0,0.0,0.0,0.0
0.2802617,0.3270443,0.53443927,-0.15551755,-0.061851565,-0.24544464,-0.06116142,0.76825976,-0.87684023,-0.09912146,0.18433654,-0.058505144,-0.28709763,0.2794109,-0.21376093,0.84889066,-0.17089146,0.05328569,0.0053007957,-0.011294036,0.30846927,-0.040502943,-0.109236896,-0.0019986748,-0.02131578,0.41080552,-0.40896052,-0.06975214,-0.42560333,0.21836457,-0.16574644,-0.077665545,-0.05292179,-0.05068127,-0.4630254,-0.17941251,-0.11461206,0.22303125,0.27855414,0.24227257,0.16464335,-0.44544366,0.24011979,0.0680402,-0.035827547,-0.20186035,0.1982753,-0.31792998,0.32242912,-0.45611137,0.057457123,-0.057986487,-0.3684875,-0.60110116,0.27636132,0.17735896,0.7159378,-0.5513504,0.16039468,0.32168445,-0.26491228,-0.30959758,0.19778377,-0.41147426,-0.21551834,-0.1573984,-0.23733482,0.07603171,-0.73703265,0.17473815,0.3574761,0.17600888,0.37006488,-0.10753182,0.04103589,-0.36930808,0.13477829,0.16862705,-0.50578576,0.043890033,-0.14130615,0.026699703,0.29804108,0.44505727,0.5177013,0.087862454,-0.29138404,-0.040746573,-0.30888602,0.85405153,-0.3647708,-0.103885375,0.12076716,0.07609353,0.39813215,-0.11909125,-0.31326944,0.08407895,-0.08674675,-0.078677155,0.43326673,-0.4890999,0.37221858,-0.018599473,-0.15306796,0.11247876,0.01409466,0.12022485,0.06270534,-0.17960349,0.3640413,-0.29923588,0.60301894,-0.4297289,0.5449913,-0.048061088,-0.45744747,0.07734611,0.34576565,-0.27550584,-0.6230474,-0.22584574,0.31404582,0.1395432,0.0972739,0.20942992,-0.051496077,-0.29793784,0.4184994,-0.052520704,0.18052638,0.024513884,0.19489565,-0.46069604,0.288049,-0.12669306,-0.027753523,-0.20246688,0.19689333,-0.35530517,-0.0022013632,0.33279732,0.23654075,0.21557637,0.35679364,-0.4810406,-0.28649032,0.1762981,0.2961272,0.21639958,-0.042083584,-0.0055968286,-0.34163558,-0.029665247,0.15432438,-0.29811397,-0.3341308,-0.057410654,0.26074064,0.3900553,0.044043943,-0.038813565,-0.058541533,-0.25583905,-0.009865805,-0.13472474,-0.085985735,-0.045923166,-0.3519859,-0.28453878,-0.07223718,0.051927757,0.4121418,-0.11337833,0.67936355,-0.206908,0.44214112,-0.29095116,0.20583472,0.6888526,-0.33523387,0.010500879,0.5522732,0.22558603,0.15380736,0.18524121,0.3369534,-0.5574411,0.754052,-0.103546314,0.14470011,-0.06858996,-0.00038918018,0.022191131,0.0652891,-0.08074103,0.3017586,-0.8381985,0.43787053,-0.24757652,-0.12125302,0.2225223,-0.041765045,-0.29129025,-0.27903762,0.8623142,-0.00352961,-0.07616778,-0.32352445,0.25766456,-0.014221324,0.31432238,-0.37407628,-0.13214433,-0.16936654,0.09087184,-0.013329909,-0.20387316,-0.2920647,0.15477106,-0.27072677,-0.19633353,-0.5495676,-0.26830977,-0.1580933,1.306961,-0.011986788,-0.6688594,0.9383608,0.5043064,0.29055676,-0.15694341,0.07716328,-0.20066057,0.31183124,0.49100715,0.22953011,-0.32300526,-0.16683033,0.28152522,-0.65861845,0.5086275,0.27347034,-0.1061059,0.2555529,0.5483576,-0.041054517,-0.8860707,-0.18879454,-0.119947225,0.0623387,0.11148362,-0.048267208,-0.3942011,-0.035940755,-0.110625245,-0.08906824,-0.49105608,0.12127596,-0.2148056,0.12735039,0.018313246,-0.0020921028,-0.40423435,0.40047088,-0.44816884,-0.2192678,0.5982475,0.2767485,0.025718717,-0.008559461,0.38524663,0.27341458,0.5601093,0.06434447,-0.18137586,0.25051072,-0.10233651,0.36126232,-0.4665666,-0.004423098,0.3814876,-0.44033912,0.19516133,-0.5840083,-0.12597731,0.55505913,0.2945074,-0.030678466,-0.44422305,0.38745686,-0.4075305,-0.6607181,0.11535475,0.53277403,-0.31096104,-0.01827588,0.4582975,-0.8634586,-0.41988593,-0.21049568,0.23736265,0.045706198,-0.280145,0.012856156,-0.13385318,-0.58722985,-0.29789636,-10.039914,-0.046207637,-0.22706589,0.028856492,0.52589065,-0.33812097,-0.10948685,-0.09510732,-0.5881881,0.18182655,-0.118806906,-0.49225438,-0.27838394,-0.500502,0.08537922,-0.48534793,0.34394783,-0.11761427,0.014750579,0.4864932,-0.07548767,-0.70528024,0.73197985,-0.030909793,0.075065196,0.48254555,0.19093338,0.03150636,-0.2007789,-0.16288108,-0.688543,-0.05063783,0.03649469,0.36750618,-0.11575678,0.0762744,-0.2259232,-0.40599552,0.19580153,-0.23413163,0.20679162,-0.34126496,-0.38351586,0.282429,0.49373236,-0.13706988,-0.19111013,-0.45857486,0.07132324,0.07049186,0.08766757,-0.17304946,-0.033059113,-0.7145042,0.022957876,0.07436185,-0.22370954,0.82981193,-0.25593537,-0.57368356,0.6664714,-0.18687724,-0.6871633,0.07429429,-0.11557534,0.309732,-0.4504674,0.006913271,0.3022002,-0.025077358,0.08751937,0.7753348,-0.19634539,-1.5878131,-0.20417638,0.38443324,-0.08452933,0.16392379,-0.33325988,0.009736652,-0.3566536,-0.6208175,0.18915012,-0.28867912,-0.42649218,-0.38155973,-0.73488516,-0.29701036,-0.51811403,-0.16244043,0.32405785,-0.03943169,0.21719147,0.046125688,0.6018894,-0.2903839,0.51461405,-0.14101343,-0.03456728,0.66128385,-0.004041455,0.018006187,0.5498946,0.009649878,-0.12521736,-0.06578325,-0.11741385,0.15250751,-0.02066976,0.10865545,-0.079564065,0.046445716,-0.29872468,-0.00796826,-0.35881248,-0.41937792,0.029322512,0.65902346,-0.2427966,-0.3111881,-0.1274144,0.42442897,-0.08787185,-0.24596043,-0.38061428,0.04355196,-0.010314295,0.02433938,-0.24379183,-0.11225176,-0.18177436,-0.466747,-0.20459682,-0.33345345,0.038675744,0.197358,-0.0326712,-0.6092833,-0.52622664,0.05031393,0.5052938,0.394031,0.43909836,0.15392786,-0.016306648,0.25288138,-0.061372235,-0.30651197,-0.148356,0.22935921,-0.4277915,-0.7860895,0.116276436,-0.46316463,0.4042679,0.32031658,0.25588802,-0.657752,0.26923653,-0.28689653,0.42923027,-0.3753237,0.15992363,0.19713332,0.108886346,-0.2891085,-0.07096693,0.0114238355,-0.27425495,-0.12978643,-0.1653351,0.6031181,0.14156571,0.072444394,-0.006365759,0.23194332,0.119126804,0.06894408,0.32335865,0.81232095,-0.045607686,0.22802353,-0.029737955,-0.15777412,0.22350562,-0.053667955,-0.10137953,0.10436841,-0.26976642,0.13705851,-0.7473337,0.040968433,-0.08128729,-0.24931616,-0.31331825,-0.23586021,0.37581256,0.26396766,0.116704985,0.04140348,0.16240111,-0.46477702,-0.13067944,0.2210915,-0.3235298,-0.21750547,0.28666738,0.0019810607,0.104924604,0.24829887,0.05708834,-0.73940694,-0.06444668,-0.10012047,0.1422866,-0.42854762,-0.15382072,-0.03704776,-0.793105,0.0702786,-0.3375518,-0.08300948,-0.111283585,-0.06624605,-0.33894387,0.1438998,-0.30341944,-0.062572606,-0.024196027,-0.119131535,0.31052265,-1.8907264,0.20610386,-0.034091696,-0.19884178,0.050991677,-0.0043860907,0.52947164,0.028635854,0.009870647,-0.10048079,-0.4883202,-0.2278083,-0.1944115,0.20190853,0.18754433,-0.034428246,0.08905229,-0.030213324,-0.08872607,0.55460316,-0.18968424,-0.3772385,-0.3068483,-0.0020033466,-0.20290843,-0.6021993,-0.20555103,0.29856268,0.37196627,-0.17951412,0.07976323,-0.19107245,-0.25811368,-0.059667412,-0.018155184,-0.1342494,0.4587568,0.1896276,-0.19166785,-0.25795698,-0.40694946,0.39423856,-0.06761115,0.0104804225,-0.27741292,-0.505782,-0.69136655,0.24916805,0.041128732,-0.025329614,0.30401105,-0.16743998,0.028705357,-0.12558,-0.29043525,-0.32507586,0.45417422,0.23799272,0.32402402,0.26215428,0.34845027,-0.3883168,0.4760572,-0.22058976,0.08951997,0.8534658,-0.36765757,-0.049370326,0.2236461,-0.34136215,0.02092009,0.12643968,0.15246628,-0.083744854,0.12871668,-0.02774338,-0.17426448,-0.23989195,0.095869094,-0.36796677,-0.19532086,0.55539984,0.477415,0.03228694,0.11362856,-0.26587448,-0.010275472,-0.2923038,0.03608485,0.17253767,-0.069678545,0.47321862,-0.0017025666,0.28998393,0.07868136,0.11582869,-0.621706,0.057416536,0.50129765,-0.26642966,0.64430255,0.045125894,-0.1687636,-0.14433624,-0.36085507,0.18761286,0.09903015,-0.06706264,0.20861392,-0.083250016,0.14253803,0.25981662,0.3841036,0.51213723,-0.29067975,-0.37904817,0.20035265,0.59836864,0.09267908,-0.2933529,-0.1616912,0.12776047,0.0476338,0.92910594,-0.24507956,-0.10749312,0.19956596,0.2066266,0.46067178,0.17143148,0.16950497,-0.1096121,-0.4387957,-0.06086958,0.008171916,0.18613459,0.11417245,-0.14705354,-0.12044381,0.38638684,-0.15085375,0.2113892,0.12959336,-0.44473648,0.081927344,-0.120214604,0.432171,-0.08328277,0.10289464,0.31700805,0.004006248,-0.11521402,-0.22246508,0.2973266,-0.33790338,-0.61825824,-0.045693774,0.0002929791,-0.1796569,-0.50824475,0.1882047,-0.14992644,-0.012809301,0.2158075,-0.36127174,0.358333,0.24140221,0.12162906,0.24595681,0.2871585,-0.12972572,-0.22447704,0.19669552,0.27178726,-0.062667616,-0.29328597,-0.21356453,0.43034577,-0.13356096,-0.10751694,0.25041068,-0.07678199,0.5901773,-0.23608512,-0.12095043,0.07153079,-0.35338765,-0.40979853,-0.28306496,-0.58211803,-0.30794787,0.11567905,0.03501181,0.15988187,-0.29428452,-0.26874337,0.018705964,0.043868665,-0.21254925,0.23534347,0.4765956,0.097356044,-0.71361434,-0.42666245,-0.1428374,-0.22241522,-0.40488014,-0.2131345,0.15008911,0.45667303,-0.21684632,-0.060703874,-0.27082118,0.10179529,0.28473353,0.5124552,-0.19114543,-0.5870676,-0.042406186,-0.849793,0.10726516,-0.3801662,-0.001032241,-0.22325741,0.09083987,-0.56008893,-0.29945803,0.12098136,-0.24395446,-0.075,0,0,0,0,0,0,0,0,0,0,2,2,0,1,5,0,0,0,0,1,0,1,0,-0.125,0.0,-0.1,0.0
0.2699256,0.4573404,0.4606698,-0.29019,0.13721585,0.19239323,0.04153981,0.65193975,-0.30601883,0.012560074,-0.009443082,-0.33397853,0.07231774,0.5251334,0.07257348,0.817946,0.11467252,-0.014632152,-0.124640375,0.19392352,-0.02144784,0.23851386,-0.20404337,0.0748732,0.31253865,0.48488608,-0.054899346,-0.27691472,-0.41295204,0.10756454,0.18587609,-0.0052878764,-0.4336176,-0.40482572,-0.9301416,-0.37220246,-0.1457331,0.05246931,0.5809467,0.34613132,0.29508057,-0.3510391,0.15630284,-0.12612511,-0.48194337,-0.26729095,-0.055330332,-0.51687586,0.18792138,-0.711056,-0.77270484,0.042762514,-0.3101768,-0.5051744,0.22809064,0.6672434,0.60657793,-0.23392795,0.14348458,-0.09679543,-0.1250805,-0.3151786,0.11590022,0.092191786,-0.4701992,-0.2692267,-0.2585545,-0.07931486,-0.93287575,0.07847622,0.39462972,-0.08639247,0.6844951,-0.20759825,0.058602992,0.2627645,-0.08523449,0.30637205,-0.11281232,-0.36310005,-0.2066187,0.13930601,0.78427315,0.39146084,0.7077184,0.012135235,-0.11502243,-0.17776075,-0.6344683,0.82275033,-0.14034824,0.005227639,-0.03602208,0.081376106,0.7411341,-0.3778485,-0.50428015,0.006281859,0.020964554,-0.21578287,0.27328655,-0.88460135,0.28930128,-0.071306325,-0.40261325,-0.037039906,-0.37896714,0.067915834,0.30592433,-0.069774956,0.39882526,-0.06550211,0.23889393,-0.33815098,0.45543304,-0.11117794,-0.46538112,0.5935452,0.43913937,0.08453053,-0.5177398,-0.05557846,0.4729221,0.0363667,0.08794632,0.17724808,-0.1556299,-0.22982898,-0.13848905,0.35770154,0.64452523,0.49259174,-0.009992871,-0.1849096,0.14318013,-0.4203998,-0.052374095,-0.107202604,0.11201878,-0.50937444,-0.24515763,0.0006646955,0.038619712,0.11483155,0.20901127,-0.23031002,-0.42961258,0.27278858,0.19452877,0.46613076,0.02490059,0.23589863,-0.22641283,-0.3633367,0.250698,-0.23661977,-0.59148747,0.1695094,0.20733385,0.8092242,0.004149756,-0.08795441,0.19262224,-0.25188154,0.42182678,-0.32886207,0.2966633,0.39596832,-0.26641557,-0.46519032,-0.081362076,-0.80109483,0.5500049,-0.07871814,0.5456181,0.2886039,0.27624166,-0.5442334,0.120833606,1.0503596,-0.4897548,0.08291047,0.3434696,-0.30323088,0.5366467,-0.22774485,0.66175497,-0.72127473,0.62778,0.2325069,-0.076062515,-0.15566471,0.07821408,-0.22354434,0.4953899,-0.53375316,-0.2548256,-0.66794705,0.6519459,-0.04188499,0.07963003,0.20538925,0.22892599,-0.8287451,-0.40852004,1.0717771,0.08133305,0.02335546,-0.97457194,0.015466664,-0.1157405,0.6867039,-0.34864524,-0.23949474,-0.12353098,-0.28386268,0.2899724,-0.0741626,0.24912424,0.100462906,-0.67350787,-0.6240039,0.078132644,-0.035720326,-0.54396105,1.4560508,0.2938822,-0.9010007,1.2514625,0.0705341,0.03426189,-0.37695274,0.15014654,-0.44267002,0.27058345,0.42862117,-0.05107185,-0.5111499,-0.31707045,0.72753257,-0.78052,0.6423825,0.2423672,-0.27137834,-0.24817562,0.5574306,0.32279605,-0.83440286,-0.41139954,0.2076538,-0.19379187,-0.052941635,0.13286367,-0.18429491,0.104814336,-0.40225655,0.12157068,-0.3210828,-0.2172023,-0.16260874,0.09503955,-0.03327487,0.16647166,-0.41170245,0.29470247,-0.10069664,-0.41355294,0.6190939,0.39511275,0.32533002,-0.36197126,0.3079715,0.10730532,0.32009017,-0.3680008,-0.5404323,0.46236688,-0.20528282,0.25989944,-0.16175018,-0.21054718,0.33331072,-0.30318382,-0.14787135,-0.020625973,-0.4216825,0.67569053,0.25138974,0.026478373,-0.28556028,0.2888453,-0.18433541,-0.2196579,-0.26329997,1.2431525,-0.021140564,-0.3760651,0.3946454,-0.7792314,-0.1784554,-0.1815855,-0.012095233,-0.085301034,-0.32553223,-0.073285334,-0.30067414,-0.8154077,0.13389906,-10.933149,-0.115259,-0.15495268,-0.240933,0.2925884,-0.025534105,-0.21033178,0.07840182,-0.66212213,0.14526352,0.09351073,-0.19628492,-0.29504144,-0.57405686,-0.023334563,-0.4874283,0.5955036,0.49554732,-0.6139673,0.39776772,-0.5052676,-0.44596767,0.72718954,0.21089017,0.6929155,0.23884149,0.1461083,-0.0016105871,-0.2116832,-0.0030869842,-0.24598491,0.28146452,-0.042530637,0.9921003,-0.13905655,0.2366444,0.49322894,-0.7717109,0.117556,0.010320214,-0.14628072,-0.5635622,-0.48230302,0.058281366,0.6733693,-0.17466706,-0.654669,-0.054152127,-0.041474443,0.00044005513,-0.10874843,-0.2109568,-0.14166638,-0.7469023,0.06469305,0.079153754,-0.0369976,0.7217405,-0.21465118,-0.41712856,0.9347667,-0.08969548,-0.5549237,0.33717757,0.009640614,0.017527781,-0.4971442,-0.12390354,-0.21450274,0.12913029,0.046293356,0.4594445,0.060824264,-1.1088136,-0.21007444,0.04947165,-0.0035346546,-0.111262605,-0.12782222,0.12740457,-0.848424,-0.8145261,-0.03487465,-0.16924417,-0.81953436,-0.2483656,-0.38657176,-0.3411677,-0.2218617,0.42099643,0.21369687,0.3269461,0.2881273,0.1061887,0.42498952,-0.06305994,0.6059095,-0.31779018,-0.1618886,0.45671597,-0.08024177,0.25703877,0.5876267,0.050653473,-0.46222118,0.27200386,-0.76742345,0.22191851,0.10545176,-0.09497813,-0.34558427,0.17690875,-0.22096886,-0.04525776,-0.33936676,-0.1587531,-0.28763583,0.43480572,-0.27840203,-0.4112407,-0.48013824,0.9217477,-0.3366303,-0.83926153,-0.42128077,0.18388174,0.20155749,-0.04914837,-0.2734172,0.14013143,-0.09852855,-0.1831262,0.13119683,-0.67232347,-0.17940639,-0.0814698,-0.18435833,-0.22557797,-0.8149401,0.4235251,0.9174565,0.06647693,0.6873305,0.23760232,-0.052303005,0.10713542,0.00795648,-0.324876,0.14604217,0.3541137,-0.28739512,-1.1516294,0.3521971,-0.52826476,0.289166,0.083071634,0.56500465,-0.8161619,-0.31406525,-0.6426797,0.74463433,-0.2781419,-0.070960455,0.15969165,0.21850336,-0.29365775,-0.049481533,0.13611513,-0.059387807,-0.4652718,-0.07732774,0.47696987,0.20221691,0.18594822,0.2636046,0.23574722,0.59613115,-0.31876767,-0.13766706,0.31353575,0.4292481,0.61316776,0.020923076,-0.47913647,0.058507115,-0.5145304,-0.04506865,0.729878,0.041029796,0.39728925,-0.6605349,-0.0005058119,0.015624839,0.07094078,-0.09747598,-0.20193563,0.22882982,0.14449169,0.24675328,0.6602759,-0.088558175,-0.15016975,0.16590515,-0.17979832,-0.39705518,-0.078243494,0.06414151,0.54733515,0.506191,0.3103531,0.24135624,-0.34021038,-0.7152417,-0.39167145,0.21209978,-0.5595332,0.2993547,-0.44905704,-0.56140405,-0.21156843,-0.0494072,-0.38809833,-0.57200724,-0.28032655,-0.37734306,0.13715708,-0.3923435,-0.5352728,0.24820952,-0.22101401,-0.0015503683,-1.7881137,0.38949558,-0.036048267,-0.08213984,-0.23460561,0.11781375,0.52424943,-0.13849182,-0.28508455,-0.2881396,-0.74710494,0.248059,-0.43962482,0.25430492,0.24903384,-0.041769944,-0.2879135,-0.3040457,0.13840306,0.55369437,-0.58343995,-0.4444211,-0.35021523,0.1584968,-0.5027837,-0.37690765,0.23611967,0.21984558,0.5238707,-0.22023155,-0.35806906,0.030702675,-0.10341465,-0.26090512,0.17529431,0.16091222,0.39073974,-0.15515772,-0.46917182,-0.391136,-0.5943644,0.18511993,0.42611992,-0.16799212,-0.60805726,-0.43903294,-0.58698076,0.5189695,-0.19792584,0.0885031,-0.15162718,0.064695984,0.20940036,0.29574046,-0.13074076,-0.21512815,-0.0029626375,0.15503286,0.13850136,0.076898366,0.5952936,-0.8149561,0.20684546,-0.015593759,0.1409725,0.43405926,-0.15113331,-0.4803021,0.18629356,-0.39613116,-0.40488872,0.40833366,0.2565364,0.17989103,0.12500462,0.13481046,0.043205,-0.2479239,0.028733969,-0.9992685,-0.30777717,0.3806414,0.3844555,0.12698509,-0.27549192,-0.26089326,-0.34139225,-0.25605425,0.040895,-0.25047624,0.20807295,1.093466,-0.2361591,0.55225515,0.17852156,0.21944515,-0.3209366,-0.19083405,0.4278746,0.078126565,0.6088625,0.31878388,0.014125402,0.16242084,-0.28473008,0.025082182,-0.30930623,-0.2544456,0.3913781,0.13863465,0.35754344,0.24311528,0.15746665,0.3095017,-0.06585804,0.0035842499,0.4049268,0.424864,0.36662555,-0.26645336,-0.19524062,0.2400057,0.044305377,0.79593515,-0.09125665,0.04127596,-0.25482476,0.19714649,0.7637215,0.47210258,0.3027636,0.45747802,-0.48978168,-0.08058724,0.31758836,-0.0025191912,0.16321762,-0.03918518,0.12499204,-0.06900552,-0.49718186,0.3354064,0.5719254,-0.4603855,0.14705259,0.15490772,0.13460961,-0.37503377,0.0778367,-0.19958605,0.39724347,-0.04695123,-0.4445786,0.4425596,-0.57219535,-0.02081258,-0.084314965,-0.346983,0.24908578,-0.29925427,0.35817638,-0.35683304,-0.24617489,0.06323689,-0.3566901,0.13813603,0.17728418,0.48435304,0.062777475,0.30480185,0.10569178,-0.26823473,-0.252256,0.040486857,-0.028647253,-0.24443795,0.16499881,-0.056266688,-0.09251937,0.534424,0.009544933,-0.0109239435,0.52417827,-0.107951805,0.14210378,0.3641346,-0.36184463,-0.6741076,-0.08833413,-0.49149868,-0.40876865,-0.1779371,0.051608525,0.020943776,-0.2048437,-0.31518912,-0.23899144,-0.02252309,-0.3126076,0.06703429,0.5574496,0.45841542,-0.37904578,-0.61697584,-0.21270713,-0.12205598,-0.5993138,-0.4159055,0.46804658,0.48928794,-0.31276876,0.18731433,-0.06984745,-0.20862702,0.35345745,0.018997293,-0.16235802,-0.65783334,-0.5925021,-0.63530576,-0.26554424,-0.691577,-0.2738032,-0.4138011,0.3785789,-0.3892509,-0.5210755,0.27782375,0.41387185,0.0,0,0,1,0,0,0,0,0,0,0,0,0,0,0,0,0,0,0,0,0,0,0,0,0.0,0.0,0.0,0.0
0.10090243,-0.4151407,0.66472036,0.11654891,0.53221995,-0.0519174,0.2627405,0.5068274,-0.44504967,-0.47883758,-0.4748505,0.12971325,0.04899132,0.22711352,0.19125718,0.34510738,-0.4178197,0.5357541,0.12506142,0.5349303,0.48890457,0.1565682,-0.3698767,-0.08131922,0.61906266,0.06601912,0.15824695,-0.3602684,-0.9381731,-0.32312697,0.051472828,0.07358133,0.5126648,-0.259608,-0.46032602,-0.7007857,-0.17262903,-0.22306655,0.4138622,0.6001921,-0.23122612,-0.2849212,0.49319988,-0.21883108,0.16245343,0.33750394,-0.09059039,-0.3880225,-0.020618124,-0.12163953,-0.85199773,-0.033710487,0.22214045,-0.08486584,0.3931746,0.05215847,0.5164451,-0.6282712,-0.34265658,0.29340345,-0.19293232,0.16915755,-0.005616246,-0.0051180627,0.15884614,-0.10499919,0.18533434,0.528407,-1.1554681,0.3638086,0.44156188,0.44091788,-0.014956815,0.19234945,0.16867727,0.35490155,-0.41580945,0.7115963,0.21090378,-0.20436275,0.07889875,0.28672937,0.95463544,-0.056724355,0.19462927,0.22013924,0.11076908,0.16900805,-0.66028327,0.6893951,-0.17580794,0.19639617,-0.07378147,-0.07251679,1.2588117,-0.3888464,-0.6967593,-0.3932852,-0.15642512,0.14225917,0.3168518,-0.34843877,-0.030115284,-0.31658563,-0.21510337,0.06781991,-0.81421953,0.03201417,0.32099524,0.49101388,-0.244522,0.6328508,0.41042367,-0.8065574,-0.14499089,0.043801025,-0.26362374,0.46236026,0.38448617,0.009976799,0.15200937,0.6488138,0.31438458,0.41606387,0.6240366,0.3478708,-0.037872422,-0.24898207,0.5303319,0.3808338,0.7771742,0.54044104,0.21004412,-0.26128873,0.23489882,-0.21264772,0.061265368,-0.052032042,-0.053525135,-0.2839161,-0.24007936,-0.061871506,0.37221715,0.121562764,0.53496134,0.14614211,-0.18058214,-0.3845613,-0.3659203,0.26591802,-0.20855501,-0.18258081,-0.39473778,-0.006145797,0.002309957,-0.02203559,-0.10418354,-0.04226799,0.079123236,0.11773861,0.24117649,0.39266312,-0.23733222,0.13990954,0.057047624,0.100413434,-0.015123303,0.3342826,0.13376026,-0.043903977,-0.035721444,-0.5339709,0.10566688,0.050745696,-0.024567556,0.30710518,0.12722623,-0.4091301,0.14436378,0.8030148,-0.68580705,0.0215642,0.15455957,-0.68254125,-0.2594295,-0.11165087,0.7495754,-0.8406318,0.5135303,0.40600845,-0.6236657,-0.3173169,-0.042521477,-0.2519882,0.780514,-0.3824011,-0.56314135,-0.1695368,0.68073213,0.064489864,0.70863456,0.004014352,-0.008909338,-0.37433994,-0.8294832,0.11173174,-0.08964628,-0.53738433,-0.597783,0.25867617,-0.35407463,0.342123,0.0058319587,0.37716582,0.21722814,-0.0024915463,-0.12228697,-0.7628735,-0.11553792,0.47267342,0.00851883,-0.5353627,-0.123395644,-0.049564928,-0.048970398,1.1484452,0.11929798,-0.4191786,0.89795333,0.19295196,-0.25043422,0.19975065,-0.024476105,0.049126092,0.38052472,0.3681687,-0.18441924,-0.52584195,0.03658106,0.06759326,-0.3522096,0.3573098,0.38001105,-0.17694205,-0.07543008,0.2241397,-0.14557242,-0.41157618,0.048896495,-0.38072002,-0.113937356,0.1380452,-0.6340503,-0.46841136,-0.11142689,-0.20782438,-0.0453416,-0.43184578,-0.61922216,0.61435884,0.25818187,0.23131403,0.12467009,-0.046961326,0.13641526,-0.6812203,0.3399117,0.28135324,0.6203173,0.43933758,-0.18116154,-0.66361266,-0.2926279,0.51238084,-0.12937346,-0.23964448,-0.04367968,0.21141197,0.15271598,-0.32535768,-0.15617985,0.3442357,0.42480683,0.012430941,-0.15899503,-0.19714677,0.62884855,-0.2586497,-0.7305352,0.11843297,-0.6363223,0.36639148,-0.43222895,-0.06631896,1.2278115,0.57696974,0.1296114,0.4613833,-0.22090791,-0.23819108,-0.08806584,-0.30978712,-0.046221253,-0.5923839,0.1696747,0.25182188,-0.7001402,-0.7526374,-6.2350426,-0.19045952,-0.40766394,-0.3426585,-0.39131823,-0.471647,0.32399976,0.008736473,0.10369969,-0.15699112,-0.2412151,0.11426235,0.19767599,-0.43727967,-0.25392947,0.43213928,0.6981225,0.2677067,-0.22164963,0.015335309,-0.3817246,-0.4129903,0.305202,-0.035164326,0.52319485,-0.060170617,-0.09818156,0.011913892,-0.24184759,-0.3229764,-0.096733294,0.018998276,-0.0659728,0.64102197,-0.31609893,-0.46985695,0.051920425,-0.48550278,0.39451677,-0.51629615,0.27888635,-0.23574576,-0.08678282,-0.101324454,0.86739814,-0.8763476,-0.04415987,0.38750336,-0.078926,0.36073816,-0.20501444,-0.5650983,0.038391527,-0.39657813,-0.34104934,-0.045203783,0.3801757,0.78462166,-0.43989354,-0.18485494,0.4324894,-0.35743526,-0.28736883,-0.20154585,-0.5267219,-0.308589,-0.85409623,-0.60558337,-0.45905876,-0.2718897,-0.54670584,0.472463,0.17928655,-0.9786203,-0.060005046,-0.3383684,0.0316636,-0.01204399,-0.8058711,-0.3660112,-0.5577273,-0.29886073,-0.065451816,-0.010748407,-0.57370913,-0.2269777,-0.30062264,-0.9909957,-0.5142427,0.31302267,-0.28550637,0.1517974,0.13812551,0.19872421,0.076990135,0.090123594,0.81760156,-0.573213,0.05022355,0.070301436,0.39925933,0.07719028,0.6322118,-0.30490163,-0.5340155,0.033333197,-0.5804456,0.025139993,-0.0015866606,-0.09753087,-0.1786088,0.0194215,-0.48427495,-0.18604502,-0.6096635,0.011775699,0.024391737,0.17316043,0.44164908,-0.74032944,-0.66442317,0.14418076,-0.14602758,-0.46382105,0.5043648,0.20469269,0.000700102,-0.15717164,-0.045309328,-0.22379692,-0.17054236,-0.26434895,0.12876242,0.044168044,0.006021119,-0.6468421,-0.03696974,-0.2426408,0.2088753,0.15486938,-0.1495372,0.39407048,0.29609296,-0.1699408,0.365387,0.02830928,0.16160843,0.24172851,-0.052236266,0.08844696,-0.65660775,-1.0081023,0.119561434,-0.17534871,-0.09969632,-0.11909256,0.18389054,0.088581085,-0.1087409,-0.5618347,0.09914385,-0.14566354,-0.29628572,0.35210437,-0.095699556,0.18936916,0.38908276,-0.029127197,0.21980481,-0.69578665,-0.2637673,0.45747003,0.13317923,0.1297775,0.32075715,0.29929513,0.25474423,-0.24681573,0.13455579,0.6783412,-0.12621908,0.031993765,0.009713877,-0.25393865,0.3596474,-0.035696298,-0.12628469,0.4554502,0.7925721,0.4797549,-0.7435156,0.79964674,0.107805125,-0.59283483,0.2634474,-0.7011664,0.43514717,-0.030547375,0.056736145,0.26962823,-0.5278786,-0.21275453,-0.8870605,0.43483996,-0.2132982,0.19274682,0.4757376,0.29472417,0.3038755,0.12908815,-0.10947266,-0.43918887,-0.27128273,-0.6382539,0.13164999,0.08963093,-0.27929175,-0.12723881,-0.37702835,-0.034571856,-0.0861348,0.24061543,0.36052552,0.27909276,-0.10647753,0.39930466,0.5764395,-0.2698281,0.023897292,0.038985536,0.10344371,-1.3000113,0.07929977,-0.23098388,-0.1283122,-0.10319385,-0.91283256,-0.26201648,-0.15448086,-0.622849,-0.3704413,-0.6783319,-0.39518204,-0.826467,-0.3686692,-0.2633973,-0.45383275,-0.0994371,-0.41081274,0.2594469,0.20179497,-0.3993493,-0.060905132,-0.47424197,0.5764505,-0.36493436,-0.2186458,-0.31878576,-0.19791132,0.4707415,-0.013951863,0.5824469,0.17127807,0.43784627,0.27910957,0.2719748,0.035723466,-0.23053685,0.15322497,-0.6241529,-0.2424726,0.20385402,-0.18319696,0.61963046,-0.069275424,-0.52856755,-0.062451936,-0.12078148,0.203507,-0.003506653,-0.506922,-0.03423824,0.48689708,0.2900562,0.58728194,-0.28279248,-0.28116128,0.2171031,0.35347253,-0.19351006,0.09733109,0.326577,-0.34334233,0.0014204559,-0.14365326,0.7044884,0.57694125,-0.14001347,0.44766903,-0.007160576,-0.2596942,0.22113119,0.56841314,0.111955926,-0.27655768,0.34730992,0.25445646,-0.2856033,-0.2167394,-0.3856031,-0.21902168,-0.33665696,0.66347235,1.0121891,-0.037336543,-0.071430184,-0.7552495,-0.11257447,-0.40566444,0.022802839,-0.10133247,0.25155476,0.607006,-0.01963228,-0.20717326,0.016450819,0.05610476,-0.23246738,0.3874765,-0.07534092,-0.2823764,0.029860575,-0.017295357,0.25776613,0.46376854,-0.4143155,-0.20432007,-0.030081859,-0.29601192,-0.26204622,0.21517387,0.44754562,-0.37917876,0.34338474,-0.008765841,0.36216038,-0.33001578,0.13637616,0.22530575,0.25721824,0.3070804,0.16460508,-0.33201045,0.31186917,0.1794083,-0.17130525,0.5878967,-0.135572,0.26436538,0.5222903,0.41544548,0.15431152,-0.043664742,-0.65218306,0.01182385,0.15831852,0.32603306,-0.28899822,0.18359041,0.30930877,0.2774395,0.2432391,-0.15403038,-0.2773136,-0.31382298,-0.21639699,0.18984486,-0.097336836,-0.6206606,-0.016633205,-0.3907711,-0.3043993,-0.5871878,-0.031052819,0.3074803,-0.59937155,-0.26443213,-0.12676974,-0.026648063,-0.38184795,-0.24450181,0.3366184,0.28223372,-0.31473857,-0.029026859,-0.3089683,0.019094858,0.3353513,0.6179723,-0.13527209,0.18089716,-0.3846822,-0.16137008,-0.22212034,-0.030092707,-0.09431281,-0.07664423,-0.16072096,-0.6857554,0.05841075,0.11898831,0.34556583,0.013998222,0.2379343,-0.11203501,0.36360368,0.56390953,-0.0022360333,-0.45784554,-0.11699778,-0.04489929,-0.21153438,0.19591515,0.27557954,0.16598004,-0.903749,-0.61073923,0.09715955,0.115095116,0.122998945,-0.42785987,0.36054596,0.37050307,0.278386,-0.69304925,-0.43609166,0.05759082,0.5888765,0.09772705,0.18966614,-0.83265823,0.023595503,0.28102687,-0.11027546,-0.37803876,0.2516394,0.1507184,0.1040906,-0.7944295,-0.68576074,0.15467812,-0.06218578,-0.51330763,-0.4723324,0.36498085,0.10683499,-0.49020684,-0.45475543,-0.34738836,0.12529384,0.0,0,0,1,0,0,0,0,0,0,0,0,0,0,0,1,0,0,0,0,0,0,0,0,0.0,0.0,0.0,0.0
-0.06338218,-0.27369815,0.61942315,-0.1701882,0.12796903,0.21647537,-0.13602266,0.1630575,-0.10010149,-0.02183332,0.6143367,-0.23749468,0.3437415,0.5446732,0.11867302,0.051097035,-0.16705361,0.058653854,-0.022524763,0.03840073,-0.0077375723,-0.16872482,-0.041449457,0.2822965,0.13982482,0.17411628,0.22472218,-0.22635438,-0.5777809,0.12544808,0.2732507,0.14719106,0.08742749,-0.10158709,0.2641412,-0.38980418,-0.4792862,-0.5236059,-0.27517787,0.2711006,-0.24266088,-0.11591186,0.35638428,-0.14857982,-0.32385907,0.14537825,-0.24119957,-0.376428,0.39560425,-0.47843474,-0.39618385,-0.3135358,-0.2789155,-0.31875002,0.0046046646,0.4087909,0.25380367,-0.5649784,-0.38129014,0.09405011,0.26944074,-0.36191392,0.12547787,-0.36735928,-0.2788911,-0.32991898,0.45002678,0.39425465,-0.6377021,0.26961276,0.28967702,0.25373217,-0.120279185,-0.15110247,-0.3077742,0.07810343,-0.22708768,0.3131667,0.093721695,0.31285974,-0.517895,0.07339953,0.121558666,-0.2686269,0.09981552,0.38913003,0.025959112,-0.21134104,-0.035905886,0.69018745,-0.25669387,0.07063829,0.029631447,0.121637546,0.1236106,-0.55175626,-0.42903107,-0.29948974,-0.15222096,-0.0771952,0.45555225,-0.33391812,0.072262876,-0.16460542,0.0009223622,-0.2584623,-0.3407357,0.109104365,-0.19393255,0.2737614,0.016105654,0.00069669366,-0.018548062,-0.41686517,-0.17160456,0.26453,-0.40168995,0.2745332,0.707532,0.010421249,-0.25894862,0.775384,0.19304799,0.112485036,0.13872455,-0.054666925,0.44555295,0.077844165,0.14529356,0.114739545,-0.09910702,-0.24822019,0.4591777,-0.052292895,0.267086,-0.253274,-0.08207529,-0.029932864,0.083121255,-0.591362,-0.23196381,-0.4671797,-0.013820758,0.27039585,0.38565892,-0.13074434,0.32798955,0.02474146,-0.1979188,0.17288332,-0.31247056,0.16691172,-0.5409876,-0.2688195,-0.32126498,-0.4654804,-0.38429397,0.25280175,0.099565,0.38578862,0.67116934,0.33362088,0.29365525,0.26771292,0.10451075,0.20140173,0.19837447,0.6478603,-0.39444068,-0.39492843,0.017281806,-0.2793279,-0.060484234,-0.12163871,0.5597223,-0.0003890241,0.07022616,0.14897367,0.42524555,0.36861342,-0.5565069,-0.30823505,0.75153846,0.34403124,0.6002981,0.118980125,0.53424335,0.1702496,0.839329,0.31688908,-0.17634457,0.36730084,0.51373816,-0.37952834,-0.04748339,-0.438555,0.039267085,-0.44073927,0.043103304,-0.4624425,-0.09491624,0.73127824,-0.25084212,-0.3622283,0.41205382,0.14300503,-0.30816162,-0.0963408,-0.5145544,-0.07913337,-0.5219928,0.28474846,-0.010571641,0.055838495,0.27294946,0.06760515,0.120651886,-0.51201814,0.045194216,0.4544601,-0.086999305,0.08075394,-0.36768514,0.05083893,-0.5884497,0.94357353,-0.27030972,-0.3939288,0.13721329,0.4142395,-0.44643703,-0.41260988,0.10514509,-0.03387703,0.37020823,0.17105125,-0.43539378,-0.51551586,0.008596039,0.42651966,-0.04939644,0.4667233,0.13532081,0.45402226,-0.29482946,0.73962235,-0.19280209,-0.31277284,-0.3813517,-0.037815493,-0.1466939,-0.48069313,-0.3434,-0.0014821354,-0.37564948,-0.10360537,-0.18940973,-0.0029180753,-0.059666313,-0.19155003,0.4693935,0.18023795,-0.08379534,0.23703697,0.066555165,0.015552992,-0.17112781,0.15685056,0.17032658,0.093034536,-0.09708206,-0.39551112,-0.24851495,0.6139211,0.25835708,-0.1502104,0.09022062,-0.2733766,-0.09590769,-0.225348,0.050787047,0.009740882,-0.14491183,0.362943,-0.08646274,0.006513827,0.5678207,-0.041414823,0.010251434,-0.35948837,0.12350018,-0.012237902,-0.19169481,-0.18530376,0.69266266,0.16562264,-0.5460779,0.12524869,-0.24497858,0.18239203,0.17685735,0.00479287,-0.104372025,0.1473081,-0.022960534,-0.29324788,-0.27709448,0.22440104,-10.620588,-0.23353384,-0.49803844,0.34471965,-0.09474993,-0.36007026,0.40074283,0.41303745,0.033627655,-0.4281345,0.08337488,-0.43842393,-0.33462498,-0.31836602,0.22079244,0.15941453,0.62017065,-0.018004905,0.15502138,0.3372574,-0.46165374,-0.5721792,0.4829182,0.0028178364,0.35166138,0.29875964,-0.056430116,-0.09344306,-0.24656928,0.21165268,-0.33627146,-0.27584925,-0.3113943,1.2276103,-0.048960324,-0.031166475,-0.17830193,-0.5831129,0.031170959,-0.06993829,0.2532372,-0.06722936,-0.1375722,0.38053262,0.5599509,-0.43353236,-0.22863735,-0.15545495,0.22550727,-0.3435522,-0.008210375,-0.024256399,-0.19194785,-0.38784695,-0.35316804,-0.18519853,-0.20682342,0.81393945,-0.18969671,0.15557271,0.21395631,-0.34631822,-0.0595976,0.15493052,-0.29371774,0.03758679,-0.2892656,-0.29404822,0.013258624,-0.20162031,-0.06467914,0.11334855,0.24156196,-1.4653815,-0.48912406,0.047978435,-0.09925088,0.72993284,-0.110315695,0.018655056,-0.36524707,-1.1042804,0.23282903,-0.28750584,-0.24477729,-0.19929582,0.07156933,0.036839917,-0.18323569,-0.052895475,-0.18196154,0.20983154,0.463776,0.28056514,0.036594976,-0.26120767,0.6655216,-0.40178913,0.025258496,-0.037788894,0.23020193,0.3416021,0.021244321,0.15593855,-0.5834398,-0.07339933,-0.035459176,-0.028099727,-0.2040678,-0.27060533,0.10711224,0.06241616,0.013604819,-0.18078695,0.055288985,-0.03159684,-0.125925,0.25076193,-0.7550632,-0.32692283,-0.14920318,-0.0633312,-0.6152536,-0.7556302,0.009298817,-0.086834334,-0.22583891,-0.07382026,-0.26352203,0.08319282,-0.3590694,-0.13501726,-0.23497577,-0.0013709432,0.09481414,-0.16471308,0.3067458,-0.24195938,-0.06333321,-0.037109632,0.35761467,0.52963126,0.31636596,0.046504926,-0.37455764,-0.208036,0.5473014,0.2245365,-0.21418686,0.31945857,-0.31500956,-0.73658675,0.061433505,0.18103626,-0.11383077,0.19756086,0.50312597,-0.5523527,-0.18273328,-0.20388542,0.22497523,0.38134235,-0.036802694,0.21467899,0.021125728,-0.099035054,-0.36658192,0.1636935,0.30553985,-0.33666843,-0.11252792,-0.15565619,0.03434712,-0.025266254,0.0666291,-0.017848862,0.29917827,-0.47527313,0.12838422,0.29163098,0.13365504,0.17714682,-0.1628052,-0.39382705,0.52384746,0.09519846,0.015525996,-0.051516328,0.15148354,0.24336585,-0.3591287,0.5976256,-0.12137693,-0.26644206,0.083634764,-0.6604241,0.61916256,0.20488529,-0.23459716,0.3236061,-0.08013362,0.33247253,-0.28561866,-0.020874426,-0.118902445,0.09148979,0.29851657,0.5268826,0.28202605,-0.2342479,0.23753771,-0.46492466,-0.5083759,-0.21900117,0.056830384,0.21139883,-0.21571283,-0.71668416,-0.52529055,0.5135537,-0.027297094,-0.13190542,0.17537002,-0.04129064,-0.2103375,-0.17738567,0.21561979,0.22515684,-0.42166886,-0.40212008,-0.058924966,-1.399396,0.14822985,-0.04498867,0.39479652,-0.0350416,-0.71340734,0.3682902,-0.04642723,-0.07379318,-0.86689836,-0.032966245,-0.25333777,-0.22426072,-0.0847532,-0.16115066,-0.18919107,-0.10718314,0.15906687,-0.36480868,-0.08957161,-0.03339193,0.22955638,-0.103381574,0.12612906,-0.32062662,0.10227385,-0.40513766,-0.52285606,0.21966816,-0.41153198,0.010267868,0.08061519,0.019626183,0.48647726,0.12718181,-0.14352755,0.14125544,-0.03073001,-0.07064468,0.16647474,-0.2762959,-0.2586814,0.060496207,0.13591433,-0.15612464,-0.5117717,-0.4725755,0.023477495,-0.5188549,-0.41279942,-0.14624575,0.47652465,-0.059858188,0.12629925,0.1550316,-0.3171406,0.057201374,-0.083979644,0.3914501,0.20518601,0.3529044,-0.2297951,0.090628415,-0.18898973,0.5770378,0.84444445,-0.46612313,0.30219263,0.5269008,0.029509535,-0.2241912,0.62931865,0.2666647,-0.52469575,0.25596997,0.18040264,-0.052296747,-0.26246652,-0.29511586,-0.44876674,-0.088945396,0.55097854,0.2751375,-0.1228484,-0.71813303,-0.2808844,0.1300417,-0.41032577,0.32611164,-0.020309653,0.3990596,0.54313314,-0.4380181,-0.20611449,0.37064645,-0.12857568,-0.2724449,0.16257791,0.027639238,-0.10207725,0.15725744,-0.32305878,-0.048333988,0.3248047,-0.19294764,0.10503579,0.0028002018,0.01894528,0.31314158,0.10313119,0.06135573,0.03353579,0.15687348,0.17808582,-0.26307905,-0.029988125,-0.13171181,0.5500899,0.5724834,-0.061262947,-0.0029211228,0.664215,-0.007485926,0.14967087,0.08639335,0.11034699,0.42594978,-0.046769224,0.61008906,0.19309472,-0.041476253,0.6674583,-0.28232548,0.4137724,-0.14721115,0.006971862,-0.060900502,-0.06849646,-0.34402838,0.31944075,-0.31974295,0.4173017,0.047455963,-0.14229865,0.42112282,-0.38045934,-0.30187318,-0.30816144,0.30779427,-0.24813366,-0.08535721,-0.34226093,0.27659348,0.058949128,0.06508667,-0.099608585,0.059839282,0.17846993,-0.5188239,0.13279851,0.018591795,-0.12267201,-0.042734418,0.054071832,-0.008841503,0.11513014,-0.10946024,0.15053608,0.26743278,0.2804689,-0.28956896,0.059259403,0.3593208,0.12587443,0.11025354,-0.51686865,0.5143056,-0.13349973,-0.24282914,-0.24294215,0.51272523,-0.08465446,-0.04067229,-0.13205355,0.043469287,-0.36123395,-0.43400252,-0.2850582,-0.2022243,-0.40710458,-0.41063148,-0.25564554,-0.4253731,-0.07656343,0.20476046,-0.36788437,-0.28304073,0.2112104,-0.016750395,0.09139067,0.34098098,0.30855477,-0.09601038,-0.06480933,-0.33143467,0.01310511,-0.08304166,-0.28176928,0.14579278,-0.10622397,0.10039288,-0.23242787,-0.6902317,-0.03268334,0.14331305,0.11470464,-0.6468593,-0.5518508,-0.3913454,-0.32102957,0.06356415,-0.20253992,0.010973825,0.1528212,0.12525825,-0.05496573,-0.5677274,0.57391816,0.21569185,0.0,0,0,1,0,0,0,0,0,0,0,0,0,0,0,0,0,0,0,0,0,0,0,0,0.0,0.0,0.0,0.0
0.31839526,-0.3950827,0.3093395,0.055619463,0.50657225,-0.053931117,-0.09578351,0.45018184,-0.38697335,0.31188893,-0.00013330013,-0.5998439,-0.2636837,0.44981804,-0.10830888,0.41992664,-0.32092354,0.6812697,0.20984045,0.21050201,0.05243586,-0.057076152,-0.06079548,0.11479755,0.1698936,0.18250616,-0.0865378,-0.17554708,-0.939024,-0.0826114,0.5040318,0.34390378,0.2939492,0.0065900683,-0.05291787,-0.47354016,-0.53308547,-0.27581424,-0.031661566,0.29981855,-0.11026488,-0.012636052,0.41351235,0.17083544,-0.109202,0.57276475,0.08160826,-0.10189623,0.3292953,-0.5073153,-0.73919696,0.18532242,-0.24702787,-0.5761256,0.22464801,0.56036687,0.7384502,-1.1054345,0.3409079,-0.065585434,0.003936749,-0.22410883,0.19635437,-0.29514158,-0.41386813,-0.32716367,0.2128703,0.7508784,-0.8764521,-0.12737457,0.1903029,-0.14285105,-0.38706076,-0.046123005,-0.101851694,0.39736405,0.004083461,0.5455285,0.18508096,-0.13693562,-0.25644198,0.40930817,0.29169053,0.5402166,0.23810129,0.29296446,-0.11346506,0.1483924,-0.16170168,0.6865213,-0.1774406,0.21343674,0.3423869,0.08109591,0.174758,-0.30457866,-0.8741776,-0.016438112,0.109725036,0.26794043,0.4603825,-0.461207,-0.10267002,0.20009302,-0.16675563,-0.07233222,-0.30969304,0.013702094,0.23021962,0.052413877,0.28242514,0.2435872,-0.18068151,-0.60525995,-0.08936054,0.505218,-0.084828824,0.06963487,0.29390115,-0.17051311,-0.09459557,0.63105184,0.09485758,0.4272438,0.37120402,0.3226432,0.22982012,-0.16905159,0.4370537,0.45016655,0.15156344,0.7134023,0.4099714,-0.2331627,0.08349892,0.3609991,0.06944844,-0.29841852,0.29953006,-0.37141606,-0.3933969,-0.47895622,0.021498457,0.30132824,0.5331577,-0.061894525,-0.34215346,0.08621857,0.059028808,0.5749973,-0.5061268,-0.16112822,-0.3062638,-0.21331531,0.397707,-0.10590291,-0.14672053,-0.7361319,0.285347,0.33827195,0.2141507,-0.04337629,-0.19254439,-0.20709543,-0.10676044,-0.30192405,0.18605489,0.6597925,-0.21696514,-0.12199118,-0.2770069,-0.61173826,0.18330497,0.23877715,0.5270551,0.41648698,0.1325715,-0.3925186,0.5399518,1.0193663,-0.3922261,0.06266208,0.40109122,-0.2135777,0.1429759,-0.09739707,0.8381955,-0.3947094,0.60489243,0.002520771,-0.4518272,-0.28120765,0.16020522,-0.098433666,0.24841255,-0.538925,-0.017201597,-0.11048241,0.6913935,-0.25762787,-0.056922097,0.5253793,-0.039705027,-0.5260689,-0.6128126,0.41507244,-0.08491016,-0.5838535,-0.67425406,-0.16760592,-0.084004804,0.44185954,-0.27429414,0.0426703,-0.15101849,0.21234533,-0.2725374,-0.3074728,-0.21068616,0.1257497,-0.54494894,-0.5495714,0.086081274,0.08557247,-0.24186473,1.2660203,0.020409083,-0.28609535,0.33909744,0.109816134,-0.013169816,-0.041957963,-0.16711196,-0.6396251,0.18041168,0.37944975,-0.027471049,-0.5678583,0.15897706,0.018074106,-0.48077115,0.6342283,0.22119547,-0.11132327,-0.1230185,0.291412,-0.26628786,-0.23177387,-0.36226323,0.2708921,-0.36638522,0.023135327,-0.43251407,-0.4678631,-0.07089018,-0.3778964,0.22068782,0.09618023,-0.41919553,0.19488283,0.16762155,0.21278904,0.08993121,0.066296965,0.25072965,-0.61275965,0.042518474,-0.06578876,0.6379501,0.013914859,-0.21389817,-0.36878052,0.1952763,0.6075132,0.2947183,-0.35996115,0.12448159,-0.14547831,0.14679609,-0.47422993,-0.1930539,0.6072594,-0.445459,-0.069750816,-0.51190275,-0.13331988,0.49512932,0.0175124,-0.08125948,-0.037775174,-0.061847348,-0.038519386,0.04871607,0.1454849,0.6744327,0.27822852,0.21523508,0.31302142,-0.37759212,0.06524957,-0.476857,0.15495524,0.050102238,-0.16843718,-0.21266522,0.04322992,-0.1463235,-0.58939964,-9.441309,-0.07124573,0.21991228,-0.3748482,-0.007219637,-0.2921527,-0.0245639,-0.16093545,-0.29783967,-0.056024842,-0.1541577,-0.29779306,0.025537124,-0.35157993,-0.29882276,-0.43508992,0.4935138,-0.003938541,-0.31126052,0.18529004,-0.4375358,-0.42068732,0.09399594,0.13539176,0.37514043,-0.12299445,0.10657649,0.067303844,0.44473308,-0.4002631,-0.38545,0.2527847,-0.112542465,0.9936253,-0.27591458,-0.07794638,-0.023760967,-0.4272652,-0.0679786,-0.17749207,0.22328405,-0.13427079,-0.10363491,0.14591426,1.0921787,-0.41266254,-0.15069173,0.098650895,0.013102675,-0.38343132,-0.029707603,-0.3421292,-0.1295185,-0.18709095,0.042884186,-0.1628943,-0.2480327,0.67254335,-0.10047476,-0.38445863,0.6745066,-0.30098772,-0.23214073,0.1201462,-0.1578118,0.04101907,-1.0007108,-0.7238522,-0.27040583,-0.18184926,-0.30986354,0.40161777,-0.112211294,-1.6062627,0.09579055,-0.015874606,0.13204922,0.14477225,-0.32690853,-0.3914621,-0.9142586,-0.015352596,0.1797853,-0.24975577,-0.16656381,-0.76222384,-0.16397776,-0.38095415,-0.20824441,0.44736558,0.025619773,0.07824318,0.15832518,0.3582843,-0.013503207,-0.0915554,0.5239668,0.19451116,-0.1341493,0.61423445,0.17873678,-0.27393612,0.63816255,-0.3649766,-0.3105123,0.12318465,-0.3608926,0.46276656,-0.2935065,0.06564305,-0.3531407,0.14704172,-0.5217936,-0.20765547,-0.25034642,-0.22018023,0.22265469,0.4843568,0.17244953,-0.331366,-0.3602494,0.41024274,-0.17946507,-0.75871205,0.30817103,0.17871484,0.04020652,-0.10471815,0.1428389,-0.38988656,0.035929427,-0.29410735,0.025020534,-0.13551562,0.48067474,-0.36961988,0.05704873,-0.05647273,-0.46465448,0.24872726,0.14483076,0.19557525,0.33279964,0.094313204,0.33909228,-0.09804827,0.30067265,0.068677105,0.2702597,0.49657363,-0.70640916,-1.290261,0.19036578,0.054967392,0.39839423,0.44059122,0.19417638,-0.49840823,-0.08594749,-0.5214312,0.26504245,-0.032880582,-0.0043899417,0.11242619,-0.40788487,0.04736144,0.32648194,0.14592975,-0.0818256,-0.17812824,-0.20389687,0.55264395,-0.16316366,0.053984746,-0.062073626,0.27589503,0.16213562,-0.09044304,-0.2918138,0.85867846,-0.06255781,0.48770633,0.09586565,-0.3520812,0.31351617,-0.15293388,0.3090671,0.4731331,0.16241337,0.45816296,-0.7071007,0.68041414,0.05766667,-0.4570344,0.42723653,-0.49553257,0.6007045,-0.13708039,-0.22486863,0.42921716,-0.19045696,0.10634507,-0.4806672,0.22203699,-0.2878724,0.107927226,-0.059145194,0.48928848,0.060215645,0.13952497,0.17683908,-0.4593082,-0.98259735,-0.45765227,0.31885934,-0.343001,-0.33924836,-0.3849066,-0.5732459,0.116605066,-0.272521,-0.092763446,0.09314565,0.0981234,-0.25001085,-0.049226303,-0.08388925,-0.43353093,0.088461116,-0.22610015,-0.040536895,-1.5225366,0.25027823,0.20566621,-0.104993895,-0.320669,0.13708988,0.11250454,-0.123216964,-0.32645166,-0.256606,-0.7149473,-0.18192378,-0.595738,-0.2148642,0.041241217,-0.4382599,0.17789602,-0.33303455,0.12966564,0.15615568,-0.12880191,-0.24843769,-0.34354192,-0.011559895,-0.8408587,0.20406803,-0.47775927,-0.0024580108,0.20982309,-0.28503314,0.06663701,0.03686689,0.26854062,-0.061817035,0.11804322,0.3467849,0.32555583,-0.23025885,-0.31897992,-0.10474143,-0.46495795,0.14887522,0.38993317,-0.34665024,0.033890534,-0.35135216,-0.70568955,-0.053606182,-0.111887515,-0.45957115,0.003251491,0.37283477,-0.34805134,0.47218105,-0.24460506,0.19757824,0.32174918,0.2701975,-0.20479046,-0.061090942,0.40502006,-0.1657486,0.25876108,-0.42721066,0.5294716,0.32258153,-0.098092444,0.13780671,-0.15605693,-0.16832854,-0.4410188,0.82022375,0.45267987,-0.073318474,0.09279435,-0.019023824,-0.20304374,-0.34388256,-0.6886741,-0.49560884,0.034918636,0.53608096,0.31383795,0.06935678,-0.28243345,-0.34085494,-0.29117635,-0.4415533,0.39020002,-0.2862782,-0.045517396,0.8697043,-0.2846512,0.08032355,0.03952716,0.6920324,-0.25520027,0.24650508,0.14891453,-0.3206745,-0.112432346,0.065014906,0.45734105,0.079477005,-0.48877025,-0.07560697,-0.06951112,-0.6589762,0.23856978,0.41833088,0.13201493,-0.4227227,0.16218954,0.025930712,0.20746866,-0.11595035,0.29666436,0.034903575,0.3879027,-0.35257453,-0.17451102,0.059260216,0.34881455,0.36592674,-0.2834759,0.120406196,0.2762625,-0.20624207,0.33216584,0.42131856,0.119406134,0.16561836,-0.6723363,0.19476093,0.47095683,0.038162764,-0.09034783,0.34318757,-0.27423608,0.2849894,0.23909432,-0.023890307,-0.011414974,-0.109292075,-0.26375937,0.067747444,0.111579925,-0.24549335,0.08187894,-0.35771343,-0.15601887,-0.1292265,-0.10516225,-0.050306283,-0.37371072,-0.25091767,0.1926051,0.016288219,-0.3057241,-0.3820647,0.75067186,0.30741063,0.24357076,-0.42067719,-0.07480412,0.3428043,0.12625925,0.19607809,0.44246617,0.1290547,-0.257037,-0.023670794,-0.22842865,-0.26830018,-0.22830765,-0.34533632,0.19305971,-0.7125734,-0.29666656,0.34538183,0.21716085,-0.027620774,0.43789247,-0.05129498,0.15327647,0.46754402,-0.3406918,-0.35764214,-0.18603918,-0.2752794,-0.6150919,0.14823076,0.47050792,0.047896396,0.17007236,0.023153571,-0.17254645,-0.117255785,-0.16702119,-0.6837046,0.5380729,0.36960694,-0.06986936,-0.41393515,0.04130138,-0.057788502,0.31240472,-0.071890675,0.058827415,-0.39005092,-0.13734287,0.15210375,-0.6927705,0.08840278,0.2861251,-0.079259,0.12777767,-0.6639451,-0.6112204,-0.17030607,-0.07614608,-0.3154632,-0.15055248,0.5801977,-0.27459678,0.03455277,-0.3016542,-0.053547114,0.217085,0.0,0,0,1,0,0,0,0,0,0,0,0,0,0,0,1,0,0,0,0,0,0,0,0,0.0,0.0,0.0,0.0
0.4377444,0.01783601,0.65073806,-0.23653492,0.09629501,-0.35952777,0.4744098,0.7122749,-0.34594485,-0.22938992,-0.5938895,0.00600204,0.090227835,0.42894754,0.050635897,0.8271493,-0.52646685,0.28770632,0.16150895,0.46318167,0.6935563,0.110049225,-0.015332327,0.0022804344,0.5762682,-0.024511201,0.13496186,0.060216762,-1.0834731,-0.5767073,0.4294736,-0.12175244,0.0974949,-0.15007968,-0.36474454,-0.7777394,0.10937992,-0.2296472,0.26384506,0.55203813,0.012400956,-0.4647938,0.45929658,-0.30011246,-0.27558875,-0.3143272,0.09400967,-0.37835976,0.09892461,-0.33263898,-0.9543319,0.007078991,-0.0628357,-0.12717672,0.46514004,0.21572687,-0.16320802,-0.4958329,-0.6740049,0.12800492,-0.23969866,-0.07589363,0.18146223,-0.4554035,-0.204122,0.3215584,0.2434403,0.4863499,-1.0813512,0.21315289,0.07228091,0.28359184,0.37451172,0.27675688,0.19171517,0.3417597,-0.09791385,0.45407444,-0.13818425,-0.12708709,-0.2473022,0.28522885,0.46581948,0.34426793,0.34949327,-0.036352858,0.3542267,-0.057853702,-0.6385661,0.6781549,-0.5648168,0.15310988,-0.14071922,-0.18118018,1.1823099,-0.83936065,-0.13966857,-0.39768204,-0.33962068,-0.10725884,0.40666047,-0.21570165,-0.022793483,-0.51215154,-0.270054,0.23946272,-0.5748066,-0.5106344,0.49911895,0.18381491,-0.056367394,0.3475684,0.19377668,-0.90598226,-0.07669015,0.24402231,0.1876388,0.12672704,-0.19012439,0.016049387,0.0063390415,0.23131722,0.18347183,0.08563,0.60578173,0.17445531,0.17523171,-0.51073736,-0.040015936,-0.17269407,0.7828998,0.23354267,0.26402858,-0.59756917,0.33596665,-0.22487077,0.22333533,-0.94731855,-0.259945,0.105789445,-0.056943275,-0.37464046,0.32854572,0.07562274,0.45631722,0.04362597,-0.52650833,-0.14902301,-0.53044784,0.030405173,-0.27269325,-0.104852885,-0.35570604,-0.09254965,-0.079077214,-0.14492232,0.12140476,0.086541966,0.2827378,0.39293566,0.46708,0.26972145,-0.2564618,0.16793175,-0.030103527,0.28067186,-0.17739902,0.087291166,-0.060117073,-0.28083628,-0.15191695,-0.6169116,0.12813413,-0.16848236,0.36015007,0.1977676,0.3050539,-0.10215879,-0.18450743,0.7597277,-0.610012,-0.4507178,0.18499084,-0.6922733,-0.044560246,-0.26198792,0.58211446,-0.8090531,0.6174842,0.6105147,-0.63541955,-0.0612643,0.2889722,-0.32537273,0.70966345,-0.011627908,-0.4736393,-0.21904416,0.16872701,0.45195222,0.387128,0.0794606,0.0056857895,-0.23395,-0.78338814,0.26663825,0.13607055,-0.35482267,-0.22535196,0.0763272,-0.68853194,0.37666214,-0.122050546,0.33932868,0.041116804,-0.021355975,0.16513988,-0.44757915,-0.40369833,-0.03286532,-0.22853734,-0.24200834,0.2537192,0.18255728,0.02576595,1.1175563,-0.20703398,-0.14772803,0.74030054,0.2731679,-0.31652358,-0.2616001,0.3040744,0.20757346,0.5679069,0.973354,-0.50284296,-0.6893713,-0.19420393,-0.014335427,-0.13552563,0.06372057,0.29753035,0.22687358,-0.10667179,0.6380955,0.06921015,-0.4229453,-0.021874554,0.2004368,-0.11675015,0.29331914,-0.43268976,-0.2541157,0.18464206,-0.2749296,0.1339522,-0.083263814,-0.5044334,0.4829185,-0.15635465,-0.042615965,0.054707326,-0.034059662,0.068692796,-0.67978454,0.58804494,-0.04330363,0.54806143,0.44436017,-0.30064654,-0.62690157,-0.15868397,1.0024407,0.019405607,-0.049401566,0.1952565,-0.39984244,0.09455554,-0.29223993,0.035566833,0.2186882,-0.021819575,-0.0055053793,-0.39374244,-0.17584476,0.44231248,0.056140605,-0.609929,0.1447651,-0.86677057,0.08419224,-0.08670878,-0.013444504,1.0433625,0.5020668,-0.20033991,0.4127467,-0.57205814,-0.282488,-0.35009325,-0.6194765,-0.44648936,-0.21019927,0.058609713,0.62521166,-0.59877855,-0.4807183,-6.6445103,-0.33856258,-0.26167715,-0.1450828,0.17505877,-0.119379394,-0.012384646,-0.12103509,-0.102184236,-0.2803715,0.0019013146,0.0070696897,0.40997955,-0.57917273,0.12865825,0.051125906,0.9133608,-0.059294887,-0.18302332,0.10537353,-0.5312905,-0.29897854,0.24392246,-0.12146799,0.6342218,0.21875055,-0.043351807,-0.0734546,0.045536436,-0.20531069,-0.040530354,-0.05927673,-0.08768587,0.8066485,-0.00013972491,-0.12988544,0.15680298,-0.52601033,0.04938585,-0.4606429,-0.043777063,-0.5148724,-0.66900253,-0.5380682,0.8991941,-0.5433145,-0.31747517,0.28003225,-0.0464204,0.30916396,-0.36442524,-0.5893446,0.41752565,-0.37885654,-0.082518585,0.4295963,-0.042980812,1.1851311,-0.10727379,-0.6597522,0.6752038,-0.4097043,-0.48511884,0.20126277,-0.18912858,-0.11713154,-0.5463965,-0.3473312,-0.1286556,-0.2841177,-0.09923561,0.7838867,0.16549405,-0.8502766,-0.03427366,-0.36453658,0.064856306,0.30392894,-0.066146046,0.14277436,-0.30467457,-0.24772324,-0.30240384,0.12762834,-0.3837059,-0.19468428,0.1922642,-0.53666544,-0.47758228,0.19218722,-0.4111272,0.3583367,0.14371023,0.29566917,0.009745074,-0.03473548,0.9858652,-0.34524238,-0.029912887,0.43484193,0.52030045,0.352821,0.6832703,-0.060306992,-0.28766868,0.037757665,-0.37775943,-0.31241205,0.0046693203,-0.36197612,0.010146818,-0.12429337,-0.6306601,0.20121643,-0.34197724,-0.39567658,-0.21668419,0.2295294,0.09047855,-0.56157863,-0.118951425,0.46442214,-0.6103085,-0.030996956,0.06822434,0.13940574,-0.026411068,-0.09127393,-0.5901697,-0.34953645,0.11866865,-0.16729975,0.03679893,0.25495628,0.26272908,-0.03745758,-0.016510863,-0.7949992,-0.048852902,0.3112905,0.37416285,0.48683742,-0.10176193,0.1320652,-0.0739011,0.31059012,0.059291653,-0.035859503,-0.21112156,0.21454404,-0.21836722,-0.5293967,0.050045177,-0.3964123,0.28868732,0.14752015,0.45864838,-0.2025703,-0.2731682,-0.073386475,-0.01233473,-0.1682998,-0.35842946,0.46431485,0.059563898,0.28631487,0.26316342,-0.085518934,0.2167146,-0.6988123,-0.41185364,0.6897957,0.52289236,0.09267217,0.71115524,0.1062426,0.293732,-0.4205555,0.32771087,0.35226032,0.033503328,-0.14475913,0.051254693,-0.61418307,0.017742576,-0.3956517,0.40243274,0.46732226,0.6181834,0.8379697,-1.0183251,0.38490796,-0.05490867,-0.43293583,-0.048986644,-0.6433353,0.489744,-0.39803615,-0.0153895095,0.5653622,-0.21672623,0.14479819,-0.65740424,0.20780592,-0.48750645,0.25915894,-0.29908442,0.05684575,0.34182763,0.14855455,-0.14736322,-0.49296254,-0.24550919,0.07037336,0.37186664,-0.300661,-0.41660458,0.04159182,-0.4483966,0.26851076,0.26014796,0.028239481,0.4407548,-0.10680128,-0.78962404,0.37333596,0.08607401,-0.35037118,-0.2457441,0.11659796,-0.3613881,-1.2564201,0.27532265,-0.48357803,-0.5229824,-0.32990944,-0.3396868,-0.21454316,-0.4298375,-0.3650007,0.049009494,-0.5508863,0.0024929668,-0.5006491,-0.51941353,0.14217642,-0.49670655,0.069721825,0.101923704,-0.14214128,0.4023888,-0.5989852,0.036661465,-0.43452603,0.5013355,-0.68737036,-0.08250016,0.061141044,-0.0036279846,0.4052214,0.2382218,0.122214824,0.37078846,0.5149989,-0.16164567,0.041531075,0.2689795,0.12044546,-0.32385853,-0.46288398,-0.12376489,0.7310337,-0.2749269,0.3654329,-0.1553488,0.1779427,0.17080441,-0.6082676,0.2564627,-0.32809657,-0.33629352,0.052170493,-0.12481714,0.27387157,0.37552407,-0.31016743,-0.36366147,0.12971216,0.38449615,0.08326148,0.099182464,0.5827184,-0.44606912,0.5369077,0.23746414,0.25116953,0.6240448,-0.14432585,-0.10943209,0.34189546,-0.44294414,-0.05881394,0.46370167,0.004421502,0.042624302,0.36554226,-0.08663896,-0.2750539,0.21342978,-0.21032554,-0.46106347,-0.20675808,0.5632785,0.8962329,0.1000308,-0.4119462,-0.9745461,-0.5821245,-0.6777282,-0.15052156,-0.2624119,0.094325885,0.78316087,0.23025817,-0.26074997,-0.4579547,0.11796802,0.045860287,-0.09062904,-0.28979358,-0.44247875,0.06898936,-0.0019447198,0.052124664,0.4305037,-0.032399077,0.0004895997,-0.47974792,-0.32126713,0.44065034,-0.30797666,0.50283086,0.027445879,0.33682668,0.14161506,0.17478366,-0.42691326,0.45113042,0.4158354,-0.42518994,0.12975681,0.35153902,0.32416448,0.1327602,0.64911443,0.0050866543,0.5030444,-0.21476927,-0.020549612,0.4312857,0.68415,0.1418981,0.08630334,-0.6152049,-0.08916876,0.00537284,0.23551048,-0.2043643,0.13042356,-0.08449094,0.27411592,0.07480627,-0.27223745,-0.051388808,0.024974471,0.21205448,0.24887455,-0.22414166,-0.21350075,-0.17448373,-0.3898751,-0.32643846,-0.62305844,0.029793894,0.35585266,-0.41788483,0.12418454,-0.6471438,-0.13141757,-0.24885473,0.11372328,0.15802296,0.04127659,0.24721643,0.23618145,0.17288215,0.065005064,0.22278017,0.48858857,-0.37369964,-0.37282452,0.021083536,0.23130776,0.03646844,0.09700439,-0.27326068,-0.27970228,-0.049811587,-0.83431596,-0.57884127,0.2048401,0.45621774,-0.10565033,0.6674692,0.30202964,0.25629735,0.37434214,-0.056614097,-0.21857922,-0.24977596,-0.10170421,-0.3463924,0.1184718,0.37282303,0.35410953,-0.66729164,-0.4412571,-0.40409344,-0.41161534,0.100985095,-0.036311705,0.04599347,0.32776237,-0.03222314,-0.47266328,-0.65770173,0.17206281,-0.05498309,0.3831843,0.15047747,-0.3652257,-0.11894701,0.4994161,0.0018182242,-0.44315198,0.15479413,0.47860447,-0.045732554,-0.84515977,-0.75395143,-0.36676997,-0.23639332,-0.96118855,-0.5038475,-0.033012524,0.23430663,-0.42340642,-0.2992554,0.10897732,-0.005559311,0.0,0,0,1,0,0,0,0,0,0,0,0,0,0,0,0,0,0,0,0,0,0,0,0,0.0,0.0,0.0,0.0
0.034369193,-0.49146652,0.8060091,-0.60317075,0.092471235,-0.30570906,0.37375024,0.90310425,-0.51504767,0.0025913452,-0.13018347,-0.4958801,0.06980282,0.67222995,-0.6270781,0.72037226,-0.2522499,0.121698,-0.5089826,-0.48504135,0.06864785,-0.33279914,-0.19554365,0.16910335,0.40893176,-0.30129546,0.403494,-0.4798074,-0.051211607,0.15190421,0.34909233,0.46498448,0.6429873,0.013486231,-0.15003294,-0.23694202,0.12240975,-0.42389545,-0.40696755,0.30858278,-0.24868156,-0.4120154,0.48193824,-0.57818097,-0.25115517,-0.012022879,0.35417348,-0.3146552,0.44435406,0.005516486,-0.7024934,0.2513124,-0.33098727,-0.324066,0.22791101,0.31919438,-0.012524801,-0.42438945,-0.08468292,0.49698216,-0.31351876,-0.08930619,-0.34143177,-0.1407007,-0.30265343,-0.31863952,-0.13344932,0.437182,0.07125652,0.031078568,-0.27590016,0.09721353,-0.014811442,0.6273769,-0.4311063,-0.22797127,-0.014615158,0.37841877,0.007611747,-0.18344994,0.3625964,-0.11307522,0.41796395,0.67850685,0.5257313,0.46949637,0.22781447,-0.20419815,-0.0074905497,0.6895779,-0.4642846,-0.19016877,0.009636625,-0.064889066,0.5340913,-0.07861416,-0.2682382,-0.5922745,0.4020032,-0.6201407,0.055661965,-0.10850658,0.46203828,0.008236335,-0.494056,-0.20177254,-0.42162845,-0.18745393,0.00024843126,0.00026110376,-0.44396496,0.09088314,0.18740061,-0.11118278,-0.029954994,0.353985,0.30456015,-0.20096892,-0.091798484,-0.2805734,-0.1960994,-0.06966103,-0.114335,0.2040489,-0.10132504,-0.16498132,0.047947064,0.37740707,0.24483317,-0.017832771,0.64353365,0.6676967,0.07976331,-0.6429353,0.50503826,0.639175,-0.37608677,-0.64202875,-0.030515764,0.5969027,-0.21418528,0.055903986,-0.10399865,0.30254298,0.18484598,-0.039254006,-0.46745986,-0.264719,-0.21214062,-0.18958855,0.2103972,-0.016632024,-0.7810108,-0.24664491,-0.16130352,-0.47057992,-0.22839616,0.13061494,-0.13075994,0.3121177,0.7785203,-0.49956515,0.09380943,0.26858136,0.1859598,-0.08576687,-0.13799798,0.024493514,0.13476068,-0.051145855,-0.12744206,-0.24264969,0.53896123,-0.016131904,0.10730617,0.2106881,-0.06803802,-0.030060127,0.13942409,0.3660273,-0.38648024,-0.3174411,0.09426116,-0.33738235,0.39663902,-0.052223004,-0.01050318,-0.50004655,0.33442593,0.2238542,-0.065113,-0.2530521,0.14109696,-0.5488959,-0.06677262,-0.1871442,0.029397836,-0.14611219,-0.23993948,0.4619555,0.07992282,0.24723534,-0.23920631,-0.0065660006,-0.64265203,0.35379174,0.16167298,-0.20056573,0.14197975,-0.01842049,-0.4636665,0.43501198,-0.012830275,0.52762383,0.3586208,-0.3090444,0.23771515,-0.43883353,-0.2768385,-0.6775325,-0.19421603,0.20019975,0.57514185,-0.010086075,0.15775557,1.3386475,-0.0031144822,-0.21891671,0.8203373,-0.1373955,-0.25981325,0.3145367,-0.06143902,0.008682513,-0.007054987,0.40682015,0.026065052,0.327492,-0.20762292,-0.30976894,-0.07756691,0.2989504,0.36430016,0.06855263,0.19915289,0.4171244,0.21729311,0.30264834,-0.5806578,-0.54057825,0.18215743,0.26973948,-0.12673976,-0.26083928,-0.050752684,-0.038771223,-0.42354512,0.038060654,0.09023303,0.29621255,0.25937653,0.0054235077,0.17269222,-0.17567305,-0.17176811,-0.25483102,0.3288313,0.09154311,0.63184,-0.15804228,-0.0015458115,-0.07801325,0.121002674,0.80283195,0.13528492,0.058053106,0.37897167,-0.21191384,0.28620675,-0.6139832,-0.30207023,0.8152161,-0.3076559,0.44735473,0.14540724,0.1935937,0.26275015,0.30643287,-0.14649957,0.15034217,-0.038531303,0.025163926,-0.23994595,-0.14132886,0.3268521,0.50098497,-0.20550483,0.01375955,-0.009647898,-0.15812574,0.36294886,0.21967274,0.3498617,-0.16276875,-0.009791916,-0.07820242,-0.20134355,-1.0915556,-8.09124,-0.5895008,-0.54328024,0.27931502,0.20052606,-0.11048357,-0.25271368,0.28560108,-0.044810683,-0.059520938,0.20136265,-0.20621237,0.1831172,-0.8269144,0.57564986,-0.37852347,0.9029587,-0.16037966,0.3122409,0.24326731,0.15443523,-0.4097372,0.19135003,0.018771525,0.27803746,-0.3110069,0.028220372,-0.19658196,-0.08745394,-0.39984906,-0.03909591,-0.13560314,0.01928393,1.0861049,-0.44356942,-0.41364902,-0.654604,-0.49233344,0.018910628,-0.6430069,0.47189227,-0.1410336,-0.32266307,-0.14791808,0.56580895,-0.49397644,-0.11351401,-0.16719891,-0.11868801,0.16266973,-0.3968613,0.001335663,0.46462512,-0.89143157,-0.06311087,-0.072757244,0.006663191,0.9559113,0.09269629,-0.6787508,0.21059357,-0.08974379,-0.38637546,0.524134,-0.6606363,0.12964824,-0.8823845,-0.46349058,0.08772499,-0.36186558,-0.115204684,-0.02915912,0.17807223,-1.5990899,-0.16345686,-0.16614969,0.31679043,0.3906131,-0.16106533,-0.345323,-0.1828815,-0.77163076,-0.19069707,0.08349336,-0.23591498,-0.4981798,-0.017023169,-0.772216,-0.37159878,-0.36516243,0.0072129723,0.2756057,-0.22104411,0.2769778,-0.016830342,0.11364757,0.02305057,-0.5826709,-0.22914302,0.48952782,0.43323392,0.35975853,0.4067557,-0.14729367,0.036276035,-0.22639336,0.11680442,0.11805425,0.0121972775,0.059481632,0.3745619,-0.6978331,-0.8034453,0.18929088,-0.42121017,-0.47343376,0.34426513,0.43253568,0.064222634,-0.3470894,-0.43750823,0.35875985,-0.5941138,-0.1212122,-0.031986818,-0.00854554,-0.29361546,0.19278856,-0.097131126,0.2637217,0.054806665,-0.027526394,-0.037342884,0.052677635,-0.047087863,0.3451154,0.05214337,-0.82832474,0.13093834,0.35613403,0.43988636,0.47834706,0.14595774,0.57513905,0.10325046,0.1925527,0.5179288,0.054023758,-0.4078628,-0.045152444,-0.37908354,0.14406306,-0.052228704,-0.3910591,0.40888354,-0.16939694,0.20175551,-0.4067941,-0.21129736,0.6003586,-0.2951191,-0.2215477,0.081154756,0.4878897,-0.11392243,0.32011974,-0.011515837,0.045912642,0.1436014,-0.34316632,-0.28096727,0.2342756,-0.34426045,0.15132596,0.29232478,0.32584232,0.0598421,0.0365884,-0.14502887,0.48364788,0.1272917,0.45204222,-0.017600486,0.27995786,0.4867108,-0.15085407,0.12317333,-0.027703924,0.75024706,-0.18231833,-0.47553712,0.5145636,0.07423931,-0.36260334,0.08562476,-0.58077234,0.20019752,-0.45562127,0.063046835,0.37351674,-0.3526334,-0.15743892,-0.44841456,0.06612034,-0.29613987,0.30384395,0.18685326,0.27408743,0.035867617,-0.05229585,0.12576413,-0.50575924,0.21978751,0.27112296,-0.07990288,-0.19285241,-0.26365978,0.14072274,-0.4768153,0.46707374,-0.20935911,-0.0621626,0.13670494,0.24185224,-0.48937833,-0.7601065,0.28729033,-0.76784277,-0.113289095,-0.31524885,-0.212839,-1.0529648,0.54199475,0.2918721,-0.18017344,-0.33938363,-0.15286104,-0.494395,-0.25417587,-0.07870594,0.3302131,-0.13250533,-0.0048872754,-0.5462909,-0.8966222,0.11189457,-0.30958372,0.33505872,-0.42734033,-0.0741277,0.1624409,0.05088486,0.8094752,-0.5368916,-0.21511403,-0.45698574,0.5646566,0.23336716,-0.0053581474,0.14474261,0.21240509,0.26541173,0.06191529,0.046009198,-0.26399648,0.098763086,-0.23640615,-0.15363981,-0.51520747,0.10198774,0.04293135,0.4835469,-0.5987716,-0.052824274,0.6909152,-0.24822323,-0.35774758,-0.5833236,0.38612634,-0.20367236,0.19083855,-0.17774235,0.17476016,0.06849517,0.06640863,-0.49124187,-0.5379368,0.24333279,0.3634779,-0.021196976,0.3131871,0.0982472,-0.11669765,-0.103825286,-0.014578133,0.059716396,0.47412327,0.055099268,0.14828783,0.11605432,-0.81984746,-0.47709098,-0.059612345,0.026153017,-0.60807776,0.9166372,-0.3135392,-0.22570392,-0.2452514,0.019405358,0.04277135,0.1357295,0.42183074,0.9397311,0.06856661,0.12635633,-0.2940395,0.05248199,-0.29581276,0.31098273,-0.38362893,0.34326592,0.11264502,-0.036584646,-0.512072,0.40134078,-0.2562043,-0.12595573,0.027425911,-0.06740704,-0.74251294,0.15273257,-0.18491335,0.3091516,0.077652395,-0.058525447,0.20767258,-0.19860597,-0.08334317,-0.28361356,0.2017349,0.14708467,-0.060694538,0.09931289,0.65649086,-0.34874812,-0.18325712,-0.2715876,0.3403392,-0.061377898,0.30542466,-0.10711255,0.077216476,-0.3981921,0.48220402,0.0984209,-0.16452178,0.08663061,0.02880335,0.6505613,0.39199942,0.033506237,-0.24204831,-0.9719736,-0.56528914,-0.3814448,-0.0039482396,-0.0906098,-0.10805436,0.21102999,0.71371454,-0.1913094,0.21658915,-0.071915396,-0.17084362,-0.25189483,0.3633601,-0.08753302,0.155898,-0.203166,-0.43388593,-0.37876657,-0.3759617,-0.28808013,0.22176945,-0.661239,-0.57214415,-0.22057177,-0.42012233,-0.49383903,-0.19571474,0.25288475,0.206132,-0.1695146,0.367235,-0.51335454,0.21150509,-0.065666616,0.32569966,-0.1299377,0.42236915,0.05087954,-0.42040685,0.5466078,0.40890652,-0.18820234,-0.58486015,0.22334594,-0.31579277,0.28995362,0.40818232,0.53122413,0.008935461,0.31231678,-0.20206423,0.06272564,0.11577117,-0.6235866,-0.45715255,-0.04075097,-0.4914275,-0.7011789,0.4259112,-0.030760754,0.07180771,-0.8842894,-0.11331257,0.0739111,-0.5631909,-0.11166156,0.11228685,0.40859333,0.36110982,-0.3222832,-0.46852484,-0.24086258,-0.4131069,-0.0147687085,0.25976932,-0.110347554,-0.1319148,0.13488129,0.12720433,-0.19932455,0.46385777,-0.0563028,0.8996861,0.1511367,-0.22074385,-0.37705517,0.019888485,0.017593868,-0.2640098,-0.15432292,0.021772677,-0.19232044,-0.46409646,-0.15531518,0.3827836,-0.06785816,0.0,0,0,1,0,0,0,0,0,0,0,0,0,0,0,1,0,0,0,0,0,0,0,0,0.0,0.0,0.0,0.0
0.21695676,-0.2597518,0.662999,-0.15888512,0.0503591,-0.47007558,0.32364884,0.6408686,-0.47444108,-0.25056595,-0.54683924,-0.10236102,0.30673674,0.26553988,-0.35148746,1.1180086,-0.47310436,0.33645976,-0.06500545,0.041787885,0.33275917,-0.24242145,0.3128342,0.35264504,0.28461114,-0.2229768,0.10973835,0.24331836,-0.76370156,0.10162325,0.67690706,-0.09272095,0.020000031,-0.22051421,-0.4236897,-0.33210832,-0.2299605,0.20273472,0.24344452,0.5386797,-0.12448906,-0.4856412,0.5024747,-0.22130753,-0.26469606,-0.21237007,0.16566305,-0.19340563,0.27096766,-0.2153018,-0.42392677,-0.06726059,-0.20288979,-0.31759217,0.10763276,0.34212744,-0.33274612,-0.4019101,-0.30198622,0.15529466,-0.35245746,-0.42747933,-0.01551784,-0.41522136,-0.14889875,0.18643665,0.003033391,0.4723915,-0.36200237,0.27800944,0.097039975,-0.16669145,0.18685207,0.17557096,-0.21852827,-0.029635644,-0.0051950626,0.70604545,-0.16349152,-0.30507377,0.010837145,0.24797311,0.2129763,0.2507862,0.46201915,0.25297743,0.24170543,-0.08152597,-0.64958334,0.67840904,-0.1279785,-0.13487671,-0.16845721,0.096520446,0.67555475,-0.5591305,-0.29737666,-0.15538739,-0.34614763,0.05786214,0.27701136,-0.107200086,-0.037841268,-0.2508151,-0.119483665,0.21519904,-0.20582159,-0.15068807,0.24881765,0.108076505,-0.022357669,0.24230713,-0.039063424,-0.53441465,-0.30743384,0.26040775,-0.09092232,-0.0328286,-0.3731365,-0.23502444,-0.4162509,0.30803815,-0.20355988,0.27555966,0.12840247,0.1836359,0.13663654,-0.2968375,0.1994937,0.09532222,0.31528676,0.20706387,0.05962862,-0.27612627,0.14456716,0.038337253,0.07845031,-0.48156217,-0.27451262,0.013058854,0.054591507,-0.03613036,0.20223926,-0.051275425,0.023947563,-0.121928714,-0.096945345,-0.32494536,-0.47624204,-0.03249627,-0.35878807,-0.4908536,-0.5000065,-0.10618775,-0.14348641,-0.33721328,-0.16692334,0.032838844,0.23241375,0.4727121,0.2923814,0.07573546,0.042262577,0.30926198,-0.033119164,0.18136768,-0.212593,-0.18738115,0.00820481,-0.013195749,0.039158262,-0.32313743,0.065447874,-0.0645541,0.2434734,0.541546,0.18123895,0.2752739,-0.11671704,0.5530762,-0.3808889,-0.27131173,-0.18836926,-0.71205676,0.65511805,-0.0080673685,0.37032825,-0.36590326,0.6055895,0.32382077,-0.60724443,-0.014131939,0.590423,-0.30795604,0.19616912,-0.24189991,-0.08218616,-0.038699515,0.054035377,0.34342957,0.22090577,0.19641712,-0.10486418,0.12598586,-0.7951062,0.47818553,0.30052584,-0.18226169,-0.19945183,0.22461857,-0.17830892,0.5127852,-0.21292044,0.63987464,0.2680766,0.19019747,0.40679988,-0.7358243,0.03576746,-0.2842435,-0.39272702,0.24394569,0.20383051,0.39183155,0.049376562,1.0461496,-0.22818021,-0.8114673,0.8564625,0.14279889,0.1379346,-0.2057192,0.18048084,0.096430324,0.19837865,0.19888203,-0.13835374,-0.6448187,-0.2536663,0.0096162055,-0.17334047,-0.053755246,0.5431495,0.081531934,-0.14722434,0.46638975,-0.13380317,-0.10134098,0.22096884,-0.21070188,-0.12764959,-0.030653495,0.02303744,-0.42718694,0.09571549,-0.31261677,0.0016731083,-0.41750947,-0.368519,0.14955497,0.41549265,0.038167745,-0.19116838,0.13939369,0.05595522,-0.26264367,0.32570007,0.14996193,0.3780914,0.07562968,-0.34099865,0.0827322,0.0658186,1.1466113,0.27206394,0.13005143,0.15039456,-0.32464495,0.2790442,-0.03141458,0.18893953,0.5109325,0.2230922,0.2877015,-0.34213853,-0.173353,0.2874949,0.051676463,-0.3883681,-0.10243075,-0.5270245,-0.22676592,0.08387188,-0.01456327,0.67182136,0.18359607,0.30961367,-0.00523782,-0.4048206,-0.16309617,-0.28113943,-0.021163445,-0.005644688,0.05479844,0.020536873,0.5292881,-0.48878762,-0.4464581,-10.678762,-0.32273692,-0.14842734,-0.36832604,-0.016809396,-0.38184303,0.2618621,-0.1574966,-0.23542452,-0.4367846,0.0109871505,0.17650875,0.2764458,-0.3466737,-0.12502605,0.104848295,0.9135973,0.2950534,0.15274887,0.63038594,0.0585752,-0.24190295,0.22954637,-0.04810119,0.17659914,0.38794473,-0.16318968,0.18933356,-0.14498442,-0.29453763,0.053718556,-0.30063468,-0.2153404,0.87392455,-0.41564122,-0.05289813,0.058182906,-0.7264794,0.073286965,-0.5788375,0.36946782,-0.5188692,-0.20754877,-0.3283441,0.84110266,-0.5889666,-0.33144942,-0.0819706,-0.08597229,0.30465987,-0.4766524,-0.6128541,0.4802546,-0.5487312,-0.07922744,0.05437047,-0.041122798,1.0432166,-0.5275225,-0.73743385,0.52577955,-0.3722633,-0.5948765,0.15980391,-0.24181102,0.0854573,-0.4677913,-0.67855394,-0.5200519,-0.30931675,0.023683596,0.5275769,0.027582325,-1.2782266,-0.35776225,0.22262064,-0.13909434,0.56360245,-0.05398128,-0.0049373475,-0.7247783,-0.20630018,-0.13822776,0.21942759,-0.3954035,-0.09693077,0.4396236,-0.39096433,-0.45182967,-0.09714633,-0.32001984,-0.011725787,-0.01739624,0.29576346,-0.0434162,-0.32312825,0.5702075,0.013115628,0.18403065,0.10617637,0.31185535,0.3910017,0.49147105,-0.13536626,-0.5135142,0.039086536,-0.25058275,-0.26775157,0.23416576,-0.16229962,0.24176607,-0.22622532,-0.84261405,0.34456962,-0.28337476,-0.13843864,0.16121599,0.006925031,-0.17540817,-0.5488557,-0.16527973,0.20747909,-0.3895282,0.038165055,0.20833951,-0.3869253,-0.04360364,-0.043400068,-0.16790397,0.052166834,0.033114124,-0.43069497,0.00015840947,0.77557176,-0.06675378,0.082317345,0.11655628,-1.1431894,-0.008682326,0.1904074,0.26158124,0.61798215,0.12718739,0.48795506,0.450404,0.38400435,-0.031553835,0.3481351,-0.23757705,0.06544698,-0.42203835,-0.5092619,-0.14280929,-0.14816767,0.12819286,0.36223197,0.4653525,-0.23161739,-0.2869982,0.082127236,-0.068126015,-0.077180326,0.004825035,0.463229,-0.025700396,-0.05440945,0.0043922327,0.09241506,0.31837037,-0.4142787,-0.51820487,0.71644706,-0.18896455,-0.12762688,0.24042831,0.27456343,0.06144503,-0.029940551,0.15661104,0.6220476,-0.20270956,0.25500593,0.26340666,-0.03291684,0.4803535,0.24999923,0.09073677,-0.085136205,0.68885684,0.63859975,-0.87639856,0.4232996,-0.5172609,-0.5864595,-0.13057841,-0.84745145,0.5083321,-0.75704736,-0.0758754,0.15600134,-0.33755973,0.13657288,-0.7998788,0.24618787,-0.77474475,0.22910103,-0.009700823,0.44982582,0.07935229,-0.13726422,0.21787556,-0.038812306,-0.16661452,-0.11527269,0.28847852,-0.0661284,-0.50436616,-0.3767272,-0.43032405,0.23188561,0.07763433,0.07357988,0.45606202,-0.053474598,-0.20574452,-0.24591511,-0.05783596,-0.14024867,-0.19527967,-0.024321621,-0.37425435,-1.2391672,0.42309606,-0.36531916,-0.38628274,0.27188796,-0.3780124,0.24894354,0.015636941,-0.3530318,0.039044052,-0.40707248,-0.0012477364,-0.55246043,-0.42015645,0.2435141,-0.04074775,0.31609452,0.0721696,-0.20137651,0.3816911,0.09580184,0.03744583,-0.49775565,0.3021314,-0.8154528,-0.24006969,-0.24159908,-0.025652952,0.15605794,-0.17027196,0.18678047,-0.15754296,0.4467092,-0.3641471,-0.07135583,-0.13260469,0.16145869,-0.35564303,-0.4907029,-0.25578934,0.66858643,-0.025449906,0.3204132,-0.12597227,0.27350524,-0.560058,-0.39114615,-0.08782595,-0.18989962,-0.2747142,-0.12935168,-0.031719364,-0.19760044,0.29885805,-0.026805392,-0.51061445,0.15510042,-0.095635526,0.20462525,0.12187323,0.41437045,-0.46297073,0.12559812,0.4186187,0.34425473,0.5640928,0.051372778,0.19992517,0.3406282,-0.2897381,-0.17287545,0.3840181,0.021905355,-0.37757033,0.20455845,-0.15132545,-0.3556464,-0.122560285,0.05979518,-0.2902671,0.06020239,0.58255994,0.40923756,-0.14370385,-0.6313525,-0.43273172,-0.22861598,-0.386761,0.3238882,-0.18492353,0.23508097,0.575516,-0.21473108,-0.1822434,0.18731868,-0.31354505,-0.15147,-0.115544975,0.09425326,-0.56418025,0.23695372,-0.3035987,0.11653713,0.031886715,-0.20075198,-0.09029372,0.054379873,0.08191568,0.23870559,-0.22163552,0.7215916,0.54332846,0.30570439,0.25154206,-0.4758862,-0.6172903,0.35602567,0.59573495,-0.46767688,0.07228527,0.19587624,0.26652816,0.00054204674,0.4205395,-0.51787126,0.14808159,-0.05709012,-0.08227349,0.7186373,0.4534024,0.35225776,-0.0060217786,-0.38654763,-0.2531718,-0.23535667,0.3092911,-0.095298775,0.15199935,-0.2576582,0.30535764,-0.1883086,-0.003244043,0.1538628,-0.3349329,0.0058175432,0.46230853,-0.37112704,0.073200956,-0.18212457,-0.11245745,-0.07379024,-0.44070792,-0.14601277,0.24184293,-0.48733112,-0.028432235,-0.5358714,0.03814514,-0.6964581,0.031313516,-0.09040306,0.07916733,0.3253857,0.25397435,-0.038883816,0.34022537,0.29469392,0.39345133,-0.1487479,0.01331927,-0.12805,0.3783895,0.16722931,0.38957134,-0.22091286,-0.112176895,-0.038245294,-0.8327838,-0.2395474,-0.3143496,0.38450226,-0.1061633,0.47116753,-0.14706735,-0.20621927,0.13672042,-0.6462264,-0.18049961,-0.46579862,-0.45871872,-0.15281355,-0.0959548,0.19313928,0.054416515,-0.47000176,-0.46273357,-0.1105012,-0.07973641,0.07780776,0.34805351,0.40589574,0.26252082,0.13045236,-0.19239673,-0.47629765,-0.12540387,0.12659402,0.5953384,0.34427518,0.046505243,-0.07116322,0.3264174,-0.20470478,-0.123319015,-0.071924366,0.041535463,0.028761087,-0.4474136,-0.73186684,-0.6850929,0.04220227,-0.5055457,0.013463532,0.31074452,0.46350166,-0.4335452,-0.41664064,0.226246,-0.19134936,0.0,0,0,1,0,0,0,0,0,0,0,0,0,0,0,1,0,0,0,0,0,0,0,0,0.0,0.0,0.0,0.0
0.28848612,-0.21301268,0.77484727,0.23314518,0.34382352,0.12822862,0.09535034,0.32028896,0.002982004,0.07749094,-0.08170672,-0.31636143,0.19563745,0.4797982,0.118066184,0.42308438,-0.030211749,0.30168998,-0.3459112,0.1712487,0.114687234,-0.1237211,-0.09516665,-0.027719125,0.1300427,0.54175675,-0.0027693459,-0.11006533,-0.50877595,0.06890053,0.55246836,0.009341533,0.08569996,-0.26032406,-0.7520336,-0.33345726,-0.017816156,-0.075077884,0.25363195,0.018137624,-0.18736158,-0.37398472,0.3065537,-0.06359141,0.007508759,0.17743337,-0.05804876,-0.48213506,0.033205584,-0.46579957,-0.6294916,-0.018118545,-0.16338389,-0.47076115,-0.1321078,0.5053041,0.31677216,-0.557275,0.06319997,-0.07586005,-0.26011598,-0.22664838,-0.10157118,-0.07984336,-0.40413135,-0.31615078,-0.29009366,0.3750164,-0.7310236,-0.0028559256,0.4020388,0.16606201,0.06360454,0.036438216,0.15502757,0.12044008,-0.39660615,0.8203471,0.2918258,-0.4328597,-0.12683856,-0.20352337,0.8553447,0.2387496,0.33027336,0.033633824,0.16486858,-0.04645061,-0.3393153,1.0486012,-0.25844154,-0.1674613,0.32384717,-0.099454984,0.1765156,-0.3827153,-0.6497651,0.14917944,0.27205527,-0.2197474,0.5643834,-0.7847867,0.41615182,0.062232073,-0.21419731,-0.04975149,-0.5021733,0.12760201,0.00088467414,0.14898033,-0.05695687,-0.10435415,0.2176333,-0.10670056,-0.053478792,-0.35052595,-0.17536294,0.35597232,-0.30637723,-0.13611312,0.05773306,-0.071651146,0.007461546,0.22020905,0.18054076,0.12430065,0.19531108,-0.34379113,0.33315837,0.38986358,0.69877684,0.2138682,-0.21607931,-0.19852017,0.107828215,-0.0577665,0.0741098,-0.19581053,0.38284373,-0.3093245,-0.033673845,-0.1425197,0.04443449,-0.101872,0.43592617,-0.3779083,0.009893348,-0.026342858,-0.1304828,0.3494561,-0.031868707,-0.09723106,-0.13751611,-0.3585695,-0.012765128,0.013480021,-0.22081867,0.07822707,-0.093187004,0.5932733,0.5223566,-0.12099937,0.040258937,0.00034990616,0.09729313,0.028321039,0.26018327,0.6373266,-0.07571743,-0.15129416,0.21277875,-0.26438627,0.65683764,0.12713972,0.69627416,0.09408541,0.005579124,-0.13878453,-0.16698202,1.207984,-0.45338666,0.090102874,0.30646974,-0.1818001,0.39190575,-0.65430504,0.46192867,-0.49709594,0.61553395,-0.32842284,-0.52930754,-0.22147861,-0.36335945,-0.058560062,0.12394827,-0.42045197,-0.43098843,-0.35133898,0.7411869,-0.05659562,-0.001287756,0.505398,0.188619,-0.14625007,-0.3812008,0.3511847,-0.29997158,-0.08554992,-0.5123386,0.07799115,-0.010457686,0.16421115,-0.2088692,0.006080813,0.041832548,0.052733604,0.010605748,-0.3182291,-0.48873067,0.13743444,-0.49462306,-0.16046488,-0.3130378,-0.14425509,-0.5586178,1.3591646,0.20588876,-0.5771378,0.5629331,0.08534622,0.18062297,-0.02269447,-0.35084578,-0.70958054,0.16802299,0.085672855,0.18075764,-0.3914972,0.08713211,0.15015201,-0.40410447,0.41837293,0.48403472,-0.35535085,0.067035936,0.12842207,-0.059408482,-0.6815711,-0.14553095,0.031615674,-0.124119356,0.14221816,0.039814677,0.08560294,-0.011911129,-0.2548092,0.4264491,-0.39852893,-0.015509499,0.053650297,0.4819573,0.17175037,0.5279276,-0.2947668,0.44509616,-0.54724413,-0.3582841,0.46130532,0.37098145,0.037575573,-0.1755474,-0.43976167,0.09706679,0.23352319,-0.10643107,-0.42283905,0.5994668,0.048944954,0.23853827,-0.69506204,-0.36796868,0.14763711,-0.1647285,-0.16814333,-0.26437628,-0.102152646,0.6096228,-0.131235,-0.026812423,-0.026982572,0.1343136,0.22582784,-0.4045631,0.07856396,0.9964365,0.4312011,0.034108892,0.5361845,-0.30032164,-0.5473407,0.2771014,-0.10788532,0.2787496,-0.26502883,0.19025381,-0.49632928,-0.16206992,-0.54921174,-10.718925,-0.3048946,-0.1658683,-0.28007594,0.47966376,-0.5421443,-0.31405354,0.21609327,-0.26699194,0.52873534,-0.1432249,-0.288256,0.06949483,-0.34170115,-0.059509803,-0.38647008,0.26329392,0.45381686,-0.33815563,0.22627747,-0.21140854,-0.63910925,0.52420324,0.0847749,0.3929949,0.38005596,0.21293655,-0.1558161,0.12449972,-0.59193295,-0.31556022,0.2262952,-0.19111963,0.99631834,-0.1347856,0.094907425,0.09772838,-0.6562806,-0.11548493,-0.30910653,0.022575287,0.09660432,-0.37982616,0.14198355,0.83082426,-0.35109904,-0.3412389,0.42435497,0.076439075,-0.018792557,0.13527699,0.047497753,-0.48390904,-0.16450079,-0.04530105,-0.08732711,-0.3281477,0.48391524,-0.28625113,-0.06328294,0.38233268,0.107189745,-0.38652527,0.45183158,0.29186797,-0.31960964,-0.9504387,-0.33317363,-0.22391148,-0.18768299,-0.59799933,0.0204446,0.37484467,-1.3231982,-0.07357414,-0.2065802,0.30608737,0.18783565,-0.05344458,-0.19402103,-0.374916,-0.26173997,0.03706464,-0.36874807,-0.92847514,-0.73493654,-0.4249236,-0.3535059,-0.116785765,0.69619393,0.10620542,0.2481472,0.41734856,0.11092648,-0.26098126,-0.45508865,0.17244878,-0.09497714,0.067564294,0.32620487,0.018287234,0.07424539,0.73576194,-0.27909267,-0.055851534,-0.3514011,-0.2064686,0.23193434,0.24908318,-0.09337299,-0.59017384,0.123182684,-0.72611314,0.06549261,-0.35076272,0.018214285,-0.38576332,0.5034705,-0.16294555,-0.4581975,-0.46411797,0.28541532,-0.1610857,-0.86714834,0.05253202,-0.12878685,-0.11038623,-0.37351266,0.0971138,-0.07796997,-0.11603223,-0.08827541,0.42457458,-0.36176705,-0.0029091996,-0.38846242,-0.2469903,0.07589414,-0.4693499,0.25663275,0.2769519,0.16193664,0.64879155,0.14056592,0.33089232,-0.00071791915,0.043194503,0.1704582,0.06067457,0.34242573,-0.5538726,-0.89789194,0.29873836,-0.4189579,0.30666035,0.001956694,0.6076386,-0.5431182,-0.18695329,-0.78539896,0.3468069,-0.16395348,-0.12623554,0.3592674,-0.478838,0.2382824,-0.21427397,0.10300268,0.15335064,-0.46709523,-0.2066495,0.4888036,-0.011542598,-0.115800954,0.04399678,0.25832775,0.5397371,-0.6517543,-0.024964795,0.49045902,0.40605518,0.14042723,-0.18976915,-0.09471962,0.23504882,-0.35471833,0.04783254,0.6860651,0.5130991,0.23368923,-0.04151377,0.350877,-0.067844234,0.17735998,-0.07966617,-0.13851885,0.44687012,0.44018933,0.14030579,0.1594829,-0.3426745,0.082789324,-0.16396944,0.33956796,0.18645221,-0.057052866,0.2769792,0.6374684,0.50077593,0.060500126,0.11198492,-0.54870284,-0.5595512,-0.313114,0.20757484,-0.29589343,-0.3039746,-0.49520728,-0.48699796,-0.19426757,-0.1372205,-0.11362712,-0.2670699,-0.30013958,-0.2394277,0.3313167,-0.18294075,-0.08183305,-0.09406849,-0.40806952,0.064089686,-1.3747096,-0.20888853,0.3596883,-0.009539763,0.25539678,-0.28927177,-0.08914085,0.03368017,-0.14631607,-0.35252804,-0.6585093,0.24690494,-0.60919356,0.24823143,0.1244578,0.020978231,-0.08425699,-0.5501234,0.20515701,0.32998264,-0.3015369,-0.20822696,-0.0004198237,0.2658254,-0.76354414,-0.16521935,0.021836163,-0.15040582,0.31557,-0.2494039,0.019469123,-0.05511687,0.23074737,-0.027789416,0.25488925,-0.045235716,0.11230704,-0.195656,-0.2151702,-0.19376162,-0.6417528,-0.023370888,0.24668038,-0.4803995,-0.28682545,-0.29451987,-0.7777329,0.3322386,-0.15693833,-0.30935147,-0.1757051,0.07095822,-0.15714014,0.08058758,0.028815312,-0.5534017,0.48114383,-0.015559767,0.36094677,0.52369523,0.80636543,-0.18791848,0.08911606,-0.19578531,0.2562538,0.5701627,-0.13708214,0.0023822093,0.024237499,-0.26409677,-0.303834,0.26530197,0.41550946,0.23540701,-0.010373751,0.08659783,-0.15326859,0.028805232,-0.257531,-0.5303984,-0.27798277,0.44711632,0.29397064,0.13800527,0.18591768,-0.08660593,0.022269905,-0.40892133,0.21027431,0.027286666,0.24765545,0.7049969,-0.09699295,0.2784173,0.21943434,0.12115265,-0.32058093,0.053562976,-0.027441226,0.23222828,0.2316646,-0.022256179,0.27615938,-0.0630344,-0.24374287,-0.09154641,-0.003159421,-0.34575534,0.10502417,0.3299892,0.26656127,-0.19453804,-0.13707906,-0.09287957,0.18351582,-0.016143458,0.12774128,0.48840043,0.25265628,-0.06904003,-0.12609896,0.0050978367,-0.4152282,0.4991561,0.051141076,-0.105113536,0.044139203,0.5727552,0.42516097,0.39986718,0.18601418,0.10750454,-0.48101264,-0.35296962,-0.18451877,-0.23071153,0.3658131,0.22570275,0.15257019,-0.1169067,-0.042081445,0.12171814,0.04453078,-0.012127974,0.08930383,-0.25092566,-0.19192424,-0.3776981,0.15658173,-0.2846921,-0.15524055,-0.49297687,-0.1346191,-0.08206773,-0.11055506,-0.16645704,0.22667812,-0.013602084,0.099257,-0.30408826,0.3538084,0.17933737,-0.056833234,-0.36903155,-0.31628904,0.0009139551,-0.056187905,0.29556623,0.010073257,0.1323607,-0.25404757,-0.294651,-0.34542325,0.29661465,-0.20283325,-0.36726394,0.25185594,-0.6362459,-0.18904214,0.5646794,0.10147821,0.06856246,0.16130292,0.17250511,0.16575748,0.5708078,0.14231429,-0.25076884,-0.11225421,-0.2384157,-0.60578763,0.06647188,0.15012984,-0.18590063,-0.43592656,0.10291763,-0.054058257,-0.15304503,-0.17523548,-0.5944438,0.182854,0.33531228,-0.21408844,-0.437971,-0.37018517,-0.26293582,0.19615962,-0.22207564,0.12974942,-0.065338425,-0.008414918,0.09457146,-0.22464706,-0.10259424,0.24938257,-0.18395086,0.08280492,-0.6237089,-0.10844465,-0.24619874,-0.053304113,-0.40955546,-0.062569365,0.123387344,0.15203112,-0.15004848,-0.07214373,0.330283,0.21840729,0.0,0,0,1,0,0,0,0,0,0,0,0,0,0,0,1,0,0,0,0,0,0,0,0,0.0,0.0,0.0,0.0
0.41735202,0.06838336,0.74934554,0.13718556,0.45554292,-0.30652773,-0.19612974,0.4595547,-0.31855753,-0.47176018,-0.090146646,-0.12743302,0.0968163,0.37047622,0.4611278,0.5231739,-0.36358112,0.42326012,0.17409442,0.010317857,0.77015424,-0.052041695,-0.00024016887,-0.11620623,0.1843739,0.018370321,0.07216327,-0.31186086,-0.5123955,0.092725955,0.04206894,0.42569518,0.049431175,0.07990127,-0.41060233,-0.2730664,-0.41930744,-0.10452057,0.50927275,0.37577453,-0.21279392,-0.3776187,0.3796316,0.12652317,-0.5644536,0.19254585,-0.06295169,-0.1944026,0.3165194,-0.32570848,-0.6338442,0.26749894,0.075748,-0.5971341,0.08080741,0.52060676,0.78065825,-0.50933063,-0.5100037,0.137232,-0.13374166,-0.3555885,-0.030726671,0.036612004,-0.23388562,-0.33143795,-0.0243783,0.5196078,-1.1346288,0.017590482,0.07084275,0.19045705,-0.07660992,0.37583613,-0.34955692,-0.057464525,-0.29037383,0.7905011,0.29042637,-0.318538,0.14614703,0.13006505,0.7466894,0.28558528,0.39717752,0.36675,0.16529088,-0.08063801,-0.83852476,0.831001,-0.034702376,0.19448559,0.009783175,0.12393031,0.463714,-0.725177,-0.49420306,-0.50329006,-0.44668704,-0.069423765,0.6346894,-0.41961354,-0.03941573,-0.39417267,-0.31328735,0.028067328,-0.44519293,-0.3433387,0.1727634,0.101288706,0.0018625217,0.22635105,0.3020404,-0.4207149,0.123131044,0.032830924,-0.3408388,0.77634925,0.491733,-0.31701568,-0.053840682,0.4976687,0.0922165,0.25424647,0.359789,0.2599314,-0.26208475,-0.39085552,0.15192099,0.41357955,0.40160698,0.37659132,-0.12744938,-0.4549517,0.10594706,-0.12690334,-0.22353439,0.04630942,0.07136616,-0.07567525,-0.023831017,-0.46923715,0.120563895,-0.10457963,0.42267027,-0.19424261,-0.052149102,-0.39063764,-0.3574432,0.37379616,-0.48497254,-0.10829483,-0.30939493,0.118188895,0.30003932,-0.32850972,-0.30614442,-0.09124838,0.402653,0.15279433,-0.1279269,0.26357102,-0.0067225304,-0.09936196,-0.121325485,0.0475503,0.1896635,-0.06393518,-0.14953856,0.105742455,0.08111706,-0.52810746,0.38856208,0.24107,0.43410984,0.46979323,0.17137748,-0.4685869,-0.12592724,0.8298669,-0.42475182,-0.48433307,0.5433907,-0.33559403,0.23079108,-0.26583132,0.604356,-0.3754784,0.84672564,0.124675214,-0.33148193,-0.062867716,0.11107438,-0.19961868,0.51190484,-0.3398007,0.15820588,-0.045301996,0.16439757,-0.4187773,0.15532093,0.12778568,0.17997055,-0.31765243,-0.65682083,0.3718598,-0.20826305,-0.24482985,-0.74210876,-0.23090307,-0.16006736,0.45745793,-0.27336472,0.07626189,-0.07786868,0.1801277,0.028249169,0.060711805,0.17832738,0.2580711,0.03712587,-0.50987273,0.048652764,-0.08825933,-0.2096148,1.2963758,0.2763741,-0.68241954,0.24812146,0.07385187,-0.12550619,0.08864027,0.34036842,-0.43561372,0.4298782,0.20326963,-0.29401752,-0.3444433,-0.17888916,0.04440888,-0.2694293,0.1849977,0.2684375,0.22262445,-0.37620527,0.051958065,0.28023958,-0.15285484,-0.28156564,-0.13079272,-0.048831943,-0.09520994,-0.39210427,-0.14133726,-0.04455562,-0.2705661,0.11587271,-0.4232344,-0.41933337,0.14391077,0.5125747,-0.081332296,0.06516947,0.07140705,0.5169598,-0.52191824,0.043250646,-0.1868521,0.55826163,0.2941038,-0.1594311,0.040916786,0.24212182,0.904855,0.13413972,-0.6808415,0.15863866,0.16998184,0.25775173,0.059979264,0.012122287,0.5780542,0.102465175,-0.11566161,-0.107366964,-0.48273063,0.4015327,0.22845478,-0.04691989,0.20806646,-0.2979921,-0.07498768,-0.26678848,-0.3731209,0.84828025,0.37053862,-0.05473195,0.18682426,-0.64426476,0.121389955,-0.10918689,0.34069732,0.09006867,-0.4531538,-0.20422678,0.31049028,-0.5333264,-0.22659719,-11.553832,-0.43367016,-0.02993392,-0.44922,-0.14221121,-0.26251733,0.22628579,0.06967659,-0.19772708,-0.19406296,-0.023132937,-0.030146439,-0.17343226,-0.19514178,-0.34034976,0.28286952,0.7038932,0.35875553,-0.3823279,0.51032615,-0.49663985,0.06435766,0.21329455,0.23055504,0.52881324,-0.19581372,-0.37813243,0.045371816,-0.086379625,-0.24583007,-0.10701608,0.31964633,-0.15975882,1.0938412,-0.21893214,-0.2924696,0.2607261,-0.3963505,-0.3500744,-0.29869294,0.1565039,-0.02124072,-0.52637863,0.07818737,0.8140825,-0.6128342,-0.27789474,0.47381145,0.017704584,-0.15140443,-0.16200632,-0.2285816,-0.21804795,-0.5965439,-0.15281586,0.13624834,-0.06230472,1.0867095,-0.19610439,-0.13962917,0.6903804,-0.1514765,-0.044853523,-0.17202112,-0.24893637,-0.24960345,-0.8405677,-0.200133,-0.53903586,-0.12613651,-0.20859975,0.22532749,-0.026768677,-1.2177914,-0.010729802,-0.1252382,0.39624694,0.23510659,-0.22232538,-0.31361884,-0.9644959,-0.33353624,-0.020653106,-0.118956596,-0.2674466,-0.7366004,-0.00806864,-0.74487543,-0.51768494,0.24208185,-0.082709014,-0.20655607,0.44125068,0.07428964,0.29344213,-0.12638748,0.42014366,0.04234649,0.048517607,0.36193863,0.24506412,-0.076692894,0.40049195,-0.41638747,-0.47002456,0.27278593,-0.07410142,0.369803,0.10178553,-0.23663317,0.08284389,0.2608601,-0.38209516,-0.16638336,-0.19696331,-0.11469564,-0.021239884,0.47207612,-0.27875665,-0.2835294,-0.4869947,0.018458307,-0.617849,-0.5623487,0.21887934,0.095396996,0.0038351875,-0.30343577,-0.18994145,-0.35876217,0.10376075,0.08230732,-0.057199173,-0.30159062,0.13136515,-0.3318432,0.043685745,-0.4921664,-0.28530812,0.00038770138,0.32793438,0.16515604,0.08869722,-0.054803833,0.07080564,0.18257804,0.27839538,0.34035304,0.19833265,0.2892205,-0.6056425,-0.848423,0.06273878,0.02199898,0.16957854,-0.10444225,0.65849096,-0.12353243,-0.5267506,-0.70483315,0.4791656,0.044767994,-0.45080677,0.10100937,-0.10193674,-0.08067031,0.11673691,0.281925,0.00097041123,-0.6652962,-0.03388471,0.49567086,0.04645791,-0.10291168,-0.07691807,0.0048153247,0.41109094,-0.09023496,-0.15682413,0.7773514,0.11674449,0.6415316,-0.008808307,-0.18839554,0.46348053,0.1342423,0.25202674,0.5642813,0.4499014,0.7181017,-0.7929018,0.70832247,0.10178835,-0.7499994,0.26011145,-0.41727337,0.73707986,-0.0016951956,-0.15906808,0.10301024,-0.59376657,-0.0013710019,-0.8150406,0.104299575,-0.04818385,-0.0052963924,0.16028136,0.4161081,0.8074624,0.09845014,-0.10568454,-0.52895325,-0.47038585,-0.41042504,0.39999297,-0.21144596,-0.26023704,-0.7350428,-0.65466386,0.24361572,-0.30688563,0.014710059,0.062911965,0.021108473,-0.29257825,-0.06820121,0.11497913,-0.3024758,0.008774511,-0.11530521,0.13477214,-1.8099605,0.28887334,0.30238906,-0.089222096,-0.0472896,-0.40035453,0.15120788,0.17274423,-0.0162575,-0.48643538,-0.5766348,-0.21526267,-0.722053,-0.018825103,0.040878735,-0.422583,0.40368378,0.036059726,-0.2478282,0.4434447,-0.40700758,-0.2537733,-0.3460226,0.2922374,-0.39005998,0.0017719739,-0.3974687,-0.3127984,0.0921136,-0.22664495,0.23782724,-0.018427672,0.052248105,0.18463078,0.17966014,0.045701515,-0.18643844,0.15182152,-0.7383938,-0.4243439,0.1379279,0.14017914,0.36307004,-0.20992483,-0.29548675,-0.3607522,-0.25159442,-0.074189216,-0.29751495,-0.5073279,-0.076503284,0.22971731,0.21687485,0.29268986,-0.35235655,-0.23320353,0.023124447,0.10423036,0.06261652,0.3509785,0.63796806,-0.54596317,0.08863494,-0.034121748,0.4842961,0.33565646,-0.39353234,0.03297389,0.08697473,0.01567809,-0.12878805,0.7073945,0.15488023,0.21011652,0.27276263,0.006012655,0.016510282,-0.35888872,-0.51438946,-0.76291037,-0.33085087,0.50606513,0.65332687,-0.3788303,-0.32384998,-0.5781474,-0.13499704,0.040285796,0.0675092,-0.35355458,0.384738,0.5484035,-0.22287796,0.121784255,0.11884433,0.078041464,-0.15432224,0.4470258,0.16663179,-0.4338547,0.2821713,-0.0150745325,0.4969505,0.22377558,-0.46914423,-0.19426706,0.003551773,-0.2247523,0.13880697,0.4650063,0.30947798,-0.27706817,-0.02303121,-0.042191677,0.105351575,-0.50617903,0.40790132,0.10088723,0.30806142,-0.053129416,0.04029776,0.19340087,0.11597658,0.46901712,-0.035407387,0.0035815751,0.14372267,0.13702781,0.27347216,0.055629462,0.48918632,0.2960058,-0.4826175,-0.17447738,0.041196465,0.14046086,0.48024383,0.11138977,0.253826,0.067114905,0.010732245,0.22887035,-0.09313688,-0.37487128,0.051197376,-0.1232155,-0.2095821,-0.047197443,0.088710696,-0.34577966,0.067183316,-0.2878447,0.1433855,0.34324032,-0.424422,-0.23359415,0.17551307,-0.37017578,-0.36106914,-0.10212424,0.43346196,0.23036581,-0.08700636,0.12935957,-0.29805768,0.1692659,0.20365843,0.06607975,0.3887433,0.18234377,-0.13472363,-0.3220769,-0.012622089,0.05504891,-0.25835967,-0.49955127,0.0711708,-0.5314216,0.23543932,0.10881493,-0.114123404,-0.02036231,0.51183516,-0.24754386,0.033719588,0.4440809,-0.20377547,-0.24984941,-0.10118541,-0.3012508,-0.24445641,-0.05844884,0.093281396,0.12408321,-0.07842041,-0.4938071,-0.035777148,0.040356804,-0.046383336,-0.5445321,0.4519855,0.45130023,-0.019464033,-0.98817354,-0.31981346,0.14598106,0.31380826,-0.0069775437,0.3118743,-0.09094418,0.23711914,0.16367072,-0.34277257,-0.107181616,0.10789739,0.27831212,-0.12675807,-0.5569853,-0.44108754,-0.43301296,-0.08955246,-0.32286245,-0.3729153,0.29733175,0.11988639,-0.23048198,-0.44097856,0.07868783,0.09291133,0.0,0,0,1,0,0,0,0,0,0,0,0,0,0,0,1,0,0,0,0,0,0,0,0,0.0,0.0,0.0,0.0
0.36781076,-0.208977,0.540882,0.025131194,0.4153175,-0.55058783,0.06588942,0.4231299,-0.121107236,0.023577012,-0.3586382,0.02214,0.095288366,0.1624833,0.13970199,0.5648701,-0.31198457,0.18316725,0.12890497,0.21664672,0.44311345,-0.014629914,-0.12801215,-0.031567834,0.28653744,0.14347295,0.3426409,-0.4922142,-0.8628876,-0.12199214,0.45017365,0.2626501,0.20650905,-0.3854495,-0.24534036,-0.50393414,-0.17907234,-0.42492768,0.15314804,0.38031733,0.052337278,-0.19904183,0.32984555,0.06983964,-0.14229752,0.105038986,-0.1387615,-0.4534825,-0.022013316,-0.21126522,-0.9626187,0.05723275,0.22529668,0.07832283,0.40069252,0.24498628,0.2931475,-0.38034892,-0.27024096,0.035463933,-0.09347735,0.37561318,-0.16974552,-0.09904077,-0.09168019,0.072960526,0.13621657,0.61914724,-0.9936578,0.23726247,0.084638394,0.06647434,-0.037830938,0.27501225,0.36446396,0.3635789,0.06366026,0.600991,0.2308347,-0.04998711,0.12926053,0.43435585,0.29354492,0.2660834,0.42853805,0.36513695,0.024877181,-0.09651127,-0.4833356,0.65545654,-0.26805168,-0.05961314,0.097441435,-0.34929726,0.74811476,-0.46832907,-0.30352223,-0.5449898,-0.17537619,-0.072044656,0.46174046,-0.29333133,-0.20438501,-0.023924982,-0.29309672,-0.09853359,-0.64802146,-0.5053089,-0.055186834,0.4755393,-0.19944727,0.34599045,-0.034801703,-0.44807616,-0.14933687,0.0929715,0.05245484,0.2496998,0.08789273,0.28250712,-0.004551435,0.46431392,0.043080658,0.15989268,0.33963206,0.0088550905,-0.19031149,-0.082504444,0.0682517,0.17199017,0.92356133,0.53688085,0.29839697,-0.32485318,-0.031495873,0.067602955,-0.14065373,-0.39819205,-0.070243,-0.13359167,0.034931064,-0.16015579,0.058937836,-0.043703977,0.26042688,0.23047191,-0.08623121,-0.25883213,-0.44269386,0.2956885,-0.44710883,-0.08552112,-0.15887217,0.09788413,0.15381794,-0.0070067104,-0.063940786,0.08167699,0.23404945,0.011351434,0.098772116,0.34726676,-0.21356022,0.053533997,0.08268121,0.023579836,-0.20716417,0.46708813,-0.006996289,-0.10925904,-0.020616736,-0.419655,0.14098561,-0.034791194,0.10778046,0.24857968,0.14849965,-0.085506074,0.5434042,0.64845294,-0.62211835,-0.21103157,0.41458088,-0.4384758,-0.09373257,-0.01890124,0.63826096,-0.44758826,0.26866043,0.20325516,-0.36544475,0.17286348,0.2879382,-0.49293426,0.11720254,-0.23476525,-0.23929077,-0.4658022,0.0966612,-0.16656369,0.38550377,0.10012654,-0.3284533,-0.10752892,-0.67672616,0.27966133,0.16545178,-0.5851076,-0.18484983,-0.3167576,-0.44000635,0.22006269,-0.25935465,0.46365932,-0.023702556,0.077562414,0.10600695,-0.043558434,0.025777213,0.07713015,0.14562632,-0.46611312,0.017013984,0.16027892,-0.0023499043,1.1578689,0.08524562,-0.1665014,0.8963226,0.32190418,-0.34377906,-0.033708677,0.43970287,-0.05498547,0.3199162,0.072929114,-0.46527183,-0.6931813,0.17611295,-0.042688727,-0.13074765,0.4536389,0.27798194,0.24352954,0.12788011,0.32429764,-0.057763778,-0.2989738,-0.1311006,-0.17266291,0.1354367,-0.120985106,-0.5558091,-0.37897205,-0.30011016,-0.25870073,-0.4621764,-0.27681845,-0.055670362,0.12946591,0.06958552,-0.038463764,0.031912614,0.09407088,0.050303362,-0.59837556,0.4306997,-0.015366762,0.46241978,0.20522037,-0.09944169,-0.18971254,-0.09068386,0.3760918,0.21558344,-0.07169486,0.03271668,-0.09416728,0.055564195,-0.000963317,0.19139248,0.05491028,0.114921115,-0.11938728,-0.42773393,-0.19353086,0.26649693,-0.033709053,-0.4798102,0.05853382,-0.55806863,0.412703,-0.5217445,-0.20165902,0.92484283,0.33670694,-0.30660298,0.35126555,-0.27185422,-0.24400671,0.66913676,-0.33358917,-0.110309295,-0.15416317,-0.24246904,0.3423011,-0.60009134,-0.67651606,-8.426714,-0.4561029,-0.4526339,-0.29574785,-0.1017416,-0.38046607,0.21965866,-0.31509224,0.121846735,0.054670405,-0.15356386,0.005818772,0.13427895,-0.3378984,-0.29790553,0.44421008,0.60404134,-0.031038225,0.17521797,0.26446348,-0.21399063,-0.21357316,0.20196295,0.13832627,0.23367846,0.12747453,-0.25590476,-0.051885687,0.038359772,-0.4587909,-0.072883286,-0.0053469795,-0.28248468,1.0095754,0.27309752,-0.39976284,-0.053348664,-0.30257228,-0.21709257,-0.26068518,0.0350842,-0.05301954,-0.0041381307,-0.0476311,1.1562164,-0.4641732,0.117915936,0.24068029,-0.36076844,0.14802384,-0.20484802,-0.49807072,-0.23431769,-0.37108603,-0.053496763,-0.30837393,0.050617237,0.9547233,-0.12976146,-0.054611564,0.37107757,-0.35539818,0.02747396,-0.1590988,-0.66462016,-0.27426553,-0.66811925,-0.6861479,-0.123233974,-0.125235,-0.47440416,0.5189439,0.05347009,-1.1212423,0.09462564,-0.47020894,0.10277786,0.37464875,-0.3246527,-0.13166893,-0.3148554,-0.31684312,0.04208393,-0.1242479,-0.44842118,-0.2744926,0.052538875,-0.25149927,-0.5877523,-0.015943555,-0.40715623,0.29965848,0.2859703,0.0696424,0.05892469,-0.10141336,0.659107,-0.6166391,-0.0075645195,0.2061549,0.46574906,-0.16706094,0.38731453,-0.3819379,-0.20215625,0.22239108,-0.22237825,-0.033737477,0.25055674,-0.27612424,-0.1467128,-0.07098107,-0.45522133,0.23647657,-0.3819575,-0.21273866,0.36550286,0.20468253,0.23169035,-0.48455676,-0.45044273,0.27986392,-0.35282695,-0.28648198,0.1145642,0.048672434,-0.16428745,-0.030711299,-0.5798971,0.1951386,-0.05158274,-0.17948748,-0.09127682,-0.0019771028,0.18065119,0.10297639,-0.052128516,-0.056542415,0.48235747,0.21747077,0.13409725,0.33355722,0.37707764,0.022347635,0.10194873,-0.18644,0.3085572,0.47015977,-0.007563695,0.1713445,-0.13031404,-0.63454646,0.14639603,-0.20456289,0.49782354,0.060929623,0.5084879,-0.08173404,-0.15880379,-0.56727064,0.38113394,-0.4731884,0.049556073,0.46442452,0.11940956,0.08924466,0.089817345,0.4348254,-0.02192888,-0.603561,0.0038448074,0.27211085,-0.17294475,0.23469569,0.28932893,0.2805313,0.32426646,-0.48383388,-0.24261938,0.32214943,-0.07958275,-0.1567145,0.09335992,-0.26416966,0.18417132,-0.3499728,0.11263875,0.26974925,0.49012282,0.6032425,-0.20269912,0.6185122,-0.014937627,-0.2957588,0.45001915,-0.74313486,0.43009257,-0.4170155,-0.077265285,0.41154647,-0.2337355,-0.020210965,-0.72067475,0.0031415392,-0.64598554,-0.13559091,-0.08056555,0.22045675,0.15467128,-0.34991878,-0.484708,-0.5067489,-0.35474983,0.062220164,-0.26069883,-0.06495818,-0.5100399,-0.0999792,-0.370443,0.20292686,0.12192533,0.09199152,0.23929848,0.3075015,-0.16968746,0.30823076,0.37702277,-0.30036494,-0.056825005,0.1655533,0.15595119,-0.96245164,-0.19208717,-0.16132571,-0.17247225,0.0004002597,-0.82837313,0.14475805,-0.021526944,-0.38050228,-0.47662297,-0.27166042,-0.3031172,-0.35722947,-0.39687943,0.23658648,-0.30628833,-0.06204503,-0.28437683,-0.01574992,0.23773962,-0.5874601,0.08896083,-0.33481055,0.4027561,-0.38997254,0.16845341,-0.06765498,-0.29793513,0.0575656,0.39444306,0.16975234,0.1458511,0.35389426,0.114311345,-0.07028909,-0.3259088,-0.028370714,-0.14420436,-0.55829537,-0.61370295,-0.029287806,0.28930414,0.4751362,0.3345206,-0.19866745,-0.08763088,-0.34349826,-0.34400013,-0.3142616,-0.28194016,-0.041938376,0.49027795,0.10786213,0.47058025,-0.31940818,-0.45435727,0.237808,0.04363213,0.00734581,0.2207215,0.51475286,-0.52152354,0.13283472,-0.16702817,0.30521172,0.54955214,-0.32161963,0.31144044,0.27936313,-0.0929081,0.13021645,0.49329486,0.10625709,0.11587757,0.28238082,0.06763611,-0.16758654,0.03377246,-0.19074337,-0.14707787,-0.3344942,0.289572,0.78959775,0.11402389,-0.413435,-0.69313973,-0.13113879,-0.5915938,-0.04984523,-0.051953763,0.40682927,0.45869878,-0.07973527,-0.17313527,-0.06373015,0.23970495,-0.19025075,0.36767617,-0.1453374,-0.18669157,0.0035397275,-0.2617763,0.33661953,0.2121116,-0.24351883,-0.37405998,-0.14137673,-0.3583628,0.06905801,-0.17357723,0.11862603,-0.25648573,0.29984525,-0.09880111,-0.009192891,-0.24973202,-0.10706273,0.14579022,0.08896422,0.2510257,0.16909224,-0.19940192,0.3803708,0.043872084,-0.0076850033,0.15636228,-0.14467017,-0.13796256,0.54916054,0.36858127,0.19607529,-0.14632493,-0.62890756,-0.22538738,0.08025343,0.3470565,-0.33111516,0.05624896,0.24344236,0.49491596,0.0561403,0.010887417,0.07150087,-0.17177062,-0.111204974,0.12122474,-0.1034085,-0.27295104,0.013660653,-0.41378716,-0.05172145,-0.72739,0.088589914,0.4652189,-0.36058244,0.05500269,-0.17714277,-0.32850635,-0.3849243,-0.4936596,0.46239945,0.05872638,-0.17006822,0.0061084707,-0.11411819,-0.085771635,0.21290825,0.14119509,-0.2350925,-0.09133551,0.0013914433,0.0069741183,0.09803943,-0.09919724,-0.02439539,-0.11555557,0.45584717,-0.49470752,0.018218363,0.39542374,0.44272488,0.07208547,0.15009248,-0.035581406,0.28711158,0.7720463,0.02607081,-0.3921953,0.11097395,-0.35585156,-0.41318202,0.26651937,0.009060163,0.089371465,-0.71025735,-0.2631798,-0.024239277,-0.15814847,0.38264182,-0.29826412,-0.2640372,0.15065464,0.2912339,-0.61057764,-0.36729312,0.023206782,0.18936676,0.090506695,0.27919343,-0.37040913,-0.1032205,0.37214053,-0.20930058,-0.03710958,0.14323808,-0.03521398,-0.08562359,-0.68337953,-0.31057957,-0.25171334,-0.13662416,-0.7852668,-0.32168472,0.15625393,0.14794034,-0.31545472,-0.40027875,-0.19275483,0.3078993,0.13333333333333336,0,0,1,0,0,0,0,1,1,1,1,0,0,1,2,0,0,0,0,0,0,0,1,0.0,0.0,0.0,-0.13333333333333333
0.8487243,0.07875038,0.70096374,-0.30208352,-0.086224824,-0.26693976,0.11060208,0.63710505,-0.2782626,-0.27983883,-0.1386961,-0.20637548,0.20205171,0.29097363,0.2365192,0.62437063,-0.52591634,0.8342448,-0.08493216,0.39015728,0.41088772,0.15091176,-0.1008155,0.15073952,0.38110557,-0.037709177,0.01407987,-0.227215,-0.578109,-0.35798493,0.4107921,0.07223552,0.46872512,-0.1279324,-0.2973207,-0.64277214,-0.44587177,0.03784447,0.116682164,0.16209379,-0.10794029,-0.18858199,0.57600176,-0.23562935,-0.09976373,0.0066630226,0.072921656,-0.15709881,0.7112738,-0.22749878,-0.40771624,0.22464384,0.18984316,-0.3186299,0.5693488,0.24770431,-0.08469513,-0.7635448,-0.3471904,0.17634791,-0.23864742,-0.2904803,-0.14184466,-0.07687095,-0.2691021,0.021264445,-0.27071887,0.508694,-0.8367999,-0.15610299,0.31486022,0.10458881,0.18626587,-0.19038591,-0.072420545,0.2428962,-0.5293227,0.72950864,0.10276283,-0.07650025,0.03548452,0.68215674,0.40915057,0.38807714,0.18679863,0.20916495,0.38089728,0.41433704,-0.59357643,0.19906957,-0.11659202,-0.07997078,-0.08610487,0.0046230583,0.9268372,-0.5691301,-0.29809514,-0.25157842,-0.529417,0.17899439,0.4662195,0.0069073867,-0.3615941,-0.52295935,-0.31644207,0.16940847,-0.35359058,0.047781076,0.6717033,0.117337234,0.122522056,0.29762366,-0.0709023,-0.44371182,0.15953055,0.433803,-0.056619376,0.274246,-0.02692863,-0.041657344,-0.37341484,0.29701415,0.055602107,0.23957485,0.1841235,0.20787135,-0.11310521,-0.4422658,0.18748431,-0.063266136,0.22393082,0.41146296,0.41360477,-0.6271942,0.4503968,0.05616135,0.12090982,-0.23621273,-0.19707718,-0.49088505,-0.059723224,-0.088338576,-0.0890149,0.42028582,0.033519167,0.41247272,-0.2751424,-0.20797893,-0.46708375,0.10618284,-0.32882026,-0.088346116,-0.5614422,-0.15006387,-0.4081632,-0.3194516,-0.15378296,0.14308874,0.18991917,0.24182408,0.35097492,-0.09003396,-0.020332575,0.23041832,0.14567919,-0.21312004,-0.015616354,0.1344931,-0.0071052043,-0.25656074,-0.055670034,-0.551697,-0.024360001,0.11697238,0.8555104,0.066075966,0.34994403,-0.026613396,-0.17615058,0.3845639,-0.38286358,-0.029964214,0.067019716,-0.33205524,0.25452816,-0.017923169,0.5739148,-0.35022426,0.7741557,0.032668594,-0.96773475,0.0026925565,0.5594523,-0.11214939,0.5542444,-0.12917756,-0.07227816,-0.25958803,0.38248977,0.32105866,0.3809485,0.10713261,-0.071555555,-0.5016491,-0.86666816,0.34136578,-0.101958305,-0.1517245,-0.14581655,-0.10948027,-0.24957924,0.22489028,0.24418981,0.041208874,-0.26529697,0.12358877,0.13290322,-0.21625797,0.075124174,0.08623638,-0.16181126,0.0039458727,-0.25749728,0.109609626,-0.16843523,1.0068257,-0.34600267,-0.6864454,0.58094466,-0.04153306,-0.2694583,-0.04637763,0.108526096,-0.14533357,0.30040124,0.38004085,-0.32282883,-0.55687505,-0.011574042,0.13832918,-0.42025378,0.43367845,0.18010348,0.14333229,-0.47617635,0.5729383,-0.3820095,-0.44519752,-0.011685724,0.00025723918,-0.15857677,-0.18791676,-0.37311128,-0.3648934,0.36564505,-0.24901928,-0.1889344,-0.41972867,-0.58272606,0.19293126,0.2890567,0.060611345,-0.004994167,0.15281464,-0.0662613,-0.43542403,0.17821516,0.08760585,0.26496193,0.17242603,-0.26389468,0.04066379,-0.00914389,0.6262816,0.028624149,0.1612764,0.28264204,-0.11235259,0.43807974,-0.25784266,0.11867258,0.2744197,-0.25513682,-0.19815753,-0.15199898,-0.511052,0.3107087,0.2686268,-0.39866012,0.18876451,-0.6430225,0.082303904,-0.11613365,0.019408079,0.8115919,0.32453275,0.40052179,0.3621426,-0.26551962,-0.028828051,-0.25414225,-0.32662612,-0.13264824,0.07371808,-0.22176601,0.14346117,-0.7015087,-0.37226513,-10.1409645,-0.4370304,-0.3444969,-0.4905827,0.28980494,-0.18645683,0.25232005,0.18663183,0.10279542,-0.53309983,0.020316942,0.10397745,0.35792202,-0.67659163,-0.47994667,-0.015993632,0.5963943,-0.17334278,-0.26781848,0.32561508,-0.4607893,0.06874662,0.49188823,-0.036627572,0.3354431,0.34458584,-0.08818228,0.1370681,-0.033166535,0.22207464,-0.14269984,-0.47730362,-0.42342773,1.3449166,-0.4460953,-0.18079303,0.01888489,-0.40008563,-0.23841496,-0.44701993,0.3718345,-0.3527479,-0.26631427,-0.16272333,1.0336264,-0.8194883,-0.26238355,0.21986328,-0.11913994,0.4095172,-0.1952894,-0.500608,0.44434088,-0.45324436,-0.11794897,-0.15288979,0.010110647,1.0899608,-0.56328565,-0.5992664,0.18545786,-0.2047839,-0.40757352,-0.14309487,-0.14601564,-0.10261995,-0.31385306,-0.72397023,-0.5843708,-0.26787186,-0.37862957,0.4681445,0.023470782,-1.3362076,-0.35276765,0.25596774,-0.11947226,0.43860957,-0.30607778,-0.34190917,-0.90515536,-0.050521303,-0.081851445,0.10306865,-0.2926482,-0.3404608,0.1564928,-0.47046214,-0.46871912,0.2775649,-0.089720905,0.030391455,0.0542373,0.16104774,0.19653493,-0.3419526,0.7301503,-0.016093472,-0.26957965,0.084099256,0.5903769,0.61248773,0.4435242,-0.34066528,-0.29858458,-0.24389176,-0.22105378,0.052303277,-0.12102124,-0.44438502,-0.15132047,-0.0816949,-0.4760293,0.325323,-0.5592952,-0.46875694,0.23465206,-0.023408303,-0.27985123,-0.4440903,-0.33461437,0.25735703,-0.7043558,-0.17067091,0.12790722,0.05060172,0.040460978,0.07732674,-0.1254787,-0.55115896,-0.20664148,-0.527612,-0.3251004,0.32876787,-0.13157867,-0.46450216,-0.07587847,-0.66097,-0.1279117,0.033430997,0.06304756,0.47873193,-0.08175272,0.2272525,0.28236446,0.025130432,0.045873333,0.1489922,-0.44577467,0.2088212,-0.5883633,-0.7677681,0.013633936,-0.18939555,0.15067333,0.16919954,0.058170337,-0.21951963,-0.1332478,-0.346292,0.108841695,-0.25465435,-0.027863936,0.41786116,-0.03129874,0.026510632,-0.15308994,0.21425146,-0.24774574,-0.45199764,-0.29565012,0.9133894,-0.034995273,-0.070572466,0.2890338,0.24356829,-0.01912534,-0.2617542,0.34762624,0.2437138,-0.4223475,-0.10897871,0.058655743,-0.16537596,0.27833316,0.16985792,0.36649278,0.138801,0.33999366,0.6975939,-1.2389209,0.719475,-0.086079225,-0.81030685,0.12011151,-0.78260964,0.72003233,-0.377836,-0.11616386,0.42473125,-0.36566296,-0.072300084,-0.9492847,0.5589135,-0.24358635,0.15131532,-0.09078993,0.4153067,0.39165562,0.08412325,0.37272972,-0.53404486,-0.06366876,-0.17500532,0.10346569,-0.30206776,-0.28825486,-0.14861596,-0.52880365,0.2262358,-0.088059336,-0.20866251,0.42843074,0.2343895,-0.40858945,0.03163225,0.12935239,-0.072654404,-0.17721744,-0.009358241,0.17209572,-0.933767,0.58155364,-0.04617315,-0.53209233,-0.066691995,0.022296755,0.21199813,0.025850322,-0.191657,-0.30511534,-0.6634554,-0.1330786,-0.32465684,-0.08553997,-0.12644188,-0.63109905,0.32592773,-0.3576251,-0.0434971,0.4013568,0.15600373,-0.22584786,-0.3147516,0.44484723,-0.84561646,-0.41792157,-0.021714894,-0.044917483,0.37889135,-0.1934198,0.2877913,-0.061898634,0.6905218,0.05706276,0.071906544,0.23216444,-0.2338745,-0.35017875,-0.44376662,-0.10233777,0.18731096,0.034099877,0.5330899,0.04049649,0.077083364,-0.3287337,-0.3148269,0.33420527,-0.48565194,-0.31749478,-0.025631025,-0.06075217,-0.06138609,0.6661895,-0.43113366,-0.48202637,0.3469032,0.159598,0.25888318,0.11393304,0.39950708,-0.19125871,0.009863477,0.45964432,0.61114395,0.4925503,-0.5496357,0.40696853,-0.0004817412,-0.22758421,-0.16244732,0.627833,0.15240763,-0.20417815,0.29315242,0.13067693,-0.23117238,-0.18349935,-0.10202782,-0.6508114,-0.003707261,0.7220396,1.0266035,0.042023733,-0.57955515,-0.27284354,-0.19938733,-0.16884464,-0.076712735,-0.359637,-0.2150717,0.6354642,0.19088158,-0.5245404,-0.074015796,0.007332917,-0.07456856,0.12285481,0.29296082,-0.35542804,-0.103268035,-0.32537457,0.5754561,0.28468764,-0.41162577,-0.029467419,-0.3416288,-0.23068029,0.21293668,-0.23356119,0.37997705,-0.07940329,0.58789504,0.1726951,0.29737633,-0.35458744,0.43745223,0.6097707,-0.10026381,0.22067112,0.12702222,0.18175977,0.4074451,0.40485188,0.0886472,0.32701066,-0.06704648,0.35954562,0.2714474,0.29860815,0.096935436,-0.4940322,-0.18160453,-0.10418496,0.16414408,0.6795075,0.3692104,0.20924617,0.015999746,0.1889053,-0.223463,0.23278266,0.31821534,-0.2238343,0.39677754,0.016117442,-0.23096493,-0.15219326,-0.35696876,0.03847638,0.12505572,-0.4443057,0.37031445,0.52971286,-0.57843137,0.19629307,-0.60198855,-0.044066157,-0.3393293,-0.08564502,0.005703134,0.092713535,-0.07253596,0.07144062,-0.019289088,-0.10370248,0.38537303,0.25426614,0.14248805,0.024027023,-0.27723628,0.19722815,0.5468895,0.08524349,0.14841916,-0.20546278,-0.12171011,-0.64621335,-0.45323563,0.2046842,0.71182704,-0.09473326,0.49872532,-0.30918044,-0.118310384,0.46775073,-0.43970954,-0.45985356,-0.42741257,-2.6728138e-05,-0.07004049,-0.19932842,0.4454354,0.1554409,0.054061785,-0.46805015,-0.1303008,-0.11676431,0.10257115,-0.38922858,0.48470324,0.42398372,0.3012102,-0.9082094,-0.5664525,-0.12401548,0.05513906,0.29138684,0.3759542,-0.035825394,0.065881334,0.09752302,-0.12981053,-0.40585044,0.4984518,0.4263744,0.23334305,-0.88612247,-0.8554653,-0.05219361,0.044671692,-0.321814,-0.4279405,0.15947932,0.4531298,-0.39400098,-0.5133661,0.153117,0.039918527,0.3833333333333333,2,1,1,2,0,0,0,1,0,2,0,0,2,2,4,0,0,1,0,0,0,0,0,0.0,0.0,0.5,0.0
0.12404277,-0.41492644,0.34029835,0.017818227,0.51786065,-0.4085155,0.24510014,0.4786602,-0.31518075,-0.21192789,0.22587377,-0.106174424,0.24781623,-0.030337643,-0.006558734,0.18361856,-0.22764774,-0.075483076,-0.21945639,0.12780434,0.13166423,0.1322444,0.24481535,0.35356605,0.44730824,0.057377435,0.18631826,-0.21477383,-0.8448885,-0.6816521,0.17254074,-0.19245891,-0.06509522,-0.49388912,-0.07094493,-0.21492356,-0.20370987,0.11683557,-0.005539355,-0.14564733,-0.5645119,-0.08314617,0.046229754,-0.12182804,-0.4014246,-0.0050854976,0.042455487,-0.47340167,0.14571737,-0.04608571,-0.5395338,0.19962488,-0.18412013,-0.2553879,0.14452314,0.09041012,0.13116443,-0.45841256,-0.30454987,0.11382359,-0.1599977,-0.17334631,-0.02436951,0.08418784,-0.3546012,0.3575142,0.6447147,0.14164378,-0.39839664,0.24167955,0.19445138,-0.103431605,0.16197363,-0.044927225,-0.27971306,-0.1443828,-0.04979536,0.42364776,0.3257612,0.051971003,0.3244035,0.42852703,-0.202196,0.28070357,0.3854729,0.0034538489,-0.018616404,0.36908376,-0.31003723,0.6390409,-0.10266616,-0.24549334,0.28608757,0.24824136,1.0447059,-0.9255226,-0.25565916,-0.07053508,0.015828466,0.1405757,0.26399577,-0.76203364,-0.43772098,-0.09440514,0.36954474,-0.059725937,0.06636541,0.06825528,-0.08810225,0.24086457,-0.25374976,0.37193936,-0.036285304,-0.28650975,-0.2439347,0.118516825,0.06488798,-0.016445102,-0.26523438,-0.10583529,-0.15605652,0.5229543,0.13665777,0.16715583,-0.042548124,0.1301942,0.15628965,-0.23396327,0.16280884,-0.3972161,0.43871272,0.27634633,0.7424052,-0.10171676,-0.08247835,-0.0763728,0.015431602,-0.29670924,-0.44090104,-0.1815623,-0.06349414,-0.0735519,0.08885561,0.32947183,-0.039115462,-0.025368536,0.10987609,-0.078736156,-0.30853352,-0.012835548,-0.6026679,0.46016738,-0.55417794,0.047824696,-0.06759372,-0.18430105,-0.30495882,-0.20311871,0.13844669,0.18336922,0.43899006,-0.018263841,0.0016263771,0.015763834,-0.1619848,0.31605485,-0.25334585,0.05937224,-0.27138358,-0.03270097,-0.12221057,-0.13679893,-0.10980188,0.0055123786,0.122371435,-0.0030810717,-0.003412689,0.049133815,0.2689148,0.49151266,-0.56437474,0.16994673,0.49073926,-0.32533976,-0.13163735,0.17916496,0.28332627,-0.03668081,0.34098625,0.576083,-0.17405257,0.24156016,0.6294556,-0.6521146,0.5571143,-0.14811419,-0.6454358,0.098865956,0.09938757,0.04674997,0.2909468,0.43779323,0.03943721,-0.58494073,-0.44250548,0.37036598,-0.014368815,-0.20412198,-0.21166311,-0.17449836,-0.49565923,0.5116383,-0.19839416,0.3788154,-0.3521652,0.12911856,0.4298241,-0.16508108,0.023299418,-0.22071455,0.56531876,-0.43076476,0.121826954,0.2633362,-0.037717946,0.88890505,0.03866207,-0.48716632,0.6728306,0.0016175001,-0.16407055,0.120156005,0.46257454,-0.11713127,0.38568902,0.5041842,-0.7060806,-0.7525875,0.14826255,-0.032508314,-0.36598656,0.43931514,0.36693338,0.66210455,-0.20322397,0.2145511,-0.1593431,0.073313326,-0.0073225065,0.01994364,-0.20722213,-0.50255054,-0.70484334,-0.08372386,-0.1617408,-0.1297881,-0.24735664,-0.057940062,-0.21347012,-0.31850556,0.30133882,0.28696784,-0.38505527,0.10682511,0.034782473,-0.1174995,0.0774343,-0.38641536,0.5796663,0.070285745,0.067606695,-0.23309118,0.10374784,0.5848337,-0.35029733,0.17937224,0.25327584,0.024786891,-0.00087199925,0.07469725,0.012277091,0.16041407,-0.0043045785,-0.040776867,-0.27244815,-0.026720472,0.14588362,0.1428471,-0.2661896,-0.16292429,-0.032562397,0.30399165,-0.16400446,0.33705193,0.84899545,-0.3360038,0.25183058,0.1976231,-0.38111538,-0.06376226,0.6265347,-0.4334363,-0.23344655,-0.019365245,-0.17038432,0.04841432,-0.3554892,-0.38992894,-8.7191515,-0.35504082,-0.14247155,-0.06698691,-0.31317067,-0.24141379,0.31661415,0.074319474,-0.26959875,-0.45669898,0.045336533,0.38631496,0.07163904,0.19823427,-0.37146512,0.08992276,0.5688749,-0.14991766,-0.0021325247,0.18742979,-0.15112238,-0.3568212,0.30579874,0.106577665,0.109294586,0.38494378,-0.06728774,0.0969441,-0.20457362,-0.3677,-0.008434571,-0.159994,0.015976885,0.8792066,0.043751992,-0.4174549,0.05491391,-0.3208852,0.050834406,-0.10742362,0.08407697,-0.6215041,0.035390843,-0.17615406,0.505079,-0.53018457,0.1690132,0.24093431,0.23146145,0.07229264,-0.30502412,-0.4585127,0.2787967,-0.07672693,-0.24908754,-0.17988627,0.15376662,0.97094774,0.045827713,-0.3245232,-0.110622294,-0.6037518,-0.19420744,-0.026372738,-0.7694863,-0.43773437,-0.5075759,-0.89692914,0.083555155,0.15316626,0.11942449,0.3147837,0.009726131,-1.3307551,0.19630502,-0.36917746,0.07020713,0.6220232,-0.5046093,0.13504815,-0.7306273,-0.51032186,0.028184522,-0.09712135,-0.1848282,-0.103083275,0.06887676,0.026670193,-0.19592911,0.12126026,0.19446783,0.2279943,0.13442598,0.26860404,-0.045358524,-0.05115025,0.28860694,-0.3284633,-0.038007554,0.045912355,0.27141505,0.23149566,0.25976065,-0.009730419,-0.026580615,-0.125228,-0.1976282,-0.44949105,-0.048552655,0.2499468,-0.06160557,-0.28713837,-0.5755719,-0.19677992,-0.25940022,-0.27726403,0.30273873,0.1344258,-0.08852394,-0.42018893,0.23391198,0.13630919,-0.18312456,-0.094831645,0.26424894,-0.0297782,0.037235484,0.25547597,-0.52147275,-0.015527253,-0.2392996,-0.08875088,-0.32918775,0.30236414,-0.12810038,-0.12072247,-0.087194264,0.21280546,0.18168974,0.42323768,0.27921405,0.2956084,0.08276891,0.3162266,0.17652963,0.041954063,-0.013695652,0.24952082,-0.28776056,0.041406956,-0.1287613,-0.7123511,-0.4563227,-0.17411956,-0.026646538,0.24889573,0.31340575,-0.16209288,0.11479365,-0.24664673,-0.24521425,-0.22420762,0.04442702,0.09655602,0.3930127,-0.070171066,0.14818558,0.30356792,0.06897967,-0.5230308,-0.5983261,-0.018761668,0.5981771,-0.021622635,0.06820796,0.0552215,0.044777818,-0.24151875,0.22072345,0.35079396,-0.081013754,-0.13020574,-0.04618004,-0.019470489,0.70828557,0.047506317,0.1788157,0.078960754,0.30813962,0.08997032,-0.3944558,0.38383946,0.13491528,-0.48306984,-0.008573332,-0.6977362,0.2501205,-0.2804384,0.13227043,0.7227729,-0.6249821,-0.5142443,-0.6481985,0.18541016,-0.2458951,0.27400935,-0.22966398,0.11322138,0.2874735,-0.28227365,-0.6385788,-0.38595694,-0.095933765,0.08615487,-0.07881329,-0.2330551,-0.6082798,-0.19098243,-0.52681017,0.5513148,0.18299446,0.3002024,0.25610426,0.27212775,-0.3116905,0.09839766,0.22839507,-0.37331918,-0.38349578,0.2089317,0.08365005,-1.3661503,-0.340019,-0.48972484,-0.48135608,-0.36054465,-0.37521306,0.0068766023,-0.5671435,-0.41141194,-0.5831395,-0.34712642,-0.41700917,-0.40266868,-0.51580906,0.07837874,-0.3115896,0.10525999,-0.18907017,-0.18387535,0.348863,-0.011506716,-0.05782704,-0.39507538,0.5435316,0.041910548,0.038259957,-0.20649596,-0.057987005,0.05604119,-0.13391636,0.100362785,0.6316152,0.031530455,-0.12050706,-0.44928575,0.15190119,0.36603385,0.050456587,-0.31082085,-0.15604037,0.23398262,-0.08824528,0.75580496,-0.14724253,0.24170707,-0.12683222,-0.43416566,0.094791174,-0.04500301,-0.050950166,-0.07009935,-0.18768963,0.10983957,0.2623468,0.2058112,-0.02066756,0.030756138,0.30992213,0.38075554,0.15690683,0.27831897,-0.414385,0.51220644,0.10618734,0.2620939,0.93561256,-0.2865528,-0.016835261,0.13081041,-0.41424394,0.09062208,0.4867645,-0.08999236,-0.5308613,0.40541074,0.32510054,-0.028247822,-0.118841745,-0.16039816,-0.45556122,-0.09372119,0.3261646,0.57426655,0.06095846,-0.5216281,-0.7564321,-0.08277924,-0.588905,-0.25332728,-0.0048532356,0.36367252,0.65558505,-0.042377636,-0.3853919,0.31525266,0.22023481,-0.46516144,0.025862982,-0.1471068,-0.045936987,-0.098570555,-0.26216632,-0.010213232,0.114827216,-0.009167248,-0.07590199,0.08601765,-0.21214554,0.14520834,-0.27213264,0.29467574,0.746294,0.28624812,0.13380365,-0.06705043,-0.078461654,0.05490471,0.4497674,0.18056855,0.43874195,0.21290714,0.12142086,0.32314616,0.17431398,0.038403157,-0.027670654,-0.08434357,-0.28853008,0.50418067,0.3673568,-0.067558505,-0.14309603,-0.7014609,-0.028316237,-0.12827986,0.6401689,0.031178119,0.08346213,-0.5710276,0.3658033,0.11448871,0.15515007,0.17778185,0.2791108,0.3512452,0.031637345,-0.012971223,-0.3403266,-0.02327483,-0.22377531,-0.44576204,-0.65315855,0.12753682,-0.10817988,-0.45297688,0.11978443,-0.3101684,0.29014692,-0.27818608,-0.75092506,0.3042285,0.22623043,-0.06879987,0.11235063,-0.22755055,0.26276672,-0.09339281,0.6507004,-0.080586165,0.2056288,-0.45706734,0.49044204,-0.15240534,0.028687075,-0.023851242,0.08807987,0.3256476,-0.56846493,-0.4984634,0.5593979,0.50107104,0.022480113,0.18157619,0.5214972,0.16457792,0.23298381,-0.27481398,0.17417927,-0.2489835,-0.50820947,-0.09307425,-0.28519973,0.036635675,-0.11366459,-0.25383794,-0.47124726,0.1418292,-0.105255134,0.1737177,0.16677563,0.014366821,0.24004082,0.1768798,-0.47241604,-0.62288624,-0.22361836,-0.15375756,0.22557133,-0.11622173,-0.2409873,-0.1410951,0.4167588,-0.2566203,0.16753115,0.27294105,-0.09807884,-0.43985358,-0.2808397,-0.44886753,-0.4323105,-0.32139885,-0.1555619,-0.20958191,-0.015238201,0.38389814,-0.67789835,-0.39221045,-0.20664386,-0.05245744,0.21666666666666667,0,0,1,1,0,0,0,2,0,2,1,3,0,3,2,1,0,0,0,1,0,0,0,0.15000000000000002,0.0,0.0,0.0
-0.06474246,0.27737796,0.7515258,-0.063035056,0.3496703,-0.5396324,0.51923585,0.61362576,-0.23919915,-0.7422224,0.08876625,-0.21125482,-0.058270525,0.39154565,-0.4040659,0.6916249,0.06115746,0.012223423,-0.20419571,-0.22068842,0.21461874,0.0715179,0.0007006612,0.21488401,0.5087355,0.2671744,0.003725869,-0.042233948,0.1314348,0.34934726,-0.13384119,0.29109332,0.1742649,-0.041987687,-0.14653909,0.07546701,-0.1531375,-0.28776154,-0.27030757,0.46644822,-0.11073771,-0.6607753,0.49802873,-0.20827648,0.14749981,-0.07994831,0.09325352,-0.7104539,0.29899684,-0.3916507,-0.3022077,0.17507255,-0.2480911,-0.69568384,0.1926442,0.5671513,-0.004955321,-0.18329155,-0.14756656,0.044532243,-0.2312748,-0.6228038,0.005370951,0.05111057,-0.46916032,-0.05257367,0.34864423,0.3481557,-0.04646216,0.09538904,-0.1451844,0.24924012,-0.11340382,0.41452777,0.029787354,-0.071805865,0.1869628,0.39444336,-0.008980226,-0.054360393,0.17423084,0.15128863,0.5785006,0.18517624,0.42377326,-0.041298307,0.15495668,-0.07871774,0.0145307435,0.34743893,-0.4106154,-0.2709701,-0.39582685,0.051826593,0.19782726,-0.51003003,-0.6827564,-0.41789627,-0.023546075,-0.14108476,0.40575722,0.055239167,0.5816008,0.0048762225,-0.38602516,-0.041378923,0.122134894,-0.31349716,-0.31240842,0.091533355,-0.010590973,0.09825778,0.35260528,-0.29195645,0.20842136,0.17752145,-0.018509105,0.15236819,-0.082021825,-0.30243847,-0.08889497,-0.13302664,0.036805864,0.20637457,0.0044149994,0.24382561,-0.28819525,-0.16736896,0.1295328,0.09554823,0.323048,0.01874786,-0.3589314,-0.59695756,0.5662284,0.3780486,-0.40262717,-0.19925343,-0.37686947,-0.01649829,-0.60542613,-0.050407313,0.310428,0.034626637,0.14168271,0.2015448,-0.6067244,0.03117781,-0.13028353,0.627383,-0.11392607,-0.41116038,-0.53744864,0.3396913,-0.48693925,-0.4455961,-0.067727506,0.15433674,-0.18472122,0.28301764,0.41902062,-0.30020392,0.13177222,0.34838703,-0.021487594,-0.092162535,0.1908683,0.12683837,0.31586248,-0.047578007,0.02874254,-0.1641303,0.13201493,0.006932518,0.14727901,0.38728702,0.16714852,-0.17782532,-0.22846808,0.628724,-0.38430485,-0.6279235,0.3876922,-0.16331244,-0.08050465,0.17308031,-0.061007414,-0.36685145,0.15591788,-0.3538504,-0.27075604,-0.10081669,0.50213414,-0.18235725,0.07012715,-0.67243415,-0.26305124,-0.45655036,-0.011139645,-0.08613896,0.26077953,0.23995599,0.015016681,0.4734434,-0.4197538,0.5613172,-0.29854852,-0.077312574,-0.45594764,0.14010824,-0.38017938,0.52759045,0.034397036,0.32484776,0.2906003,-0.06682165,0.1482654,-0.21898465,0.25943583,-0.029713929,-0.7824271,-0.03155267,-0.49482086,-0.5253608,-0.6316566,1.1484938,-0.14233065,-0.92669183,0.23368517,-0.085190594,-0.12365315,-0.23996393,0.27747723,0.034597363,0.25289962,0.079706244,-0.28511846,-0.2111269,-0.15398149,-0.15718293,-0.37545815,0.020490773,0.40374145,0.046480864,0.06514827,0.18367428,0.07792615,0.007056822,0.10119312,-0.3491191,-0.14333491,-0.22326443,0.19169125,-0.49992543,-0.4191899,-0.6976381,-0.08252025,-0.40746242,-0.20954917,0.18345402,0.6421135,-0.035229124,-0.05470457,-0.049637746,0.19560193,0.019817542,0.07774797,0.3534515,0.61416894,-0.15250249,0.28531426,0.13699493,-0.06457401,0.48423752,0.1618235,-0.5303596,0.2549464,-0.2136353,0.19853897,-0.14227052,0.08709762,0.41841123,-0.68385696,0.15050477,-0.36139354,-0.27513254,0.69573456,-0.25642657,-0.08445034,-0.06378633,0.10386727,-0.076384515,-0.16330917,0.08943768,0.25004673,0.091252744,0.12792191,0.3563389,0.21256515,-0.20162596,-0.03155251,-0.09477908,-0.010335953,-0.15914677,-0.11615216,0.023395846,0.04512211,-0.48030055,-8.706534,-0.075077854,0.053177256,-0.062331576,0.024743572,0.039000474,0.23733698,0.33440614,-0.198921,-0.09178372,0.02209587,-0.33581838,0.4138071,-0.5068138,0.058068156,-0.806618,0.6980898,-0.36265737,0.081377104,0.33931422,0.13333507,0.034492504,0.3394675,-0.37664467,0.19053859,-0.21974334,0.08269932,-0.08583846,-0.5047214,0.12181394,-0.14262967,-0.5527817,0.021452961,1.0610006,-0.411881,0.009468772,0.12834397,-0.45282355,0.07692106,0.26477402,0.40349588,-0.91152,-0.001947422,0.37006968,0.6334646,-0.2765899,-0.005869582,-0.32253033,0.1738048,0.20473012,-0.02142173,0.14414437,-0.21680807,-1.158473,-0.13186228,0.03723818,0.12944107,0.6669331,-0.075547196,-0.70251536,0.5322829,-0.0732196,-0.57860637,-0.101718485,-0.0015279655,0.17948894,-0.39413884,-0.5110538,-0.35573372,-0.06002413,-0.07303659,-0.074201845,-0.2120465,-1.5098969,-0.055081114,-0.015899539,-0.06941554,0.103834674,-0.1522678,-0.27441144,-0.53952754,-0.6001029,0.011851396,0.21573071,-0.31015307,0.362325,-0.42734715,-0.31012148,-0.35191303,-0.038864132,0.007917284,0.1487872,-0.28103718,0.2620502,0.28294015,0.23377496,0.36872795,-0.3278073,0.2756737,0.39027718,0.0016284573,0.42698795,0.42576352,-0.036060825,-0.047060486,-0.20520544,-0.46971026,0.19587192,-0.21584213,-0.2982623,-0.005692077,-0.22330362,-0.26877776,0.13149168,-0.40015402,-0.24628666,0.40284714,0.894349,-0.1613269,-0.5482518,-0.48945946,0.032694943,-0.46201193,-0.5588472,0.5225993,-0.056881536,0.0539812,0.17624044,-0.055484165,-0.11233613,-0.30306098,-0.2753865,-0.16513416,-0.17506927,-0.27574337,0.0634382,-0.18990701,-1.5169129,-0.09859568,0.39008835,0.3406398,0.58126086,0.60264355,0.58212465,0.2186806,-0.07934772,0.10446263,-0.06043416,-0.34756482,0.45388246,-0.0535203,-0.59715533,0.5221168,0.28017306,0.016991934,-0.3081414,0.38568828,-0.123775005,-0.3889178,-0.53648764,-0.041210987,0.009498633,0.3693388,-0.018910253,0.10176927,0.24623048,-0.435477,0.21705502,0.05229383,-0.33147037,-0.068758585,0.16714495,-0.1030065,0.74513304,-0.10265717,0.42938194,0.33939958,-0.016598653,-0.44401684,0.1395886,0.2757239,0.38101768,-0.3968521,-0.10689446,0.48915994,0.13228682,0.15085542,-0.22897911,0.4012631,0.4646961,-0.49572656,0.6600096,-0.12858424,-0.42972836,-0.50834525,-0.36454892,0.21962246,-0.4166565,0.17249592,0.4738561,-0.45434758,-0.38778928,-0.3754319,-0.1617832,-0.35718414,0.066078104,0.47386277,0.4222559,0.14635077,0.3062294,-0.15307686,-0.38342303,-0.102643006,-0.14414589,0.20743187,-0.41742766,-0.2717156,0.06928031,-0.6680742,-0.011122285,0.23672934,-0.09330919,0.11308076,0.06293146,-0.39790586,-0.015306901,-0.14804566,0.08495306,-0.20787941,0.005311421,0.007572938,-1.0206289,0.16044495,0.07710109,-0.21376558,-0.08636294,-0.45862052,-0.44837883,-0.06232257,0.4088188,0.034993432,-0.10248252,0.13694549,-0.27166998,-0.33545047,0.018808853,-0.29571846,0.058772884,-0.047267187,-0.12588006,0.69408387,-0.06819631,0.19889687,-0.43756443,0.15712756,-0.17688961,-0.19303036,0.15859859,-0.077650614,0.06590797,-0.38219857,-0.0767937,-0.40507054,-0.06949308,-0.032292463,-0.2602916,-0.256656,0.4843761,-0.22366525,0.17337684,-0.28010044,-0.37956855,-0.13105588,-0.12427058,0.24132584,0.027167441,-0.4082465,-0.025480885,0.23907514,0.12913409,-0.32396203,-0.13811144,0.21416542,-0.0024194177,-0.2139168,0.026167544,-0.3084582,-0.11966,-0.020554906,0.24411608,0.33275178,0.3749248,-0.3107851,-0.2639082,0.38012636,0.9079077,0.9201703,0.024822982,-0.37387788,0.3192466,-0.3168388,-0.23398888,0.37131676,0.21310663,-0.09385841,0.18832865,-0.08261531,-0.12552047,-0.42673627,-0.08621605,-0.09922862,0.26577985,-0.09892746,0.7171324,-0.15726978,0.5274195,-0.2552677,-0.16909829,-0.20623758,0.43354344,-0.102738075,0.45332062,0.71441215,-0.38977638,-0.13011017,0.4759745,-0.025913434,0.4311177,0.24580061,-0.36652553,-0.45572087,-0.08450934,0.25432828,0.31722385,0.21102053,-0.24492441,0.039019555,-0.5557129,-0.30010524,0.14663109,0.3677851,0.041528247,0.2298665,0.15487617,0.17842354,-0.43269452,-0.17405012,0.21541896,0.8468366,0.12547694,0.3070983,-0.020620191,0.47530407,-0.31324983,1.066066,-0.19915505,0.15773904,-0.30030173,0.17074573,0.4814544,0.03221789,0.6126729,0.027566617,-0.07891232,-0.31671834,-0.10294111,0.19104971,0.24682711,-0.2425334,-0.23720291,0.5090187,-0.08416785,0.46927947,0.076764256,0.111471355,0.19547606,0.17140798,-0.36956882,0.14893597,-0.45959213,-0.5968992,0.020582061,-0.45165032,-0.42932254,0.19684975,0.046159487,-0.08362856,-0.50119954,-0.39190364,-0.14197157,0.24555507,0.2363111,0.45582741,-0.021746859,0.27072102,-0.3850497,0.36543015,-0.014054651,0.4820497,0.0075813723,0.47970858,-0.28738824,-0.016525814,0.14804204,0.31282723,-0.51793337,-0.22950011,0.034817062,-0.13424303,-0.008388369,0.18498729,0.15061897,-0.022439957,0.14707506,-0.20975623,-0.088580325,0.11719981,-0.58792967,-0.1573754,-0.7503855,-0.6780339,-0.46088296,-0.06819755,-0.10175471,-0.1670323,-0.6190241,-0.25321397,0.009542935,-0.17492186,0.16320042,0.009857958,-0.05051545,0.44852608,-0.66052294,-0.11126557,-0.008405788,-0.11081354,0.23503809,0.1280323,-0.32014492,0.5461757,0.22402838,-0.12489468,-0.060974292,-0.059427395,-0.04839814,0.18069753,0.14668907,-0.30252922,-0.6649646,-0.17187239,-0.09062215,-0.5299261,-0.03612892,-0.31185043,0.06652789,-0.22193725,-0.16272087,0.08027849,0.057646535,0.0,0,0,1,0,0,0,0,0,0,0,0,0,0,0,1,0,0,0,0,0,0,0,0,0.0,0.0,0.0,0.0
-0.037689935,0.17525522,0.514093,-0.29596427,0.34343433,-0.09365783,-0.2912019,0.55606467,-0.11015521,-0.28200153,0.045800373,-0.011596706,-0.017035909,0.6874723,0.40827918,0.67474645,0.045319796,0.032543316,-0.013815116,0.21487705,0.41998717,0.3986683,0.027007366,0.5647299,0.10716414,0.16831386,-0.07375903,-0.12727495,-0.3430026,0.22521222,0.3132691,-0.28917757,-0.37567258,-0.41399068,-0.7883489,-0.3257355,0.017615074,0.33048862,0.4890217,0.2311796,-0.05167631,-0.5259382,0.25887388,-0.068869464,-0.23442268,-0.14279298,0.07895641,-0.54946554,0.3067296,-0.805564,-0.7050514,-0.31734696,-0.118040584,-0.7199149,-0.23016664,0.6018134,0.47719273,-0.26440278,-0.3451676,-0.1337858,-0.073640816,-0.441943,0.13871197,0.29995027,-0.5795538,-0.06468746,-0.03922576,0.1995987,-0.9196851,0.14798793,0.24473156,0.2962775,0.6274355,0.035748813,-0.1499085,0.04792469,-0.1402702,0.32378224,-0.10510454,-0.41482064,-0.1437464,-0.00030002356,0.4594985,0.29015213,0.6716364,-0.12498843,0.08006216,-0.20804064,-0.50972956,0.8638718,-0.34333417,-0.15983798,0.02929549,0.10218849,0.50045073,-0.35201436,-0.63185835,0.09620251,-0.3310789,-0.084965594,0.45904824,-0.55782104,0.37486735,-0.174694,-0.1269199,0.023470206,-0.21277006,0.22602843,0.18654224,0.07111748,0.3097739,0.03800997,0.08917584,-0.2584856,0.3098438,-0.21870638,-0.45303613,0.528394,0.5592715,0.06405277,-0.36733392,0.026415704,0.21657918,0.12847283,-0.117773935,-0.071857326,-0.21253195,-0.17141634,-0.20312399,0.1361847,0.5908366,0.44624367,-0.37006795,-0.07533,-0.036357794,-0.04731201,0.23022439,0.29816017,-0.12927075,-0.42618275,0.003926238,-0.21651584,0.23543629,0.08158905,0.36409232,-0.24483223,-0.21767853,-0.06428963,0.25621423,0.30918723,0.02379401,-0.100109756,-0.2759062,-0.09367446,0.086606905,-0.32299736,-0.3777768,0.1116302,0.06558891,0.69493425,0.108552665,-0.25142714,0.13279384,-0.3252722,0.16946524,-0.20669547,0.38294166,0.030442936,-0.24533136,-0.40039653,-0.19879915,-0.7843411,0.6304096,-0.03757864,0.49399507,0.36237407,0.33161908,-0.36828145,-0.3179173,0.96680963,-0.4071174,0.21143934,0.12445031,-0.59350103,0.5913522,-0.18344012,0.5816203,-0.75908107,0.61042726,0.27510175,-0.115852654,0.13148032,-0.06418501,-0.37073335,0.6118485,-0.30761257,-0.22842586,-0.5821783,0.24981529,0.08891587,0.11895895,0.05493544,0.2778389,-0.62495434,-0.09335728,0.74418527,0.15434971,-0.06022486,-0.7222761,0.10147749,-0.16784911,0.63305646,-0.704486,0.04124175,-0.063758135,-0.09480927,0.0940578,-0.20790522,0.093168795,0.27277684,-0.7248813,-0.45074254,0.0003243763,0.19695455,-0.31693694,1.2930804,0.2327899,-1.0409305,0.77844816,0.20043859,0.11823394,-0.5868554,-0.17400293,-0.18675539,0.12158143,0.46007496,-0.100574486,-0.30767524,-0.24598658,0.6909899,-0.5848004,0.22661106,0.2927579,-0.10793645,-0.0853437,0.14472383,0.19254284,-0.6421683,-0.26030728,0.07363,-0.36846846,0.2288144,0.36953354,-0.23736815,-0.026772885,-0.32292625,0.22286853,-0.35860145,-0.46966037,0.1181522,0.18854052,-0.106556416,0.106867924,-0.34754738,0.54503256,-0.10291736,-0.2729139,0.42369705,0.6169851,0.25025794,-0.42681542,0.04022098,0.2944081,0.48427904,-0.28108302,-0.6800015,0.5458803,-0.26578566,0.25683242,-0.15629885,0.023785014,0.47954643,0.015442569,-0.17892393,-0.20169172,-0.46882498,0.29544213,0.09720345,0.08416333,-0.44584033,0.103509694,-0.41046897,-0.56951946,-0.06853813,0.6584435,0.30437255,-0.16207546,0.23760402,-0.6676712,-0.18143736,-0.2919278,0.1695002,-0.24703056,-0.034579333,0.06432459,-0.329607,-0.6911213,0.118914336,-10.815713,-0.23202528,0.019015327,-0.36242226,0.3982045,-0.13315557,-0.21501604,0.20639187,-0.7685013,-0.1699905,-0.026821,-0.15496857,0.0154000195,-0.47110227,-0.22486728,-0.30557275,0.6972313,0.27286088,-0.72353286,0.31557515,-0.34261632,-0.54834276,0.5313601,0.00403485,0.93210745,0.20067209,0.15087521,-0.12191351,-0.31358203,-0.04711734,-0.27791968,0.18867105,-0.1045396,1.1726469,-0.061620116,-0.029260216,0.2422806,-0.65684134,-0.021934329,-0.014944028,-0.09672635,-0.42504695,-0.49283385,0.2700237,0.8325231,-0.028931312,-0.49079886,0.038158853,0.022491446,0.11394017,-0.19088158,-0.035209667,-0.2735216,-0.52787405,-0.024335971,0.10222552,-0.009236967,0.71808136,-0.08317672,-0.29336193,0.8684546,-0.15793191,-0.52427953,0.34821075,-0.12923785,-0.15169035,-0.5769887,-0.18012455,-0.41943732,0.121864535,-0.07291982,0.39467612,-0.15042466,-1.210978,-0.15940729,-0.016795177,-0.060557302,-0.1372889,0.061815735,-0.051774625,-0.5282968,-0.8201498,0.28135762,-0.04474268,-0.87091166,-0.09804052,-0.1468351,-0.46811524,-0.16844465,0.36435822,-0.019077279,0.37667933,0.27501875,0.14663802,0.106946796,-0.38029647,0.6632186,-0.2071951,-0.18124424,0.4319483,-0.103865765,-0.04317846,0.4320953,-0.12187313,-0.65677375,0.026945308,-0.3877904,0.10309536,-0.083482124,0.06358834,-0.23116624,0.085149415,-0.16415302,-0.25528198,-0.24038315,-0.31927922,-0.3654041,0.6907111,-0.35665742,-0.53706914,-0.5697501,0.47143817,-0.16944404,-0.7108449,-0.27080467,0.1380499,-0.02392224,0.075889066,-0.2919802,-0.11548309,-0.31163424,-0.27762347,0.21758612,-0.5968891,-0.24834377,-0.01723901,0.021757852,-0.4308474,-0.6286065,0.55966055,0.7066051,0.27842695,0.53270733,0.15581378,-0.13798305,0.14228144,0.012399664,-0.08525371,0.22548008,0.24191673,-0.11616707,-0.55095065,0.17163418,-0.5734461,0.17213802,0.23180035,0.67210746,-0.62169003,-0.48659697,-0.7037259,0.66719264,0.100549094,-0.11005722,0.1100717,0.09083405,-0.095697604,0.42272174,-0.004338905,0.11832812,-0.5286356,-0.2162081,0.56133664,0.101145975,0.10731245,-0.06502677,0.3621031,0.74725336,-0.55852866,-0.13772842,0.42633983,0.46893695,0.420363,-0.13194628,-0.3295122,0.14023969,-0.44616616,-0.32431382,0.38877758,-0.04446938,0.42211503,-0.21072231,0.27410647,0.14897919,-0.2584798,-0.21927781,-0.51077574,0.31706575,0.5760069,0.26635665,0.39115155,-0.33131158,0.028780883,-0.12898795,0.23155884,-0.2960934,0.19614233,-0.06552676,0.32732743,0.5745387,0.2447573,0.09887756,-0.3978802,-0.57182467,-0.21688095,0.44169903,-0.15085426,-0.01257859,-0.22623117,-0.80162567,-0.1058256,-0.1305666,0.0016565472,-0.50008917,-0.35873005,-0.08760192,0.13626082,-0.16718063,-0.14194067,-0.071545936,-0.27955937,0.0071610175,-1.9275527,0.438874,-0.20754953,0.18300131,-0.17251793,-0.14807338,0.28082597,-0.064678125,-0.08446213,-0.119605124,-0.62578946,0.38463897,-0.52505827,0.06954565,0.30691212,0.091344565,0.13842253,-0.18054251,0.014270425,0.3932033,-0.45927173,-0.092425525,-0.66489923,0.28403693,-0.5847088,-0.35328552,0.28561455,0.04351562,0.22219016,-0.3896891,-0.0898739,-0.20701885,-0.052336145,-0.21314289,0.29570565,0.016281359,0.5507166,-0.17697057,-0.48176166,-0.46423545,-0.2513749,-0.24235088,0.39828163,-0.20298077,-0.31511238,-0.32093513,-0.33247086,0.5070834,-0.21387678,0.016792461,0.08334326,0.29163963,0.0803807,0.05453266,-0.20572437,-0.07011161,-0.18490809,0.15288669,0.0063243494,0.45872334,0.37344512,-0.69216996,0.020007176,-0.15773872,0.23783663,0.43975222,-0.1295682,-0.55637395,0.31594837,-0.09506535,-0.17771919,0.4840262,0.3248065,0.18338226,0.14775462,0.04325393,0.15000123,-0.38829297,-0.39134008,-0.7722662,-0.19367117,0.22323862,0.21109228,0.19289458,-0.1384646,-0.19993396,-0.03667476,-0.21866661,0.05351367,-0.057767387,0.2961446,0.72272277,-0.27451447,0.5394477,0.42419574,0.21272361,-0.14475462,-0.20748042,0.1784648,-0.05723141,0.47891805,0.34542766,0.026817558,-0.0143585345,0.062447134,0.16556236,-0.13715482,-0.22596645,0.45586923,0.30977467,0.5139106,0.17545123,0.11474618,0.111535035,-0.20857516,-0.11705062,0.3872638,0.28825545,0.14055948,-0.34709626,-0.1347201,0.1036739,-0.078464404,0.76897514,-0.28706107,0.07791208,-0.14052625,0.3406894,0.6931572,0.31084412,0.35874498,0.5666802,-0.5733511,-0.19490124,0.17802367,-0.06335165,0.3843122,-0.057755336,0.016359996,0.24501207,-0.44286466,0.5188914,-0.03552265,-0.20375104,0.18663535,0.038694143,-0.1829964,-0.41150424,0.024619125,-0.27546793,0.2671554,-0.06255193,-0.5057924,0.2488689,-0.5699461,-0.10420308,-0.07761089,-0.39996955,-0.103178464,-0.20622255,0.21599898,-0.22905853,-0.12218732,0.08862782,-0.39165303,-0.07772405,0.15379754,0.48015517,-0.0019317823,0.16430587,-0.09156891,-0.42719373,-0.16417879,0.25339282,0.009064518,-0.40798855,0.3976803,0.04634792,0.21926028,0.6545149,0.10702625,0.009249377,0.68319136,-0.3024617,-0.022996156,0.49533638,-0.12099572,-0.44307026,-0.02554914,-0.41712445,-0.5170155,-0.13256542,-0.057084963,-0.14329268,-0.38815853,-0.16660671,-0.007985972,0.26119986,-0.3865581,0.19796878,0.47651577,0.31977907,-0.26653022,-0.43289584,-0.3259449,-0.20332736,-0.36302054,-0.3911926,0.5088195,0.41872445,-0.2599428,0.49971053,-0.042131815,-0.08775197,-0.009792544,-0.13772227,-0.07667072,-0.28827652,-0.21564132,-0.56181586,-0.07674775,-0.43674335,-0.45254403,-0.11631022,0.062327135,-0.50247264,-0.3551023,0.22313361,0.3213287,0.0,0,0,1,0,0,0,0,0,0,0,0,0,0,0,1,0,0,0,0,0,0,0,0,0.0,0.0,0.0,0.0
0.53339183,0.11799322,0.73623407,0.042607524,0.41696042,-0.22224277,-0.19310136,0.5137123,-0.4755238,-0.31817847,-0.17214182,-0.11912035,-0.005243548,0.3608173,0.3611206,0.716654,-0.48116273,0.38864744,0.09046044,0.23640223,0.657427,0.040730625,-0.04394308,-0.044897594,0.1787413,-0.023680178,-0.09540081,-0.37536073,-0.4639019,-0.021317033,0.15786517,0.26751345,0.21438971,-0.04466527,-0.2625621,-0.30228835,-0.32391742,-0.20308197,0.31693402,0.18242003,-0.0877647,-0.20436622,0.50014865,0.07547105,-0.4209287,0.07636562,0.044944726,-0.3191763,-0.018928764,-0.22703248,-0.5652327,0.272915,-0.13030244,-0.3308095,0.004916464,0.4324357,0.5546688,-0.42600042,-0.6112765,0.18122917,-0.16577072,-0.40036407,0.010332973,0.07415626,-0.22251451,-0.34562373,0.025628095,0.6021254,-0.898068,-0.0330627,0.27469873,0.18905203,-0.0817362,0.53783554,-0.18176466,-0.10403459,-0.14896105,0.4978691,0.33971313,-0.081630975,0.085259505,0.14740166,0.7654924,0.31430212,0.39758304,0.28451166,-0.005151693,-0.080774,-0.6790162,0.7374859,-0.033874184,0.20868517,-0.14079373,-0.10948828,0.6247724,-0.6412244,-0.535134,-0.5402451,-0.1837062,0.15095873,0.74089676,-0.48527154,0.13101171,-0.37495738,-0.2534548,0.24285816,-0.1787519,-0.33131114,0.13943207,0.21561775,-0.095432475,0.11443147,0.41938746,-0.3719413,0.07162831,-0.014162911,-0.18747357,0.92168206,0.29492226,-0.18196553,-0.1793619,0.4766203,0.12441969,0.28923854,0.4235543,0.20069052,-0.2916741,-0.31384546,0.052612294,0.35449895,0.092853926,0.38873482,0.008378166,-0.5565295,0.23965694,-0.20245703,-0.011160369,0.15078773,0.03493808,-0.17613956,0.06601635,-0.09737651,0.05189551,0.30081296,0.28673562,-0.130114,0.08781569,-0.3312058,-0.16282973,0.38174316,-0.4185877,-0.011775732,-0.30164775,-0.058770124,0.16169569,-0.26370978,-0.29539505,-0.21534163,0.4252708,0.08455623,0.10062412,0.17241435,0.09397752,-0.13455327,-0.041154347,0.12045268,-0.0412713,0.05888473,-0.3232156,0.015194566,0.027870316,-0.5128175,0.09140981,0.09953717,0.47438726,0.4657339,0.2301949,-0.5275194,-0.14064316,0.76060176,-0.40437058,-0.19167769,0.44463742,-0.65383166,-0.10836407,-0.15836155,0.70680463,-0.34903803,0.9243237,0.28127515,-0.52218384,0.107345514,0.34032086,-0.2656456,0.7658225,-0.48369017,0.0473037,-0.16056542,0.55805725,-0.299268,0.25226527,0.2763066,0.14056824,-0.1813035,-0.7159928,0.38253853,-0.13241461,-0.18313937,-0.41754,0.11581942,-0.2945439,0.47286138,-0.1112835,0.33041918,-0.013055133,0.22339867,0.26186374,-0.2697283,0.07599502,0.2455456,-0.055863477,-0.37918717,-0.062324706,-0.19036067,-0.37211037,1.2366785,0.25622398,-0.632583,0.4593643,-0.07457836,-0.034760293,0.07046521,0.23184706,-0.47342297,0.3718827,0.24856548,-0.21782324,-0.4640839,-0.33724606,0.0072180326,-0.43863502,0.00063377,0.39515877,0.09744688,-0.2643611,0.13275114,-0.054561757,-0.2518696,-0.12258113,-0.14394994,-0.14552593,-0.28926098,-0.29116336,-0.26876134,0.11607099,-0.33102477,0.18673354,-0.24013036,-0.5336442,0.15724602,0.30932117,-0.061349716,-0.112078466,0.05150809,0.32052636,-0.5240635,0.07390984,0.064625144,0.416649,0.4625639,-0.06932261,0.03545849,0.18632932,0.83455133,0.24547896,-0.54718965,0.26214868,0.23282461,0.35649118,0.009231815,0.050181035,0.51980215,0.23450762,0.0018773035,-0.21517742,-0.5201621,0.27149588,0.16464737,-0.112544425,0.2485216,-0.16036476,-0.12847906,-0.18883121,-0.41506585,0.86481035,0.3232411,0.060502637,0.11650191,-0.6556612,-0.12258631,-0.010425886,0.27759957,0.091840684,-0.3484835,-0.32507777,0.26050502,-0.531833,-0.4425666,-11.131457,-0.20553601,-0.2773427,-0.48396546,-0.121684514,-0.40357912,0.2257982,0.18547104,-0.3276704,-0.2860808,-0.24329872,0.032821532,-0.10338233,-0.43344733,-0.35736138,0.27543357,0.71136546,0.31901115,-0.33392876,0.5655909,-0.49674085,0.032442912,0.25418776,0.20716959,0.5743363,0.031764522,-0.18079412,-0.021268303,-0.2321281,-0.1685934,0.018093763,0.122844905,-0.24574117,1.0894202,-0.2899831,-0.3196714,0.21347828,-0.5883009,-0.31418508,-0.5448559,0.31311646,-0.29214936,-0.43451473,0.09765949,0.6655979,-0.67897034,-0.1621803,0.521782,0.028838472,0.18874508,-0.11946978,-0.25059062,-0.009182554,-0.7475468,-0.09058643,0.11421794,0.24335116,1.153102,-0.16151203,-0.2752472,0.62605226,-0.12988538,-0.16282207,0.13095385,-0.40858856,-0.25009865,-0.8135537,-0.10577348,-0.5279638,-0.12399898,-0.27860776,0.30597514,-0.14519927,-1.1763117,0.0703684,0.10130194,0.27065268,0.18647557,-0.16711411,-0.26905656,-1.144709,-0.276127,-0.017618213,0.0016412506,-0.41017616,-0.34534907,-0.25574312,-0.638975,-0.36962602,0.4498491,0.014636248,-0.15942578,0.3161731,0.17119338,0.1163949,-0.244639,0.5147944,-0.18737957,0.021182513,0.32537675,0.25983086,0.18505085,0.456026,-0.5121108,-0.3758065,-0.037109848,-0.07040699,0.33868542,-0.13230154,-0.2592325,-0.04271168,0.35738418,-0.41083145,-0.14194664,-0.43462124,-0.24043746,0.20009547,0.45500514,-0.3349808,-0.28145146,-0.45724607,0.06963998,-0.54742926,-0.5108017,0.039939832,0.18124558,-0.015299164,-0.34029046,-0.17170332,-0.1539739,0.01997578,-0.1643982,0.03278363,-0.23245974,0.14673215,-0.3074519,0.036850777,-0.4917879,-0.17516784,0.04176631,0.13819267,0.14942543,-0.031501666,0.15905763,0.17865549,0.020417536,0.0069551957,0.36288074,0.04292038,0.41759086,-0.7991612,-0.9969735,0.0556526,-0.105499305,0.18228579,-0.03656044,0.5127938,-0.16843201,-0.37175724,-0.6477582,0.46376792,-0.2129973,-0.3094656,0.24148327,-0.0755079,-0.014521581,0.049636282,0.3171932,0.039903365,-0.8118283,-0.19534086,0.3700281,0.121773995,-0.016630376,0.034746837,0.12728804,0.4623529,-0.15664966,-0.13155442,0.5424877,0.16693485,0.36628568,-0.04832341,-0.25414395,0.39858124,-0.09199402,0.08240383,0.281929,0.4737146,0.48612225,-0.5630923,0.46326473,-0.089579046,-0.5743282,0.27261642,-0.59011316,0.65703577,-0.18115681,0.146061,0.3900235,-0.60404474,-0.07344154,-0.8496916,-0.012614081,0.011934854,0.34026214,0.18763217,0.39609015,0.5530753,-0.14489822,0.23296677,-0.5303773,-0.4132174,-0.3411502,0.20065661,-0.015900653,-0.19129294,-0.5898573,-0.6141648,0.17223077,-0.44623125,-0.1585782,0.16698372,-0.096702635,-0.091389395,0.11545798,0.2644837,-0.17487743,0.26528895,-0.05340975,0.068527,-1.6983181,0.36343312,0.05420569,-0.06810535,0.28743124,-0.5895665,0.09591808,0.23746075,-0.042017594,-0.5101927,-0.5648198,-0.28626698,-0.7096464,0.13234565,0.07300373,-0.27371675,0.046635166,0.041678444,-0.085421436,0.61143565,-0.41507968,-0.14701886,-0.5194163,0.19261862,-0.4730794,-0.25220296,-0.21376628,-0.22969864,0.067283206,-0.18352313,0.29597902,-0.053884417,0.120126456,0.18901382,0.27538255,-0.011281755,-0.032169875,0.07107847,-0.59305793,-0.5787966,0.2127379,0.015086719,0.17653355,-0.32555935,-0.17813995,-0.5818784,-0.26616636,-0.29556647,-0.04348838,-0.6446263,-0.29260403,0.4136349,0.21240813,0.2955902,-0.102666,-0.29028216,0.027871225,-0.047702223,0.29334816,0.41138703,0.53548074,-0.33853397,-0.05057052,-0.04382738,0.6124798,0.55137944,-0.40471685,0.12802006,0.087222405,-0.04375381,-0.058849595,0.6212774,0.10598524,0.08180071,0.31865326,-0.004280558,-0.08828409,-0.3387281,-0.23673438,-0.685307,-0.34247312,0.4352129,0.5747592,-0.24816301,-0.46020603,-0.42671078,-0.18708698,-0.15843885,0.13702229,-0.27583468,0.35251918,0.6198175,-0.09308114,0.17788553,0.21320519,0.11631997,0.008568086,0.22141606,0.08463063,-0.42025906,0.34450492,0.013355634,0.55647063,0.16131702,-0.39508244,-0.08596522,-0.044451512,-0.18201086,0.21890068,0.18412755,0.29110375,-0.28455296,0.01284596,0.01865917,0.28188887,-0.27060947,0.08045277,0.16109486,0.22044125,-0.08173502,0.10135232,0.030149117,-0.0839968,0.44406873,0.112573974,0.12353205,0.09547928,0.15992707,0.4704094,0.28457925,0.41239774,0.037114218,-0.21007314,-0.21006845,0.059899654,0.33495295,0.22033921,0.022600878,0.27605063,0.031112986,-0.08248097,0.032914348,0.08582765,-0.61052084,-0.09354822,-0.074353,0.07547391,-0.2980348,0.013206855,-0.42377055,-0.0726668,-0.19687715,-0.09350776,0.5505872,-0.5682312,-0.002018881,0.15805395,-0.36766288,-0.2575682,0.051530026,0.2759031,0.24858467,-0.30701682,0.20309134,-0.15534712,-0.019172143,0.1839422,0.28051585,0.32802185,0.16693713,-0.050687484,-0.094858095,-0.0017236638,0.029036004,-0.08495187,-0.43674344,0.038519725,-0.51631314,0.26098895,-0.075794205,0.06303129,-0.023058414,0.37474495,-0.30931944,-0.19966882,0.4281083,-0.3982987,-0.30239865,-0.047604993,-0.21882461,-0.17610112,-0.11015868,-0.028185688,0.07297861,-0.43274292,-0.6942913,-0.11818961,-0.18666409,0.0038843642,-0.2001325,0.5002676,0.3796378,0.014206821,-0.8571639,-0.47625005,0.19441211,0.22725509,0.09967398,0.34488565,-0.13657373,0.07101932,-0.17203392,-0.17103468,-0.08860681,0.17401756,0.09139803,0.06360428,-0.79719895,-0.6055033,-0.35547215,-0.12887605,-0.36630437,-0.38784045,0.06463272,0.18743844,-0.14974634,-0.45279267,0.13961525,-0.04763253,0.0,0,0,1,0,0,0,0,0,0,0,0,0,0,0,1,0,0,0,0,0,0,0,0,0.0,0.0,0.0,0.0
0.41735202,0.06838336,0.74934554,0.13718556,0.45554292,-0.30652773,-0.19612974,0.4595547,-0.31855753,-0.47176018,-0.090146646,-0.12743302,0.0968163,0.37047622,0.4611278,0.5231739,-0.36358112,0.42326012,0.17409442,0.010317857,0.77015424,-0.052041695,-0.00024016887,-0.11620623,0.1843739,0.018370321,0.07216327,-0.31186086,-0.5123955,0.092725955,0.04206894,0.42569518,0.049431175,0.07990127,-0.41060233,-0.2730664,-0.41930744,-0.10452057,0.50927275,0.37577453,-0.21279392,-0.3776187,0.3796316,0.12652317,-0.5644536,0.19254585,-0.06295169,-0.1944026,0.3165194,-0.32570848,-0.6338442,0.26749894,0.075748,-0.5971341,0.08080741,0.52060676,0.78065825,-0.50933063,-0.5100037,0.137232,-0.13374166,-0.3555885,-0.030726671,0.036612004,-0.23388562,-0.33143795,-0.0243783,0.5196078,-1.1346288,0.017590482,0.07084275,0.19045705,-0.07660992,0.37583613,-0.34955692,-0.057464525,-0.29037383,0.7905011,0.29042637,-0.318538,0.14614703,0.13006505,0.7466894,0.28558528,0.39717752,0.36675,0.16529088,-0.08063801,-0.83852476,0.831001,-0.034702376,0.19448559,0.009783175,0.12393031,0.463714,-0.725177,-0.49420306,-0.50329006,-0.44668704,-0.069423765,0.6346894,-0.41961354,-0.03941573,-0.39417267,-0.31328735,0.028067328,-0.44519293,-0.3433387,0.1727634,0.101288706,0.0018625217,0.22635105,0.3020404,-0.4207149,0.123131044,0.032830924,-0.3408388,0.77634925,0.491733,-0.31701568,-0.053840682,0.4976687,0.0922165,0.25424647,0.359789,0.2599314,-0.26208475,-0.39085552,0.15192099,0.41357955,0.40160698,0.37659132,-0.12744938,-0.4549517,0.10594706,-0.12690334,-0.22353439,0.04630942,0.07136616,-0.07567525,-0.023831017,-0.46923715,0.120563895,-0.10457963,0.42267027,-0.19424261,-0.052149102,-0.39063764,-0.3574432,0.37379616,-0.48497254,-0.10829483,-0.30939493,0.118188895,0.30003932,-0.32850972,-0.30614442,-0.09124838,0.402653,0.15279433,-0.1279269,0.26357102,-0.0067225304,-0.09936196,-0.121325485,0.0475503,0.1896635,-0.06393518,-0.14953856,0.105742455,0.08111706,-0.52810746,0.38856208,0.24107,0.43410984,0.46979323,0.17137748,-0.4685869,-0.12592724,0.8298669,-0.42475182,-0.48433307,0.5433907,-0.33559403,0.23079108,-0.26583132,0.604356,-0.3754784,0.84672564,0.124675214,-0.33148193,-0.062867716,0.11107438,-0.19961868,0.51190484,-0.3398007,0.15820588,-0.045301996,0.16439757,-0.4187773,0.15532093,0.12778568,0.17997055,-0.31765243,-0.65682083,0.3718598,-0.20826305,-0.24482985,-0.74210876,-0.23090307,-0.16006736,0.45745793,-0.27336472,0.07626189,-0.07786868,0.1801277,0.028249169,0.060711805,0.17832738,0.2580711,0.03712587,-0.50987273,0.048652764,-0.08825933,-0.2096148,1.2963758,0.2763741,-0.68241954,0.24812146,0.07385187,-0.12550619,0.08864027,0.34036842,-0.43561372,0.4298782,0.20326963,-0.29401752,-0.3444433,-0.17888916,0.04440888,-0.2694293,0.1849977,0.2684375,0.22262445,-0.37620527,0.051958065,0.28023958,-0.15285484,-0.28156564,-0.13079272,-0.048831943,-0.09520994,-0.39210427,-0.14133726,-0.04455562,-0.2705661,0.11587271,-0.4232344,-0.41933337,0.14391077,0.5125747,-0.081332296,0.06516947,0.07140705,0.5169598,-0.52191824,0.043250646,-0.1868521,0.55826163,0.2941038,-0.1594311,0.040916786,0.24212182,0.904855,0.13413972,-0.6808415,0.15863866,0.16998184,0.25775173,0.059979264,0.012122287,0.5780542,0.102465175,-0.11566161,-0.107366964,-0.48273063,0.4015327,0.22845478,-0.04691989,0.20806646,-0.2979921,-0.07498768,-0.26678848,-0.3731209,0.84828025,0.37053862,-0.05473195,0.18682426,-0.64426476,0.121389955,-0.10918689,0.34069732,0.09006867,-0.4531538,-0.20422678,0.31049028,-0.5333264,-0.22659719,-11.553832,-0.43367016,-0.02993392,-0.44922,-0.14221121,-0.26251733,0.22628579,0.06967659,-0.19772708,-0.19406296,-0.023132937,-0.030146439,-0.17343226,-0.19514178,-0.34034976,0.28286952,0.7038932,0.35875553,-0.3823279,0.51032615,-0.49663985,0.06435766,0.21329455,0.23055504,0.52881324,-0.19581372,-0.37813243,0.045371816,-0.086379625,-0.24583007,-0.10701608,0.31964633,-0.15975882,1.0938412,-0.21893214,-0.2924696,0.2607261,-0.3963505,-0.3500744,-0.29869294,0.1565039,-0.02124072,-0.52637863,0.07818737,0.8140825,-0.6128342,-0.27789474,0.47381145,0.017704584,-0.15140443,-0.16200632,-0.2285816,-0.21804795,-0.5965439,-0.15281586,0.13624834,-0.06230472,1.0867095,-0.19610439,-0.13962917,0.6903804,-0.1514765,-0.044853523,-0.17202112,-0.24893637,-0.24960345,-0.8405677,-0.200133,-0.53903586,-0.12613651,-0.20859975,0.22532749,-0.026768677,-1.2177914,-0.010729802,-0.1252382,0.39624694,0.23510659,-0.22232538,-0.31361884,-0.9644959,-0.33353624,-0.020653106,-0.118956596,-0.2674466,-0.7366004,-0.00806864,-0.74487543,-0.51768494,0.24208185,-0.082709014,-0.20655607,0.44125068,0.07428964,0.29344213,-0.12638748,0.42014366,0.04234649,0.048517607,0.36193863,0.24506412,-0.076692894,0.40049195,-0.41638747,-0.47002456,0.27278593,-0.07410142,0.369803,0.10178553,-0.23663317,0.08284389,0.2608601,-0.38209516,-0.16638336,-0.19696331,-0.11469564,-0.021239884,0.47207612,-0.27875665,-0.2835294,-0.4869947,0.018458307,-0.617849,-0.5623487,0.21887934,0.095396996,0.0038351875,-0.30343577,-0.18994145,-0.35876217,0.10376075,0.08230732,-0.057199173,-0.30159062,0.13136515,-0.3318432,0.043685745,-0.4921664,-0.28530812,0.00038770138,0.32793438,0.16515604,0.08869722,-0.054803833,0.07080564,0.18257804,0.27839538,0.34035304,0.19833265,0.2892205,-0.6056425,-0.848423,0.06273878,0.02199898,0.16957854,-0.10444225,0.65849096,-0.12353243,-0.5267506,-0.70483315,0.4791656,0.044767994,-0.45080677,0.10100937,-0.10193674,-0.08067031,0.11673691,0.281925,0.00097041123,-0.6652962,-0.03388471,0.49567086,0.04645791,-0.10291168,-0.07691807,0.0048153247,0.41109094,-0.09023496,-0.15682413,0.7773514,0.11674449,0.6415316,-0.008808307,-0.18839554,0.46348053,0.1342423,0.25202674,0.5642813,0.4499014,0.7181017,-0.7929018,0.70832247,0.10178835,-0.7499994,0.26011145,-0.41727337,0.73707986,-0.0016951956,-0.15906808,0.10301024,-0.59376657,-0.0013710019,-0.8150406,0.104299575,-0.04818385,-0.0052963924,0.16028136,0.4161081,0.8074624,0.09845014,-0.10568454,-0.52895325,-0.47038585,-0.41042504,0.39999297,-0.21144596,-0.26023704,-0.7350428,-0.65466386,0.24361572,-0.30688563,0.014710059,0.062911965,0.021108473,-0.29257825,-0.06820121,0.11497913,-0.3024758,0.008774511,-0.11530521,0.13477214,-1.8099605,0.28887334,0.30238906,-0.089222096,-0.0472896,-0.40035453,0.15120788,0.17274423,-0.0162575,-0.48643538,-0.5766348,-0.21526267,-0.722053,-0.018825103,0.040878735,-0.422583,0.40368378,0.036059726,-0.2478282,0.4434447,-0.40700758,-0.2537733,-0.3460226,0.2922374,-0.39005998,0.0017719739,-0.3974687,-0.3127984,0.0921136,-0.22664495,0.23782724,-0.018427672,0.052248105,0.18463078,0.17966014,0.045701515,-0.18643844,0.15182152,-0.7383938,-0.4243439,0.1379279,0.14017914,0.36307004,-0.20992483,-0.29548675,-0.3607522,-0.25159442,-0.074189216,-0.29751495,-0.5073279,-0.076503284,0.22971731,0.21687485,0.29268986,-0.35235655,-0.23320353,0.023124447,0.10423036,0.06261652,0.3509785,0.63796806,-0.54596317,0.08863494,-0.034121748,0.4842961,0.33565646,-0.39353234,0.03297389,0.08697473,0.01567809,-0.12878805,0.7073945,0.15488023,0.21011652,0.27276263,0.006012655,0.016510282,-0.35888872,-0.51438946,-0.76291037,-0.33085087,0.50606513,0.65332687,-0.3788303,-0.32384998,-0.5781474,-0.13499704,0.040285796,0.0675092,-0.35355458,0.384738,0.5484035,-0.22287796,0.121784255,0.11884433,0.078041464,-0.15432224,0.4470258,0.16663179,-0.4338547,0.2821713,-0.0150745325,0.4969505,0.22377558,-0.46914423,-0.19426706,0.003551773,-0.2247523,0.13880697,0.4650063,0.30947798,-0.27706817,-0.02303121,-0.042191677,0.105351575,-0.50617903,0.40790132,0.10088723,0.30806142,-0.053129416,0.04029776,0.19340087,0.11597658,0.46901712,-0.035407387,0.0035815751,0.14372267,0.13702781,0.27347216,0.055629462,0.48918632,0.2960058,-0.4826175,-0.17447738,0.041196465,0.14046086,0.48024383,0.11138977,0.253826,0.067114905,0.010732245,0.22887035,-0.09313688,-0.37487128,0.051197376,-0.1232155,-0.2095821,-0.047197443,0.088710696,-0.34577966,0.067183316,-0.2878447,0.1433855,0.34324032,-0.424422,-0.23359415,0.17551307,-0.37017578,-0.36106914,-0.10212424,0.43346196,0.23036581,-0.08700636,0.12935957,-0.29805768,0.1692659,0.20365843,0.06607975,0.3887433,0.18234377,-0.13472363,-0.3220769,-0.012622089,0.05504891,-0.25835967,-0.49955127,0.0711708,-0.5314216,0.23543932,0.10881493,-0.114123404,-0.02036231,0.51183516,-0.24754386,0.033719588,0.4440809,-0.20377547,-0.24984941,-0.10118541,-0.3012508,-0.24445641,-0.05844884,0.093281396,0.12408321,-0.07842041,-0.4938071,-0.035777148,0.040356804,-0.046383336,-0.5445321,0.4519855,0.45130023,-0.019464033,-0.98817354,-0.31981346,0.14598106,0.31380826,-0.0069775437,0.3118743,-0.09094418,0.23711914,0.16367072,-0.34277257,-0.107181616,0.10789739,0.27831212,-0.12675807,-0.5569853,-0.44108754,-0.43301296,-0.08955246,-0.32286245,-0.3729153,0.29733175,0.11988639,-0.23048198,-0.44097856,0.07868783,0.09291133,0.0,0,0,1,0,0,0,0,0,0,0,0,0,0,0,1,0,0,0,0,0,0,0,0,0.0,0.0,0.0,0.0
0.30915073,-0.26433915,0.3093691,-0.107967965,0.56161106,-0.543039,0.18568186,0.90882635,-0.22513105,-0.48840213,0.1456545,0.13475479,0.09871967,-0.18933135,-0.24651209,0.38864326,-0.7346733,0.6056848,0.13323884,0.3797765,0.23506443,0.111782655,0.085945226,-0.08807234,0.49463502,0.3652296,-0.39451587,-0.43911672,-1.1369516,-0.3594246,0.62429446,-0.06462641,0.4678878,-0.05306829,-0.25392228,-0.4469301,-0.08350874,-0.009018626,-0.1976654,0.30491868,-0.09288131,-0.17022665,0.061009273,-0.26720557,0.01745999,0.042487208,-0.070758134,-0.24311823,0.16642378,-0.28446874,-0.30581826,-0.24539313,-0.1667353,0.013999014,0.27122313,0.075668216,-0.28575367,-0.3985302,-0.64085984,-0.05163547,-0.35915843,0.3422813,-0.020888744,-0.0033206248,0.15278812,0.25920168,0.23551746,0.2960055,-0.45944586,0.03687302,0.12709734,0.04540447,0.21577357,-0.052264765,0.41058704,-0.029939406,-0.5624166,0.97450083,0.08179357,-0.14985113,-0.2144668,0.3467189,0.10486426,0.070885845,0.29029962,0.062163528,-0.2711049,-0.057504945,-0.53244597,1.05396,-0.37762108,-0.24105626,-0.28988576,-0.149267,0.31338885,-0.77133995,-0.402456,0.025242286,-0.36802024,0.1775503,0.5267363,-0.1972636,-0.31455597,-0.13023269,0.13064247,0.005379096,-0.086882375,-0.19898063,0.13277131,0.30209598,0.13816166,0.0024633212,0.07007784,-0.71076035,-0.01977406,0.29228324,0.21781124,-0.32851696,-0.32145733,-0.22945668,-0.014751029,0.388328,0.028895622,0.19968659,0.44725966,0.21622783,0.48441324,-0.57737035,0.07351659,-0.8252371,0.20916018,0.7833391,0.100719,-0.36938694,0.36042386,0.1796415,0.2057329,-0.44424385,-0.04070985,-0.11120104,0.21119164,-0.13294078,0.22195825,0.3459121,0.30608398,0.083567105,-0.1719894,-0.3861979,-0.060127415,0.30271333,-0.49325973,-0.23449019,-0.0011456398,0.20877117,-0.48796955,-0.4178013,-0.0005397708,0.11130132,0.35322648,0.1306687,0.2789625,0.019419685,-0.31072438,0.27791524,-0.11959914,0.5380881,-0.44736797,-0.43351474,0.08147921,-0.15406945,0.35394725,-0.12324274,0.6030171,0.12650849,0.546365,0.28519544,-0.20631447,0.29144368,-0.23632991,0.5667228,-0.564904,-0.36651465,0.091106795,-0.41487327,0.09359649,0.027321475,0.8143063,-0.14987515,0.41600892,0.38509938,-0.5534718,0.2249164,0.4050416,-0.06316564,0.09799345,-0.1572159,-0.27957007,-0.08692587,0.18418686,-0.3514368,-0.08536553,-0.023218,0.15491521,-0.1890643,-0.64590895,0.045415487,-0.4189369,-0.15281776,0.12519497,0.27326643,-0.58603656,0.37299106,-0.26756567,0.406263,0.20714746,0.1871777,0.102479555,-0.12530635,-0.36129212,0.07745323,0.3326376,-0.001038507,0.23796761,-0.23740299,0.03858019,0.9247993,-0.33538142,-0.21870427,0.5161661,0.26856986,0.024095746,-0.4446795,0.18490928,0.17304154,0.7970971,0.45955372,-0.575874,-0.80199844,-0.34464213,-0.11824868,-0.35133636,0.013722344,0.58181155,-0.08822989,-0.32286537,0.2798558,-0.06443017,-0.48652634,0.3437695,0.03328506,0.060425486,-0.40076315,-0.4239339,-0.78567034,0.08814387,-0.26004982,-0.44689846,0.120826356,-0.28833497,0.020263007,0.6304792,0.03303013,-0.08716491,-0.15258078,-0.22695358,-0.67340094,0.50829774,0.5848205,0.14611602,-0.27422434,-0.24244791,-0.2965841,-0.14141051,0.8535534,-0.10992493,-0.02888772,-0.06982484,-0.21683562,0.37094918,0.013915228,0.30212507,0.061416835,-0.13135958,0.1137989,-0.47479156,-0.15293334,-0.13447331,0.08845678,-0.65387106,-0.49686456,-0.38327587,-0.011787973,-0.62073374,0.19155946,0.6876515,0.56241125,-0.043059386,0.79359215,0.0447535,-0.4543229,0.18087462,-0.8413018,0.08596297,-0.2784819,0.1540578,0.46212634,-0.7023686,-0.70902747,-6.3878703,-0.30215237,-0.33975056,-0.15220772,0.2685488,0.076056875,0.27596456,-0.13098638,0.056688234,0.10324277,0.018673208,-0.020904884,0.27473137,-0.38833103,0.052804645,0.34871492,0.80296296,-0.20642847,-0.25439394,0.26267982,-0.43807113,-0.38147363,0.17295735,-0.13459791,0.23932178,0.43514428,-0.2092335,-0.19952616,-0.050481,-0.43743145,-0.18557054,0.0384835,0.15959491,0.5580774,-0.1459612,-0.44219136,-0.39181724,-0.24348427,-0.27457574,-0.47823375,0.5582964,-0.16573437,-0.41574237,-0.3936172,1.0632304,-0.50351816,0.14324422,0.15674937,0.10666322,0.47369114,-0.07502326,-0.43157867,0.54023486,-0.64002824,-0.35114878,0.24811465,-0.19386306,0.88879174,-0.13526383,-0.51605105,0.60701704,-0.5440661,-0.19896199,0.17396754,-0.35357597,-0.62117624,-0.6872221,-0.40603584,-0.09326509,-0.07687591,-0.19859697,0.7577152,0.18731314,-0.8324891,-0.038503524,0.24557507,-0.11149995,0.36448833,-0.59481335,0.07432109,-0.47522408,-0.14027195,-0.11321796,0.29466462,-0.084872276,0.06867858,0.23213106,-0.22153816,-1.0600454,-0.13397716,0.35512516,0.07946607,0.52359384,0.13195229,-0.42053854,-0.19371834,0.47083947,-0.8003188,-0.44402465,0.6359277,0.7615869,0.33325607,0.3589516,-0.27225536,-0.4901747,-0.17582902,-0.47404274,-0.20525783,-0.11236076,-0.33031532,0.04908917,-0.13484302,-0.40331638,0.055715803,-0.4747772,-0.56333905,0.24586086,0.24375479,0.23480844,-0.9473703,-0.22772123,-0.091078684,-0.41120422,-0.14182732,0.56218153,-0.32049674,-0.05421775,-0.037449833,-0.24666461,-0.29686603,0.021980233,-0.23055246,0.17730357,0.6257663,-0.16776875,0.10877119,0.26438907,-0.2489737,0.11810152,0.1456481,-0.24276653,0.69532716,0.2487686,0.061917022,-0.094591826,-0.12216564,0.4580125,0.32371366,-0.27935782,0.44175908,-0.42521608,-0.65446436,-0.058087625,-0.28242782,0.13396752,0.47559878,0.4686306,-0.35023686,0.3859801,-0.63188285,-0.4027354,0.11811978,0.34433147,0.18707262,-0.39160916,0.28841364,-0.009074551,-0.067637704,0.011056416,-0.31483647,-0.45076752,0.3225752,0.23595448,0.06812565,0.6655897,-0.22881365,0.3084012,-0.4577687,0.34918416,0.39438865,-0.1538934,-0.3104018,-0.033635333,-0.3753661,-0.14256194,0.026325518,0.13616687,0.12043792,0.33824658,0.2039581,-1.0284466,0.44961,-0.07310566,-0.7272465,-0.05982773,-0.3631551,0.33316445,-0.30630863,0.21455511,0.89728546,-0.05361601,0.1580226,-1.3074208,0.33551922,-0.28796238,0.29210448,-0.09234145,0.18653248,0.15601999,0.11350893,-0.44364423,-0.70343953,-0.16268757,-0.35465515,0.65997696,-0.49561012,-0.48443696,0.049511176,-0.5309032,0.4856907,0.2803345,0.37071922,0.7924898,-0.17598416,-0.15458265,0.30742398,0.19164455,0.23305748,-0.47137558,0.22376494,-0.10714142,-1.1935992,0.26577264,-0.31446576,-0.3127029,-0.13029876,-0.509361,-0.497154,-0.15444891,-0.8241513,-0.47538093,-0.85439944,-0.4041514,-0.65405214,-0.64323825,-0.08544115,-0.18369302,0.24814981,-0.11678348,0.29243568,0.2046445,-0.16505009,-0.2114561,-0.1602675,0.48410738,-0.6979549,-0.41605404,0.22554512,-0.0016172486,0.48318824,0.22872023,0.38667706,0.2579621,0.71661425,0.18087453,0.10735264,0.20294149,0.44074285,-0.19797973,-0.6244615,-0.42223492,0.06419152,0.10636513,0.39686435,-0.18184654,0.123791635,0.3547495,-0.5226711,0.055549555,-0.36296523,-0.5995582,-0.3731525,-0.17167386,-0.044991784,0.5308982,-0.40351573,-0.64254594,-0.029091213,-0.06827723,0.47266757,0.03316705,0.7768636,-0.26212862,0.5662056,0.07769442,0.464567,1.1250515,-0.1460819,0.33627415,0.4626337,-0.3915159,0.3584788,0.75157034,0.41382527,-0.0078192325,0.4934504,-0.10866061,0.12985288,-0.35525346,0.056628376,-0.31700534,-0.24542116,0.46158454,0.62071794,0.11117447,-0.23022078,-0.6995016,-0.365341,-0.96453357,0.03169365,0.07109881,0.28092125,0.5221842,0.09489086,-0.5245316,0.22019775,-0.13956629,-0.17470968,0.13513158,0.08776167,-0.4341416,-0.08011678,-0.003195262,-0.073134005,0.49157226,-0.1675334,0.40140378,-0.060501326,-0.07855278,0.30749202,-0.44918728,0.5286858,0.38512003,0.7514138,-0.03213524,-0.0426272,-0.33997226,0.3213449,0.8692654,0.25609347,0.026107531,0.10315319,-0.34842473,0.2754727,0.3889502,-0.33578205,0.8462529,-0.31743884,-0.08809157,0.39153135,0.46784633,0.18187094,-0.28502318,-0.82593644,-0.2960725,-0.45939025,0.4299883,-0.25123242,0.21708757,-0.10092062,0.28090513,0.23147802,-0.090027034,0.22056334,-0.050838675,0.35433814,0.37162673,0.061191894,-0.6035487,-0.20229413,-0.43010062,-0.046169434,-0.85735774,0.20096913,-0.06778159,-0.2989808,-0.06881787,-0.31216887,0.1640982,-0.60571635,-0.5477738,0.14941882,0.013525006,-0.005648336,0.3758377,0.22040537,0.17100838,0.58084714,0.27372685,0.058621783,-0.061616264,-0.60912067,0.29932943,0.2424332,0.23981375,-0.14200363,-0.29744494,-0.022784568,-0.73903596,-0.564024,0.0729523,0.9396416,-0.113236904,0.28693354,0.26326737,-0.33134976,0.50573933,-0.4591054,0.18353498,-0.6586443,0.3941425,-0.17569324,0.011124478,0.29306734,-0.10053932,-0.89959913,-0.07707697,-0.27225947,0.01877782,0.27860856,-0.37569302,-0.5804993,0.24890643,0.101579845,-0.44607148,-0.8049507,-0.4644654,0.7986276,0.78261733,-0.2652183,0.04592155,-0.06491081,0.2764114,-0.19586623,-0.28213364,0.53907347,0.26676628,0.026507346,-1.0026107,-0.19851513,-0.23950118,-0.067703746,-0.5573437,-0.13511187,0.22459182,0.02215675,-0.60647357,0.021149388,-0.11976985,-0.5668495,0.2,0,0,1,1,0,0,0,2,0,2,0,1,0,1,0,0,0,0,0,0,0,0,0,0.0,0.0,0.0,0.0
0.19260406,0.3124503,0.67366946,0.011135344,0.517511,-0.051764082,-0.028367357,0.6179475,-0.4725034,-0.26225623,0.021824086,-0.34579268,-0.24820104,0.45500574,0.09058643,0.5526736,-0.21762955,0.5552903,0.26202777,0.33703437,0.5017103,0.201813,-0.061821353,0.019699452,0.07932311,0.12131787,0.121672586,-0.1783961,-0.47784638,0.072328895,0.37179434,0.064436786,0.36595196,-0.019430611,-0.5323856,-0.43389094,-0.28600028,0.025394227,0.38653398,0.33711988,-0.03887336,-0.50160104,0.26336563,0.074642755,-0.37300476,0.21924882,-0.043676227,-0.21394548,0.18857902,-0.44365993,-0.6504071,0.06956191,-0.017273419,-0.4324164,0.13260248,0.48573416,0.7199409,-0.40248942,-0.27994964,-0.0018157399,-0.1812325,-0.3484587,0.17342049,0.07577089,-0.32111835,-0.25477266,0.10442957,0.6161772,-1.1400763,-0.09953799,0.042552896,-0.0121167125,0.011029268,0.098289296,-0.043841317,0.19843075,-0.17373168,0.5814163,0.21341126,-0.19824928,0.056430377,0.28849158,0.47454333,0.5076892,0.48092133,0.2520305,-0.00042677016,0.020391112,-0.56545687,0.66291165,-0.303674,0.035511427,-0.07006092,0.011572862,0.6213114,-0.5806328,-0.63290507,-0.2578885,-0.1528188,0.09515273,0.20754275,-0.66707724,0.030485304,-0.16111982,-0.43146247,-0.14472793,-0.44351506,0.059282545,0.29652688,-0.07157865,0.08581981,0.31384248,0.15312947,-0.4476234,0.027186787,0.2351747,-0.46084976,0.4186203,0.43797714,-0.025429266,-0.12023925,0.4242357,0.26889676,0.33114842,0.18374568,0.03580797,-0.3639402,-0.20044397,-0.12691896,0.34417924,0.4555799,0.7441071,-0.0035098002,-0.37755573,0.13325877,-0.0821211,-0.028493991,0.103807114,-0.07029526,-0.21364647,-0.11882197,-0.066031925,-0.09050889,0.19574766,0.38939956,-0.1436653,-0.08482319,-0.35575908,-0.12257129,0.22244637,-0.484304,0.13457511,-0.4121894,0.10686707,0.020873208,-0.19065054,-0.2766944,-0.43412703,0.31231168,0.15778716,-0.011780485,-0.1705342,-0.10870753,-0.15674573,0.16666454,-0.15053307,0.1386884,0.2661603,-0.039620925,-0.24957134,-0.1262143,-0.7309973,0.1096471,0.2459109,0.50851506,0.42012924,0.18301563,-0.6084275,0.30007663,0.89881724,-0.38033584,-0.23461181,0.2404193,-0.4879818,-0.10539785,-0.07622546,0.60728717,-0.4714014,0.75449777,0.07750745,-0.6334918,0.00861854,0.14999972,-0.2278074,0.71849,-0.4691016,-0.2815161,-0.050940376,0.5687454,0.041992337,0.12198058,0.3082473,0.01605152,-0.43385848,-0.70711017,0.38828146,-0.054269403,-0.28244886,-0.8132475,0.16332656,-0.15608919,0.3479677,0.16866629,0.3001932,-0.04951508,-0.11794851,0.28267476,-0.3698472,0.1464602,0.27891162,-0.39441404,-0.6174355,0.054027952,0.009797964,-0.4043292,1.0965543,0.39416325,-0.547037,0.5927311,0.035750963,0.035552632,0.09671774,-0.09277558,-0.5240981,0.16049822,0.5041508,-0.15943927,-0.56145823,-0.03371757,0.33956814,-0.27929446,0.3400782,0.24760573,-0.07570182,-0.23417707,-0.19704588,0.20493655,-0.3333555,-0.03358593,0.14729138,-0.23169069,-0.09580899,-0.1955039,-0.16036019,-0.15610689,-0.45478946,0.11849969,-0.11360479,-0.55361474,0.46614864,0.29747355,-0.050516568,-0.044763044,0.15942557,0.33839333,-0.31758946,0.039082065,0.09301332,0.47133994,0.44059345,-0.34950027,-0.25656092,0.078682765,0.90982354,0.1503057,-0.4999305,0.079643644,-0.20504418,0.05636222,-0.13622698,-0.06950709,0.49376124,-0.0878759,-0.23663191,-0.21016079,-0.6628349,0.43203697,-0.097461864,-0.23969227,0.13571303,-0.16035838,0.07464889,-0.01914851,-0.23948014,0.8018084,0.33956346,0.14662598,-0.17424728,-0.5807824,0.10918032,-0.28233296,0.1088973,0.13925299,-0.10554314,-0.120373055,0.1600534,-0.50472,-0.06654909,-10.940247,-0.24285194,0.0142204575,-0.42987552,0.16699892,-0.23690434,-0.2202574,0.09200447,-0.17951527,-0.23619236,-0.4243784,0.06655535,-0.09460319,-0.12332037,-0.400603,-0.0594823,0.65240234,0.30084515,-0.58894783,0.28397405,-0.67552066,-0.25906572,0.3537509,0.1280777,0.6746486,-0.02490909,-0.10742401,-0.05831363,0.013331086,-0.017752621,-0.0142664425,-0.010837864,-0.045984697,0.88934326,-0.32335374,-0.07334363,0.07448769,-0.51026225,-0.20546454,-0.3881445,0.24639581,-0.30959865,-0.4636469,0.092402555,0.68832535,-0.5116067,-0.46990466,0.38328263,-0.07727057,0.20817204,-0.17349753,-0.11849846,-0.16738239,-0.5607855,-0.09089636,-0.00072198245,0.12052331,0.9863971,-0.01393474,-0.20540321,0.50276685,-0.2732746,-0.5279219,0.075144485,-0.1722722,-0.25335753,-0.9909651,-0.45243117,-0.51096046,0.0075648003,-0.3927065,0.24627009,-0.04321609,-1.0913452,0.1529028,-0.22839554,0.040825572,-0.035775784,0.09734648,-0.21102567,-0.7295011,0.052473493,-0.0009109931,-0.11072698,-0.5912015,-0.4283432,-0.15427715,-0.5555408,-0.34639382,0.4789562,0.09544738,0.14108573,0.2764602,0.3882188,0.26498634,-0.26091158,0.6007619,-0.2012474,0.0055978857,0.17661265,0.23000859,0.18865179,0.4335089,-0.18414791,-0.037998933,0.248935,-0.18458702,0.12835221,-0.04756091,0.11874849,-0.025472881,0.20040654,-0.23089619,-0.3401318,-0.34845227,-0.20904624,0.11789704,0.3428981,-0.089232035,-0.604441,-0.48712504,0.35341558,-0.319906,-0.5760485,0.19039881,0.012714608,0.10106053,-0.20279732,0.2602498,-0.09346626,-0.07490698,-0.26623204,0.048383556,-0.28013667,0.08485563,-0.1783758,-0.03838434,-0.45159405,-0.37625226,0.27889252,0.38589588,0.27502787,0.19299646,-0.17652424,0.15181914,0.074138284,0.36034244,0.45874953,0.14916751,0.4827231,-0.7255686,-0.82550055,-0.07209514,-0.072299235,0.1525091,0.2182819,0.81850106,-0.25489995,-0.56371474,-0.5346907,0.45910233,-0.07512933,-0.24565,0.0953914,-0.07856356,-0.035910282,0.26829198,0.24256372,-0.11181314,-0.64195925,-0.1076618,0.5177037,0.15850937,0.16701141,-0.20715843,0.08137329,0.4034931,-0.14623487,-0.3381963,0.54038167,-0.017405456,0.45981824,-0.027871972,-0.24139917,0.1873517,-0.28548312,0.1363155,0.47843495,0.27343127,0.21288423,-0.43030843,0.72013974,0.06732299,-0.64728266,0.33189952,-0.46262446,0.58788145,-0.22096354,-0.0801219,0.20208597,-0.4576501,0.036676496,-0.6428027,0.13310379,-0.1477321,0.28328046,0.15830567,0.35601747,0.6356546,0.1687748,0.27158692,-0.34389508,-0.6104116,-0.4590543,0.2778103,-0.042264108,-0.1687423,-0.44646356,-0.45904255,0.06605171,-0.38232413,-0.00016615458,-0.050688233,0.028395642,-0.24037717,0.20166363,-0.1652916,-0.19919339,0.07983826,-0.2388933,0.06486785,-1.894553,0.25156626,0.0026005667,-0.24870482,-0.18699208,-0.45350033,0.17795925,0.22759773,-0.10877824,-0.47970462,-0.4560761,-0.33476952,-0.8454102,-0.016025633,-0.051411897,-0.56324166,0.08250829,-0.22465104,0.008169408,0.28774455,-0.40299094,-0.0665244,-0.13321684,0.18531035,-0.57130545,-0.40149185,-0.07208386,-0.16159615,-0.0068652695,-0.2535035,0.3173927,-0.17464115,0.31196487,-0.04537227,0.22066307,-0.06320904,0.02379443,-0.03395191,-0.64347136,-0.39383832,-0.008210245,0.025773413,0.43536264,-0.14414555,-0.23865221,-0.2538102,-0.2662488,0.1076869,0.014576736,-0.47761592,-0.0973668,0.31714475,-0.08147541,0.025283504,-0.25849256,-0.1461857,0.2153511,0.06978305,-0.06898527,0.10142991,0.45478335,-0.21569191,0.083525635,-0.04996015,0.33023572,0.41926497,-0.06370595,-0.17382677,0.00014225584,-0.23373966,-0.2223461,0.6521315,0.24853098,0.073477335,0.17395142,-0.07906876,0.029026844,-0.32440326,-0.37416118,-0.8717883,-0.3110504,0.5299237,0.4574946,-0.42814815,-0.16079918,-0.41890076,-0.31288564,-0.025865497,-0.18565173,-0.39858508,0.12736231,0.9272508,-0.30809936,0.19562986,0.079999916,0.073153,-0.010790612,0.124666795,-0.07045458,-0.27015895,0.0019673186,0.19364494,0.4534116,0.122696966,-0.33873126,-0.13269603,-0.019639857,-0.5151997,0.33108756,0.16114187,0.32128593,-0.32697284,-0.11545705,0.23745415,0.30228236,0.01538347,0.2576333,-0.054200783,0.36530983,-0.1520912,0.035516646,0.116381556,0.10725793,0.46444425,-0.238478,0.340156,0.18524939,0.51721126,0.54056025,0.12906535,0.6230532,0.31480765,-0.1597266,-0.30885294,0.35148293,0.16840766,0.05573888,0.09935017,0.2627535,0.03149457,-0.14864312,0.35193646,0.078676805,-0.33734038,0.058944453,-0.12866697,0.12651318,-0.43620354,-0.24831982,-0.24957377,-0.022397496,-0.28829563,-0.21903698,0.5389072,-0.50265986,-0.06587454,0.15911034,-0.26864266,-0.19783658,0.048864845,0.24550866,0.119070694,-0.25462177,0.00032945053,-0.16902182,0.027350418,-0.020336173,0.57904977,0.11647449,0.24081673,-0.10413214,-0.34601742,-0.15847875,-0.08339062,-0.21639594,-0.1323495,0.038703676,-0.32095432,-0.021750417,0.14700955,0.10807916,0.023127621,0.24605913,-0.28104758,0.076895826,0.42546925,-0.4681744,-0.32145864,-0.14868632,-0.23125532,0.032352947,-0.15046507,0.10165872,0.10942974,-0.12215528,-0.21430089,-0.20317493,-0.17175066,-0.013807287,-0.21896282,0.43932468,0.4942695,0.18561016,-0.7069696,-0.44244453,0.14658551,0.13111852,-0.28058726,0.3777777,0.070568115,0.1692364,0.0652072,-0.19696642,-0.10481566,0.2589889,0.06881266,0.051109906,-0.61939126,-0.63991,-0.2085264,-0.06859936,-0.21461946,-0.29046327,0.17270881,0.2172973,-0.19802563,-0.48332578,0.19765739,0.44314697,0.0,0,0,1,0,0,0,0,0,0,0,0,0,0,0,1,0,0,0,0,0,0,0,0,0.0,0.0,0.0,0.0
0.19047552,0.19266362,0.8459625,-0.08347658,0.29526007,-0.088344805,-0.12016265,0.4310666,-0.50181067,-0.33577102,-0.04582295,-0.063176095,0.36958158,0.36319855,0.4612393,0.5767124,-0.30308336,0.3658699,0.047640532,-0.13327432,0.71183944,-0.120884866,0.24570084,-0.044086143,0.3504225,0.02080151,0.12445463,-0.30868632,-0.28965393,0.13925336,0.10049138,0.19585411,0.17475648,0.30397305,-0.2992133,-0.433682,-0.3124274,-0.13580589,-0.063017696,0.27674437,0.030361414,-0.25053424,0.5119143,0.1747203,-0.5112066,0.19453993,0.026030967,-0.52585566,0.081202686,-0.32560346,-0.19769885,0.25749812,-0.144489,-0.60743725,0.035313856,0.5612122,0.572155,-0.42328376,-0.4058801,-0.053402122,-0.016220491,-0.32106137,0.07506235,-0.15496708,0.008841735,-0.45818365,-0.09885011,0.3085654,-1.0544434,0.053286623,0.1449723,0.06278636,0.22780426,0.26842666,-0.20352858,-0.17541257,-0.20311546,0.7183133,-0.1479826,-0.2757504,0.12858829,0.101224095,0.49368554,0.3747073,0.41796,0.4047357,0.21013921,-0.32919064,-0.42183068,0.74559695,0.05690439,0.40749115,0.019928625,0.14973241,0.17291588,-0.9193246,-0.4941142,-0.48703694,-0.3235198,-0.08857355,0.62266076,-0.403055,-0.09803876,-0.6018544,-0.562578,0.12155839,-0.38587642,-0.18010016,0.4777827,0.078716494,-0.11346455,0.2206113,0.16995062,-0.47782654,0.120209314,-0.055153407,-0.22891153,0.79184824,0.42472592,-0.5302004,-0.07054047,0.33043712,0.09366937,0.17254037,0.49569446,0.08076873,-0.17003627,-0.4036887,0.18022732,0.15290272,0.19187374,0.27085453,-0.19105688,-0.44346935,0.208616,-0.036115613,-0.13561282,0.011934719,0.22808695,-0.36336532,0.11458403,-0.29716152,0.11145847,0.22059926,0.42755035,-0.23070396,0.044078685,-0.17905049,-0.4806219,0.43066406,-0.38807964,-0.14419258,-0.1599992,0.22336383,-0.009829793,-0.6009079,0.029510347,-0.1312334,0.5477666,0.25181022,0.22910583,-0.033976167,0.33829635,0.10886713,0.1369229,0.071315035,0.19583818,0.073064,-0.14806746,0.0032451486,-0.11470981,-0.44460517,0.2310163,-0.04451539,0.531852,0.4576058,0.30203202,-0.3337081,-0.054947104,0.65686554,-0.42110038,-0.3688465,0.48664,-0.045538474,0.2117791,-0.16923122,0.6120305,-0.41564304,0.96641845,0.2807363,-0.46039876,-0.40077016,0.43817225,-0.2978508,0.35754302,-0.364674,0.29139492,0.032566007,0.24311477,-0.37921837,0.18607639,0.3682594,0.056203913,-0.12809145,-0.34322727,0.68008894,-0.31444186,-0.021476177,-0.6283622,-0.104166076,-0.23903483,0.5443912,0.14301595,0.22034664,0.20523609,-0.20270973,0.20075959,-0.37018535,0.11680205,0.29383007,-0.20756406,-0.13868314,-0.061847493,-0.08436367,-0.38821933,1.0614146,0.19689484,-0.72289956,0.27666703,0.08047801,-0.007596797,-0.3534595,0.5529178,-0.37353995,0.6037453,0.34142917,-0.37905392,-0.39697134,-0.19586195,0.097348124,-0.33790097,0.13543402,0.20856869,0.2113952,-0.44459546,0.50600135,0.1729036,-0.26751828,-0.42587686,-0.2975813,-0.11110609,-0.18373212,-0.097392485,-0.44001877,-0.16182879,-0.36264557,0.011787432,-0.04760299,-0.49237037,-0.18637891,0.17882721,-0.20201662,0.12051643,-0.024055429,0.40187415,-0.22544827,-0.15090138,-0.17474414,0.35918677,0.27013358,-0.028359253,0.35433397,0.16351528,0.93095344,0.17950808,-0.39511004,0.290007,0.13392667,0.21058503,-0.0048461934,0.3424264,0.6042517,-0.09058463,-0.12619814,-0.07783408,-0.34580284,0.34919113,0.10932068,-0.11845071,0.13616575,-0.10183944,-0.5047125,-0.3970442,-0.22967803,0.6615108,0.27373242,-0.20019041,0.17114511,-0.7156655,0.108532116,-0.3278734,0.16564241,0.068602435,-0.064066075,-0.100386135,-0.095160455,-0.6271957,-0.1782811,-10.748318,-0.3289924,-0.46128732,-0.347974,0.3431312,-0.1903524,0.16570763,0.29138732,-0.32543376,-0.259995,-0.052338086,-0.10419001,-0.032426953,-0.49926662,-0.24450561,0.26214755,0.841698,0.114449225,-0.12149578,0.32493618,-0.2997761,-0.12677349,0.22155379,0.3684716,0.46144965,0.14739868,-0.025091425,0.18442574,-0.40219787,-0.16805336,-0.33691832,-0.1805451,0.07927788,1.109139,-0.43244746,-0.3349126,0.17215171,-0.36980817,-0.4775336,-0.6161088,0.23664017,-0.17887717,-0.7106038,0.24013405,0.73112375,-0.5272715,-0.36706007,0.18947043,0.1520922,-0.02011981,-0.056391377,0.11687215,-0.097021714,-0.89148605,-0.24973704,0.068085775,-0.20543583,1.0894645,-0.22896174,-0.16022418,0.6447482,0.15359615,-0.20981975,0.28234828,-0.23567082,-0.2980949,-0.8094112,-0.24059658,-0.3865384,0.03256715,-0.07230236,0.059644837,0.1409745,-1.3183556,0.010138774,0.006554961,0.34424648,0.24233238,0.009153336,-0.28600624,-0.65988165,-0.2067843,0.1370378,0.11662999,-0.47243118,-0.45526257,-0.13701195,-0.4506257,-0.51522297,0.19913426,-0.099645756,-0.22357377,0.6866439,0.03132977,0.24940497,-0.29469547,0.42720947,-0.12212021,-0.19563057,0.21066426,0.15364085,0.24064949,0.23122074,-0.3455719,-0.49686715,0.24773344,0.011680496,0.23387587,-0.07534401,-0.36923468,0.037749484,0.14245726,-0.36611634,-0.38843593,-0.016244773,-0.2976168,-0.1043603,0.34077236,-0.38238457,-0.2663605,-0.28287053,0.049069896,-0.65039545,-0.5853799,-0.28935874,0.097768,0.04036069,-0.073365495,-0.30640984,-0.10114685,-0.0050654155,-0.035572857,-0.25522384,-0.3690183,-0.0533419,-0.18350609,0.25234595,-0.6086643,-0.23687729,-0.025494382,0.3654059,0.15848827,-0.18794729,0.09212774,-0.062615775,-0.031608067,0.022339325,0.28826112,0.03898953,0.5118402,-0.6702459,-0.82836324,-0.026903857,-0.07454764,-0.08722646,0.17556205,0.79184186,-0.15181647,-0.32750842,-0.67883295,0.24898933,0.01692824,-0.03164369,-0.013040868,0.02338433,-0.1822296,-0.33382294,0.098032095,-0.06644997,-0.37665403,-0.10084899,0.33606014,0.13696486,-0.065252036,0.074587435,0.13144976,0.2781932,-0.11081746,0.06413217,0.37257567,0.1540252,0.29638457,-0.3303754,0.03262755,0.2942363,-0.016114509,0.1295239,0.28579062,0.35078305,0.5601439,-0.99441904,0.6541755,0.14695466,-0.6415847,0.15710564,-0.5066211,0.63184375,0.02622016,-0.081414014,0.22287007,-0.48050755,-0.061330773,-0.67285156,-0.018038249,-0.1975309,0.06661283,0.20638056,0.20600462,0.59060687,0.21569018,0.3849558,-0.45560485,-0.4700868,-0.21055707,0.39431706,-0.2552507,-0.19444208,-0.8310912,-0.6887453,0.30235124,-0.018964592,-0.2371004,-0.03179479,-0.17851046,-0.22075085,0.22681159,-0.0683037,-0.114048816,0.016829906,-0.009436389,-0.010005692,-1.9482712,0.46937943,0.09935668,0.18473224,0.10793675,-0.4758918,0.10779318,0.020841477,0.11720286,-0.47819722,-0.5034514,-0.011209487,-0.79466164,0.038893484,0.18377703,-0.26152706,0.18438984,0.13805372,-0.10533955,0.61506253,-0.49262637,-0.26026657,-0.2395153,0.22814438,-0.2007492,-0.14227125,-0.60474294,-0.22015662,0.36944816,-0.5606776,0.31401414,-0.03741764,-0.020236287,0.40283123,0.2421185,-0.050672747,0.17211303,0.15671307,-0.35512343,-0.1561732,-0.0935165,0.059987593,-0.09323931,-0.027676176,-0.07644656,-0.7777393,-0.41093796,0.09208648,-0.23902458,-1.04055,-0.36318544,0.18525736,0.011304229,0.14873843,0.09438655,-0.46748742,-0.30598268,-0.5964916,0.40019786,0.25452116,0.5524269,-0.58567417,-0.09725423,0.004641722,0.8296406,0.7053894,-0.31577742,0.06894053,0.35759833,-0.07830508,-0.34839547,0.55890906,0.24376248,-0.049504824,0.32096055,0.007687036,0.20372304,-0.3770952,-0.23127148,-0.5535743,-0.22788444,0.58256197,0.7033991,0.039447296,-0.6500738,-0.5289719,-0.103211515,-0.053997718,0.27358356,-0.34285468,0.47410327,0.6149796,-0.033543892,-0.08799529,0.21744385,0.10440162,0.012424174,0.40944508,0.19800942,-0.43018305,0.44791755,-0.21959525,0.3258127,0.02218359,-0.21135738,-0.0055901245,-0.45462665,-0.1998684,0.40325564,0.47656006,0.24134494,-0.30746618,-0.094557635,0.040841166,0.023388185,-0.32524222,0.30209732,0.18906286,0.2774914,-0.02252005,-0.1436839,0.15150264,-0.046096858,0.4903059,0.40125427,0.07586443,0.19824402,0.09256345,0.08206983,0.048606463,0.6046371,0.25727615,-0.119139016,-0.110729285,-0.040969826,0.17679751,0.39911172,-0.039847612,0.011836466,-0.044676088,-0.13262457,0.40514442,0.22956084,-0.48076084,0.19315025,-0.31410077,0.15205286,-0.027839048,0.09401489,-0.19557151,0.0035534126,-0.3077221,0.06350121,0.37123868,-0.20982258,0.05988373,-0.18036422,-0.26805696,-0.31917307,0.031744417,0.3940935,0.16923285,0.29939526,0.1509679,-0.16211587,0.2643585,-0.03519911,0.43808156,0.536975,0.22244969,-0.07117398,-0.07394333,0.13463779,0.28947997,-0.3279862,-0.43935958,0.19781424,-0.35118756,-0.090751104,-0.05107956,0.03855635,-0.08715181,0.46501967,-0.16738874,-0.21001798,0.09957811,-0.31301725,-0.24975233,-0.29705665,-0.20983796,-0.2516231,-0.10396243,-0.047884144,-0.11102268,-0.07778595,-0.51358515,0.011919501,-0.02803376,0.22770977,-0.3262716,0.41547745,0.55481756,-0.14790468,-0.6894916,-0.27837548,0.12932423,-0.09694147,-0.008751895,0.35500407,0.0026546007,0.2016286,-0.089899436,-0.51551765,-0.122846134,0.23689325,0.35178337,-0.053824976,-0.9345518,-0.41400883,-0.26651293,-0.19047728,-0.2571817,-0.019855164,-0.019378137,0.06546885,-0.2899455,-0.7463852,0.24769236,-0.14764982,0.0,0,0,1,0,0,0,0,0,0,0,0,0,0,0,1,0,0,0,0,0,0,0,0,0.0,0.0,0.0,0.0
0.47204116,0.04008539,0.24944976,-0.0077697826,0.07936423,0.18355252,0.23575787,0.6066854,-0.28694913,-0.46013626,0.3098555,-0.1596046,0.15034688,0.0064326907,-0.3875694,0.46553472,-0.11593371,-0.24071519,0.38616985,-0.058148403,0.55556434,-0.54869795,-0.46257526,0.023341801,0.39004812,0.28673577,0.09820219,0.020324579,-0.36807424,0.16623119,0.22688277,-0.26249585,-0.30291733,0.09509718,-0.14336933,-0.22988933,0.12841083,0.037216958,-0.7632231,0.067028016,0.20900504,-0.40497872,0.95309556,-0.6062129,-0.20323281,0.12461452,-0.249428,-0.17128544,0.23457958,-0.36505687,-0.4689873,0.02232058,-0.022329228,0.2641669,-0.1679549,-0.089187905,0.33167788,-0.38577712,-0.3229447,-0.08402207,0.24822329,-0.35861096,0.03539404,-0.00799894,-0.04100829,0.001512628,0.29917163,-0.07987407,-0.016332962,0.45453736,-0.28497362,-0.28526163,0.50438267,-0.19428258,-0.41678086,-0.17356701,0.17636776,0.17224097,-0.11760015,-0.4902505,0.21674706,0.33598784,-0.29328877,0.5299033,-0.0069781267,0.39754313,-0.019409908,-0.18653399,-0.17056955,0.24170457,-0.41034934,-0.17507328,-0.3725101,-0.21855305,0.5175876,-0.34935695,-0.54605895,-0.23733845,0.08689895,-0.9094253,0.6061654,-0.75455683,-0.34515575,-0.39057046,-0.27365628,-0.04299362,-0.21248989,-0.64552766,-0.007495044,0.58422637,-0.34441876,0.10850373,0.5618135,-0.2526305,-0.23560162,-0.26631498,-0.14376797,-0.00040263077,0.20811138,0.30883121,-0.2232116,-0.025731543,0.15100838,-0.13123307,0.044717554,0.14946088,-0.2201835,-0.29151317,-0.505721,-0.08685749,0.5055472,-0.2112447,-0.030501198,0.1620312,0.11235891,-0.06340592,0.12172608,-0.20203148,-0.4016764,-0.16003373,-0.037101734,0.35952154,-0.053573225,0.09664493,0.37393573,0.21531944,-0.11337948,0.21323597,-0.39954242,-0.10435237,-0.42481202,0.14696628,-0.28132832,0.14666891,0.21141396,-0.10300859,-0.29291078,0.22608668,-0.054836478,0.0049831546,0.23560154,-0.17558311,0.34664294,0.45898047,0.12538052,-0.07553338,0.14016713,0.4921414,0.26251683,-0.22415991,0.17091084,-0.047150742,0.27648374,-0.17181127,0.01056598,0.08583752,0.088094234,0.10258483,0.24574985,0.29285705,-0.74759233,-0.34451675,0.29084218,-0.10547892,0.29704788,-0.48921743,0.3040667,-0.2264248,0.03818308,0.88819027,-0.5075668,-0.24185263,-0.31461096,-0.32068205,0.054383982,-0.085741244,0.009811283,-0.49476716,0.0024494203,-0.3732524,0.63020575,0.18661687,0.12377333,0.1689924,-0.047808673,0.41688022,-0.13919473,-0.28794405,-0.35993373,0.3658302,-0.28580916,0.10012275,-0.06911874,0.23863205,-0.33610994,0.33664393,0.26904282,0.037193935,0.013171626,-0.06496998,0.017284216,0.025454037,-0.44454938,0.34340802,-0.52716666,0.34452572,0.23071332,-0.35336256,0.42230853,-0.33976275,-0.3145841,-0.20767693,0.30832246,0.02556654,0.35492805,0.021260679,-0.011348324,0.15908588,0.03268433,0.09658159,-0.26606438,-0.34356156,0.4429322,0.4723313,-0.1608102,0.018138407,0.11767325,-0.2694674,0.012605783,0.09719956,-0.2142413,-0.08097234,0.2836882,-0.007960232,-0.24024838,-0.3565427,-0.32750332,-0.62980616,-0.28548557,-0.030879857,-0.09353995,-0.009950603,0.043868154,0.37549692,-0.08470763,0.7447557,0.5411166,-0.53242826,0.24082974,0.3295533,-0.1352954,0.030908182,0.05296882,0.60438526,0.008175826,-0.0506348,0.24010672,-0.2003711,0.10446487,0.0069576153,0.08918814,0.18415296,-0.41243002,-0.40269443,0.5076698,-0.38723603,0.3066037,-0.17875515,-0.16877013,-0.45544624,0.28717542,0.106916994,-0.049074497,-0.5784908,0.6953014,0.26295647,0.20046042,-0.005440934,-0.4695664,0.010090649,-0.088789016,-0.062554315,0.18553476,-0.37636012,0.6978111,0.16471459,-0.014218435,-0.30318514,-6.911777,-0.16710448,0.3079543,-0.20292026,0.1831568,0.018058682,0.2853507,-0.55490637,-0.4195633,-0.3478757,0.3991603,0.009611795,-0.041162513,-0.274817,0.51498604,-0.30887055,0.1286736,0.053635772,0.24244942,0.6083893,-0.042818516,-0.6500439,0.0060900976,-0.2749505,-0.2933042,-0.28154466,-0.027288975,-0.056745604,-0.8143889,0.03310428,0.117106795,-0.52698565,-0.19651219,0.52268183,0.0400573,-0.12421546,-0.09677937,-0.5113099,0.57382935,0.0029755714,0.48578325,-0.19357486,0.22978964,0.7139285,0.21228454,-0.6488933,0.013304112,-0.20238885,-0.2620559,-0.24568787,0.2630214,0.10605318,0.5629192,-0.25721458,-0.5195592,-0.15441768,0.5695267,0.9285506,-0.7191738,-0.2876896,-0.19214767,-0.20773134,0.3803618,0.24466155,0.09723439,0.1227912,-0.23345695,-0.5439435,-0.2964511,-0.4315899,-0.293817,0.016667932,0.31645337,-1.6659199,-0.1911373,-0.2139475,-0.35649443,-0.041780684,-0.2678487,-0.4856543,-0.27394018,-0.7106319,0.0710804,0.11322244,0.0008820314,-0.21018746,-0.05101715,0.14640321,0.008189045,0.0029940894,-0.30142146,0.34141836,0.39371756,0.38404247,-0.0051638326,0.57628644,0.98945767,-0.026237775,0.4105078,0.4797736,-0.029258696,0.14842065,0.20711507,0.6641578,-0.053502653,-0.45676026,-0.30245137,-0.26834905,0.23203522,0.21503308,0.68326193,-0.07749515,-0.3354954,0.5194041,-0.24970405,-0.45820588,-0.20391543,-0.21025102,0.23188213,-0.031133464,0.2468109,0.3692773,-0.16524403,-0.06585847,0.5444894,0.12498204,-0.28440064,-0.37858188,-0.7481823,-0.003426261,0.061281156,0.049163662,0.21142824,-0.21217218,-0.060867373,0.3661126,-0.0151844835,-0.46303013,0.3391776,0.587015,0.26543254,0.6627314,-0.31614724,0.44509053,-0.100897245,0.10649277,-0.54149276,0.44641587,-0.04652128,0.052861936,-0.44924757,-0.08907111,0.046686567,0.06166888,-0.31432116,0.055743407,-0.347555,-0.35425836,-0.19790448,-0.2381801,0.21627375,-0.009430647,-0.08787897,0.3097699,0.19159918,-0.056366935,0.26545084,0.23831266,-0.21792506,-0.3561027,-0.18976761,0.22911909,-0.2633453,0.09271664,0.40522227,0.25387374,-0.48526344,0.337423,0.07101292,0.3472918,-0.2625104,0.051091645,0.35809484,-0.06299975,-0.023463886,0.29713333,-0.7653451,0.18533039,0.47225782,0.5913661,-0.033944223,0.16320959,-0.07845899,0.12285902,-0.14652973,-0.33641413,0.363904,-0.3385148,0.15208267,-0.0019197252,-0.6233098,-0.27751777,-0.10087643,0.14372283,-0.312268,0.33352152,0.16684616,0.2517836,-0.045091867,-0.28301647,-0.21660699,-0.33924773,0.03810505,-0.29529637,-0.16010828,0.22231223,0.17103906,-0.24600463,-0.24695453,0.22346278,-0.2818997,-0.10856728,-0.29950365,0.08110501,-0.5216829,0.058140352,-0.027374065,0.038103826,-0.42693275,0.068304054,-0.14160657,-0.43112203,0.47096068,-0.11747881,0.35962987,0.01051524,-0.2785598,-0.1542668,0.03158598,0.4867579,0.22450416,-0.40265098,-0.17750691,0.06485061,0.18921936,0.0134857455,-0.35045493,-0.101642475,-0.21347797,0.29125568,0.102160685,-0.07622597,-0.19933438,-0.83512336,0.34307003,-0.52769566,0.2185931,0.098847084,-0.25093055,0.19792402,-0.48285344,0.4187751,0.01232292,-0.07714366,0.30477816,-0.21384409,0.26085985,0.29041687,0.21661595,0.059021745,0.40314916,0.1925418,0.08033562,0.12478477,0.03478667,-0.0117950635,-0.18475798,-0.5266113,0.2280828,-0.5131058,-0.042957466,0.043212015,-0.026956894,-0.4416206,-0.39015916,-0.31349418,-0.38092014,-0.14213704,-0.06851584,-0.017709032,0.004906718,-0.35650685,-0.12521644,-0.0013195894,0.11796841,0.31190792,0.064189784,-0.35780203,-0.49077934,0.43007022,-0.0075955903,0.13137831,0.12449354,-0.113205224,-0.31574884,0.14503053,0.055354394,-0.5195651,0.41188747,0.31912714,-0.069520205,0.08102478,-0.04872086,0.28418824,0.06616684,0.020245899,0.0117812315,-0.24732277,-0.10975071,0.17718379,0.3223342,0.2078964,-0.018500675,-0.29694498,0.22644994,-0.110463515,-0.4130199,-0.274085,-0.0798986,0.6300144,0.052918546,0.051249478,0.10085605,-0.15330347,0.17704557,-0.17252548,0.24098124,-0.19403256,0.044400696,-0.06313495,0.0976532,-0.16396965,0.48379838,0.05687159,-0.029700428,-0.005297294,-0.121022865,-0.4518853,-0.14336587,-0.070858106,0.5085025,-0.0029473426,0.06599988,0.01695773,-0.07716197,0.03377268,-0.45218602,-0.024777379,-0.5125001,0.32384518,0.35568964,0.43662623,-0.21836333,-0.022640333,-0.16797064,0.14318742,0.28243494,-0.08791939,-0.009390928,-0.39848536,-0.10842114,-0.20686027,0.2820667,0.19787613,0.23598059,-0.005424279,-0.18135875,0.15012622,-0.4404187,-0.22609319,0.05103478,-0.14205289,-0.31629908,0.25453135,0.7657028,-0.5668222,-0.006766241,-0.42600068,-0.21308365,-0.10902527,0.3728511,0.20567578,0.19732907,-0.0604862,0.19255528,-0.49525326,-0.023956934,0.0077323746,0.29100654,-0.11527486,0.45694086,0.16503651,-0.02034609,0.3774091,-0.37933,-0.3674519,-0.06939151,0.009087577,-0.2324749,-0.21421316,-0.19188495,0.39502367,-0.076705575,0.29682577,-0.05103884,-0.23823658,-0.10198214,0.16303158,0.17535664,-0.49544746,-0.17105903,-0.1164817,-0.03438288,0.13419989,-0.041761022,-0.6826441,-0.35951135,-0.05463469,0.32965797,0.18871531,0.24952795,0.3784732,-0.34516707,0.2537392,0.27066663,0.049596254,-4.2072497e-07,0.015031553,-0.055383276,-0.26687297,0.08426753,0.23018926,0.11731568,-0.60317,0.026808374,0.32044724,-0.12035539,-0.34605697,0.2808031,-0.09887731,0.18556342,-0.08958266,-0.32812473,-0.7082971,-0.24168344,-0.24552673,-0.19269912,-0.28969386,0.107466884,-0.2606508,0.0,0,0,0,0,0,0,0,0,0,0,0,0,0,0,2,0,0,0,0,0,0,0,0,0.0,0.0,0.0,0.0
0.19572979,-0.1109656,0.59198445,-0.18103932,-0.028459989,-0.04307497,0.33598286,0.64584184,-0.14540319,-0.645142,-0.05401643,-0.24570434,0.13226241,0.16921322,-0.27099168,0.16438748,-0.36092365,-0.036529332,0.09613097,-0.06806489,-0.03518921,0.0139342295,-0.32561865,-0.027994208,0.4376996,-0.024393238,0.03763848,-0.015822623,-0.15188919,-0.36282152,0.50954866,0.056131866,-0.29228508,0.12893906,0.08552094,-0.2011173,0.15451534,0.023019928,-0.59447014,0.22425443,-0.07789111,-0.21334833,0.39752978,-0.37830493,-0.144299,-0.21412262,-0.0056758714,0.06557824,0.34054357,-0.45862314,-0.58262247,-0.3341745,-0.18559864,0.0895643,0.010866135,-0.16124962,-0.2385259,-0.2767843,-0.6152811,-0.27514535,0.009984504,-0.17038298,-0.17895041,-0.26649916,-0.1137726,0.502648,0.46519226,-0.09974706,-0.25515708,0.24241768,-0.49286884,-0.15723158,-0.0071525816,-0.1096393,-0.15882611,0.06989589,-0.000691525,0.07783012,-0.03560743,-0.21388566,0.1116825,0.33453122,0.080768816,0.23525204,0.34023106,0.39036337,0.40626568,0.08026649,0.03512337,-0.114190325,-0.4594642,0.026456445,-0.20883743,-0.043217763,0.49147728,-0.18401891,-0.32839954,-0.21671611,-0.029054672,-0.4794143,0.49397674,-0.30679944,-0.037567656,-0.66669875,-0.49603993,0.28133425,-0.2154452,-0.5021168,0.14132388,0.2647583,0.047978036,0.40575817,0.1403132,-0.21548161,0.05806127,0.016628604,-0.072437376,0.08069825,-0.35238954,0.36681712,-0.003151662,-0.06261491,-0.22962703,-0.15440562,0.32066473,-0.36280242,0.33636913,-0.48776585,-0.055223256,-0.0070536286,0.09397826,-0.051135473,-0.06476333,0.102015294,-0.34513485,0.004253165,-0.2508556,-0.08856546,-0.7000225,-0.28256804,-0.16488522,0.18443023,0.040605478,0.5832149,0.54891336,0.17652099,-0.58446133,0.33487526,-0.5422849,-0.02238445,-0.6033843,0.4290052,-0.4507364,-0.1610885,-0.4391495,-0.03132536,-0.2050504,0.25148875,-0.34499246,0.58508766,0.2435022,-0.2424516,0.40239635,0.4502493,0.107918,0.4685408,-0.15780589,0.0043000374,0.5548251,0.05970141,-0.08433822,-0.44395593,0.15680963,-0.28516617,-0.08386599,0.43521172,0.015613978,0.19138461,-0.094078355,0.100842394,-1.0729507,-0.53463167,-0.1306588,-0.46127218,0.29442486,0.04506433,0.15051149,-0.69401217,0.22952914,0.56360507,-0.42750052,0.5769025,0.0018433792,0.057979465,0.081575334,-0.1308555,0.15965667,-0.17691463,0.13793583,-0.14539908,0.5855051,0.28227282,0.0717448,0.19009358,0.15712105,0.21255031,0.011347076,-0.1767941,0.09738073,0.21800016,-0.38779387,0.37318462,0.13205571,0.39332187,0.03644305,-0.050791815,0.2328371,-0.25272787,0.07604932,-0.21001424,-0.17285286,0.071082056,-0.4562568,0.14984223,-0.22431625,0.50452435,-0.17931762,-0.37473258,0.0892949,-0.20515363,-0.56357896,-0.4322288,0.19674262,0.21205783,0.4096348,0.36333692,-0.21359389,-0.46232373,0.0024527693,-0.32608363,-0.24716327,-0.028766232,0.542029,0.23436965,-0.38443464,0.3868588,-0.18066919,-0.16618575,0.41267294,0.23711795,-0.17767459,-0.23369066,0.073880225,0.058559988,-0.19108827,-0.06335921,-0.39588344,-0.03714432,-0.005361465,0.30050212,-0.039494794,0.39623317,0.1982401,0.30336943,0.09623975,0.36166707,0.4820333,-0.4052899,0.14387363,0.21424638,-0.25756776,-0.23919085,-0.027781138,0.67044234,-0.21261643,-0.12164268,0.038415566,-0.06985812,0.3415379,-0.07757064,0.057323318,0.12848085,-0.56215554,0.0207957,0.0030264407,-0.29697552,0.05008764,-0.3173445,-0.31790152,-0.1695019,-0.20058754,-0.23468845,-0.15221098,-0.17004079,0.6574721,0.12536786,0.41342655,0.37732673,-0.23176064,-0.31634495,-0.047359895,0.07844516,0.105088644,-0.281021,0.5924505,0.08123998,-0.49673265,-0.44603798,-5.4300594,-0.4049149,0.1454635,0.05120374,0.6481715,0.37601766,0.8246132,-0.076897725,-0.29944697,-0.3488971,0.5327876,0.3745267,0.12458514,-0.50238055,0.4903602,-0.057949893,0.28551313,-0.16607422,-0.2195422,0.121662535,-0.10076887,-0.210542,-0.059936777,-0.43813822,0.113115124,-0.217736,0.37429503,0.15687872,-0.2663246,0.15801467,-0.4022025,-0.52277535,-0.123605795,0.2328198,-0.14135796,0.002975453,0.09112576,-0.3797085,0.45028368,0.13343984,0.30435655,-0.6073934,0.13763088,-0.05146267,0.4620249,-0.22849032,-0.20613486,-0.09260189,-0.11789807,-0.22212371,-0.029608263,0.14424998,0.70902306,-0.56649923,-0.103976145,0.28954664,-0.04883941,0.6690129,-0.7551709,-0.49635082,-0.020228228,-0.0016385793,-0.3036232,0.19590035,-0.45232624,0.29763183,-0.23719019,-0.087733746,-0.74659944,-0.39759687,-0.19434065,-0.1080727,0.8810594,-1.3796766,-0.031207012,-0.03821904,-0.25850824,-0.021521736,0.16453652,-0.17550565,-0.39217106,-0.17713767,-0.36821598,-0.17183504,0.033425625,0.22122994,-0.045520563,-0.059347134,-0.052446608,0.26299897,0.4169388,0.097743206,0.34344625,0.48621905,0.10311421,0.19143803,0.8649663,0.10205729,0.13561931,0.4876275,0.11818218,0.19234163,0.15951246,0.26186454,0.04995313,-0.25516844,-0.5592454,-0.23444335,-0.13437997,0.059667792,0.51020175,-0.34958187,-0.40601483,0.5171034,-0.22444452,-0.536479,-0.32998893,-0.3490962,0.06611642,-0.08086979,-0.06547855,0.26731315,-0.3749596,0.1897804,0.2003047,0.0014336626,-0.25845644,-0.2750548,-0.5483227,-0.027141878,0.09442457,0.15944943,-0.16635619,0.40941092,0.2775703,0.6440273,-0.03646979,-0.6830431,-0.18062232,0.35830578,-0.020579504,0.32917297,-0.24756533,0.21844834,0.14081667,0.2310479,0.0013501354,-0.11542773,-0.027641147,0.06400716,-0.06454439,-0.055195995,-0.050273575,-0.40696514,-0.2437832,-0.07817313,-0.15260884,0.027714623,-0.110613436,-0.33070847,0.25233603,-0.10886588,-0.052865986,0.16641362,-0.07126848,0.19109815,-0.076612815,0.06620613,-0.068001024,-0.27599713,-0.18587428,0.6652738,0.023706311,0.15416352,0.26783916,-0.013929998,-0.22448683,0.0686146,-0.14832719,-0.048743818,-0.43974587,-0.0683173,0.2558538,-0.43749106,0.3645178,0.31704524,-0.22739309,0.18860468,0.29057255,0.22340856,-0.7726191,0.16841467,-0.04588301,-0.25029835,-0.27309665,-0.52227855,0.47183248,-0.11223981,0.16506426,0.1982168,-0.021732345,-0.16300212,0.041069202,0.20615211,-0.49494505,0.26419342,-0.094013944,0.1774534,-0.17620265,-0.20634288,-0.011391022,-0.00884893,0.38804686,-0.10472335,-0.21294254,0.09467027,0.08451846,0.26503056,-0.3475101,0.52799696,-0.71159846,0.049946483,-0.07936336,-0.24103387,-0.7237475,0.04835133,-0.0843796,0.06811595,-0.036809213,-0.055286814,-0.35568342,-1.0438628,0.5647308,-0.2886397,-0.14979833,-0.0052347723,0.10756511,-0.25742427,-0.29851273,0.37119228,-0.07624553,-0.70892274,-0.06764246,-0.5037954,-0.3457578,0.20123486,-0.5751536,0.11559109,-0.2970822,0.57458436,0.10876531,0.15430598,0.008216467,-0.2851224,-0.07086902,-0.2536143,0.26947117,-0.1353275,-0.0057539176,0.37063992,-0.22543295,0.26256913,0.45527676,0.06230773,-0.32252988,-0.2480096,0.07810811,0.058334623,-0.22516161,-0.05987709,0.14525464,0.5948723,0.093048744,-0.2474729,0.30094993,0.56491446,0.07331044,-0.4112864,0.14119695,-0.14836179,-0.27345163,0.24581112,-0.40135935,-0.14214016,-0.1319281,-0.5018404,-0.49223858,0.018824635,0.17681623,0.11473148,-0.013802372,0.19557711,-0.0843277,0.5687456,0.019949492,0.3121586,0.16632095,-0.035204854,-0.37372577,0.28614196,-0.21435572,-0.054193333,0.3732098,-0.0036928745,-0.27470177,0.49429083,0.44047344,-0.086239815,0.5047335,0.253524,-0.061030254,-0.054175675,0.24219543,0.1485219,0.0075825583,-0.17271501,-0.24689324,-0.7119025,0.023547856,0.21965364,0.18679921,0.07792825,-0.24957108,-0.02951963,-0.2271283,0.020134531,-0.31746805,-0.38163048,-0.045826927,0.68637216,-0.21289992,-0.33420783,0.07610135,-0.034459665,-0.10038309,0.010319817,0.028708514,-0.1722694,-0.08264413,0.51554626,-0.44502777,0.31867218,0.48435265,0.19056816,0.22120132,0.38674483,-0.35168374,-0.20680752,0.32136968,-0.5449243,0.5257398,0.09384897,-0.24069875,0.47812378,-0.16908634,-0.15516621,0.4610967,-0.16295537,-0.2505753,-0.044966932,0.38168076,-0.074277915,0.062274415,0.18946725,-0.02755218,-0.18971363,0.048737958,-0.116730675,-0.10454592,-0.31766734,-0.20119989,-0.1376233,-0.08473101,0.4010454,0.048339568,0.06349897,-0.082766764,0.25563475,0.08989899,0.026203193,0.027536146,-0.124772444,0.00032104884,-0.041277364,0.33016104,-0.7989887,-0.11028938,-0.83219045,0.3724691,-0.11074728,0.4002539,0.09494527,0.095513254,0.13177116,0.339501,-0.08609532,0.015291666,-0.03472424,0.14813858,-0.32748967,-0.06551277,-0.14973539,0.11075082,0.45304477,-0.037585218,-0.054863475,0.17877878,0.0874683,-0.2000846,-0.7467266,0.43204793,0.6742625,-0.1730478,0.1530428,0.05417853,-0.17008096,-0.054503255,0.079814285,-0.32869032,-0.24810332,-0.26734573,-0.09395231,-0.09069101,0.13415651,0.40936714,-0.8261067,-0.23780622,0.043646257,0.043271013,0.027447231,0.52477336,-0.009164974,0.16341594,0.16060176,0.32492435,-0.26049855,0.15239787,-0.008626834,-0.008641626,0.11444933,-0.05013764,0.2175214,-0.0057056514,-0.1849392,-0.53479373,0.40220404,0.083237536,-0.044745836,-0.31306773,-0.31981942,0.4807169,-0.43345764,-0.26265308,-0.4130487,-0.18542022,-0.10721668,-0.3579084,-0.16487487,0.07479565,0.06440589,0.0,0,0,1,0,0,0,0,0,0,0,0,0,0,0,1,0,0,0,0,0,0,0,0,0.0,0.0,0.0,0.0
0.29406577,0.2857424,0.51809645,-0.5062551,0.28690347,-0.06860012,0.25403422,0.8527688,-0.67472166,-0.27541894,-0.18191904,-0.52520037,0.12614845,0.2755229,-0.58230406,0.88524514,-0.19215673,0.26654944,-0.06781493,-0.020979457,0.4110123,0.5093063,-0.23648444,-0.011052718,-0.11433533,0.13161507,-0.049684808,-0.363196,0.14727472,-0.03764504,0.3347787,0.1209212,0.2289353,-0.14929897,0.23743549,-0.21475418,-0.22322641,-0.12229225,-0.34601742,0.5933608,-0.05480468,-0.22948,0.10195319,-0.20886123,-0.058137078,0.3120215,0.40174168,0.015327074,0.46146062,-0.15020949,-0.41250655,0.00084353844,0.013002554,-0.5145989,0.51106274,0.27337945,0.2687331,0.051118556,0.13119355,0.31703812,-0.45800877,-0.37612408,-0.047527146,-0.2025658,-0.028435832,-0.19677913,-0.24996102,0.52029556,-0.11226384,-0.12427527,0.043256674,-0.6634645,0.18674976,0.12900579,-0.07280196,-0.3097921,-0.11592944,0.024116391,0.119469196,-0.35208607,0.05237499,0.33324596,0.16032934,0.595691,0.47162393,0.38988245,0.08357093,0.5623749,-0.5423575,0.15198427,-0.18661866,-0.16274512,-0.23853754,0.16228528,0.44595295,-0.32337594,-0.25625363,-0.008579862,0.3540782,0.08269217,0.46283248,-0.16668376,0.006480888,0.104577005,-0.1086855,0.124764994,0.04801424,-0.18617398,0.5471972,-0.012502669,-0.1604324,0.24303138,0.30870146,-0.19617501,0.13269041,0.12839703,-0.11496621,-0.14852737,-0.06152008,0.09961942,0.020993283,-0.13736415,0.24192649,-0.11129811,0.00015633718,-0.13352227,-0.36653802,-0.076948665,-0.021807909,-0.10693281,0.52804434,-0.113685444,0.36733684,-0.47301975,0.3893254,0.4468357,-0.03766893,-0.33122993,-0.46411756,-0.08461558,-0.1294358,0.48545074,-0.049564622,0.37475827,0.08250863,-0.3626866,-0.6482383,0.11044271,-0.056727864,0.24890156,-0.29928023,0.0059216814,-0.30129197,-0.049085718,-0.43398124,-0.71240044,-0.037749026,0.15757886,-0.071730636,0.10928373,0.20168155,-0.42596328,0.40942505,0.39416465,-0.0059487433,-0.110443525,-0.21171977,-0.2128043,-0.47100693,-0.13051838,0.24004334,-0.112302296,0.5013867,0.1030469,0.18539946,-0.1784725,0.033726525,0.24388331,0.31297928,0.6703385,-0.46286315,-0.17023052,0.11759365,-0.07560578,-0.1708406,0.55244184,0.15699778,-0.54618716,0.38278267,0.10220869,-0.07296507,-0.008737989,0.022877123,-0.6607326,-0.14774142,-0.50792104,-0.33017987,-0.5885647,0.1613698,-0.19974396,-0.11064212,-0.065559596,0.16855922,-0.045933433,-0.16268206,0.5805349,-0.28489164,-0.11747596,-0.31954572,0.34984413,-0.1430855,0.22348364,0.05034126,0.22018619,0.06454372,-0.14112848,0.1310707,-0.2666988,0.18546487,0.035936043,-0.55769217,0.01583971,0.09568203,-0.06530492,0.2626269,0.8056805,0.2481393,-0.3919057,0.23389478,0.1166955,-0.22202432,0.15895143,-0.022315944,0.27628726,0.6392365,-0.07907364,-0.08088833,-0.22546698,-0.13948184,0.120418385,-0.36826777,-0.08212058,0.5344322,0.49201283,0.17348051,0.44424525,0.16122697,-0.30389047,-0.033501588,0.043960202,-0.08193361,-0.18267283,-0.2862925,-0.3227412,-0.48526603,-0.24065799,-0.16260856,-0.5858369,-0.13977613,0.2283823,-0.17646202,-0.2061387,-0.20381156,-0.15727338,-0.036113188,-0.15214126,0.117664754,-0.22047281,0.1715758,-0.04338414,0.16566235,-0.006170808,0.1816915,0.38690844,0.36321557,-0.02584075,0.16554235,0.41660798,0.05500649,-0.2774412,-0.039103776,0.84970427,-0.21589445,-0.004575146,-0.42064315,-0.1611117,0.1166977,0.16763748,0.14549191,-0.07639522,-0.085351564,-0.0038486999,0.12191405,-0.25434878,0.49364212,0.06607368,0.07262069,0.18462145,-0.31807998,-0.00081819715,-0.25363857,-0.16761762,0.06257603,-0.015346156,-0.08531934,0.09410067,-0.2002469,-0.26813313,-8.466667,-0.41988766,-0.047605757,-0.0977623,0.3717785,-0.1677937,0.37961173,-0.1011374,-0.20195888,-0.15306519,0.21234776,-0.32487404,-0.2759832,-0.18729311,0.21482466,-0.8591783,0.23075554,-0.2981057,0.25675634,0.49562916,-0.06245429,-0.24855398,0.3233189,-0.5195695,-0.36579934,-0.08764257,0.075404786,-0.0064956783,-0.27849668,0.14313889,-0.4080468,-0.43323356,-0.24178247,0.68085206,-0.48815838,-0.11051707,-0.14643891,-0.7294895,0.06050463,-0.17641802,0.29985914,-0.89896464,-0.14436509,0.24265604,0.51616895,-0.288545,0.091102384,-0.5748368,0.37010995,0.012959893,-0.10139805,0.53423333,0.19850594,-0.5897949,0.023076382,-0.14713316,0.1070324,0.70561105,0.19590893,-0.83624136,0.16010925,0.06951346,-0.5022928,0.13416392,-0.068971075,0.0687707,-0.6482396,-0.13930312,0.0040313033,-0.022566833,0.08547334,0.11413183,0.15570669,-1.6463641,0.052703634,0.3195094,0.07650301,-0.056141786,0.01762063,-0.08539831,-0.39920223,-0.47233936,-0.35205293,-0.028792193,-0.44676614,-0.7862615,-0.5222327,-0.5375369,-0.47561115,-0.38854182,0.4399552,0.066980615,0.14783835,0.77724916,0.5742744,0.39944673,0.4613097,-0.034581315,-0.041950736,-0.10771966,0.1620602,0.44066074,0.2935784,-0.19520411,0.1114837,-0.07491983,-0.1368314,0.3656625,-0.19318634,-0.22553569,0.20842941,-0.35209796,0.09726644,0.089766905,-0.6164705,-0.56176704,0.47561425,0.3251558,0.09435905,-0.5756836,-0.49351105,0.52000207,-0.2465989,0.16518669,-0.06908261,0.106515124,-0.20299348,-0.09104842,-0.025257947,0.2851523,-0.53650445,0.08207187,0.020882308,-0.07861748,-0.3498873,0.4112178,-0.096888125,-0.82945937,-0.21704492,0.4287767,0.28542998,0.5140188,0.51450646,0.32368675,-0.33413973,-0.032139245,-0.28061196,0.01854861,-0.5304457,0.28362954,-0.29065612,-0.25317156,0.06737907,0.12970589,0.49048942,-0.30703422,0.06967476,-0.0031345608,0.13912453,-0.19445542,-0.12526841,0.25630537,-0.32066336,0.48689952,0.29415533,0.08460489,-0.12727994,0.19202183,-0.14628817,-0.08820133,-0.4675475,0.3538346,-0.070601344,0.06887645,-0.0034916627,0.707617,-0.25820047,0.27517688,-0.18323678,0.2594869,0.065953344,0.47784862,-0.42047176,-0.2796974,0.16979496,0.4749038,0.12126709,-0.21225613,0.07108906,0.4259412,-0.20677717,0.18609472,0.004283786,-0.59805346,-0.13223253,-0.3995086,0.18939659,-0.3332168,-0.0365492,0.14223474,0.1459072,-0.09391894,0.28075644,0.12640883,-0.18223886,-0.395887,0.14676583,0.38224757,-0.1523133,-0.10802198,0.06643541,-0.30628288,-0.36834553,0.08744717,0.13259941,-0.50171465,-0.32501784,0.10902399,-0.89821607,0.071113296,-0.21322684,-0.4874464,0.048673935,0.34659466,-0.46149948,-0.19186842,0.10225746,-0.3040108,-0.015012972,-0.43665764,0.32640898,-0.95923173,0.097302414,0.073768914,-0.2776432,-0.11233865,-0.019892044,-0.005419226,-0.5701325,0.05952667,-0.47080082,-0.44454074,-0.19008198,0.020102415,0.024462638,0.6460111,-0.2424747,0.015820809,-0.19152771,-0.10976579,0.11168016,-0.22924353,0.20097016,-0.346485,0.09636524,-0.0059545427,-0.43005294,-0.09673533,0.14839852,0.059325103,-0.27183887,-0.007681977,0.23069192,-0.33730873,-0.2211724,-0.060417544,0.09970075,0.029846905,0.1124537,-0.03733001,0.045379657,0.1772914,0.0034550005,0.1797447,0.5176113,0.1697238,-0.78484625,-0.06734369,0.50484324,0.14682512,0.05411081,-0.009461182,-0.19063976,-0.42598087,-0.32608655,-0.6975185,-0.18718451,0.4689719,-0.19098486,0.14763449,0.18709879,-0.040477026,0.11418824,-0.16705137,0.40519005,0.23476544,0.03705203,-0.3983789,0.029547885,-0.25985706,-0.13852927,-0.2474759,0.4536649,0.100945026,-0.28713372,0.34987345,0.17219216,-0.7051828,0.034156796,0.24225214,-0.012982884,0.07958445,0.47975957,0.5176199,-0.061050586,-0.10194521,0.043721016,-0.18587305,-0.70516133,0.25952518,0.05906136,0.35709515,0.48398647,-0.099057265,-0.14475113,0.18790853,0.099703185,-0.10756857,-0.14916758,-0.012956691,-0.3397282,0.20434943,0.019298293,0.19171669,0.33080754,-0.26246482,-0.06699261,-0.39690647,0.40347782,0.17665392,-0.0963424,0.41307104,0.32024565,0.051984135,0.084127516,-0.19387347,-0.15462421,0.060172938,0.7533287,0.2918655,0.08876605,0.045017757,-0.011210404,-0.40373448,0.68389404,0.16230065,0.48969886,-0.01825964,0.061265532,0.61112,-0.017477995,0.12277534,0.13520795,-0.2745218,0.35775882,0.17952597,0.23949568,-0.31488925,-0.31249654,0.29204684,0.4338168,0.27745298,0.47995818,0.14433698,-0.10572431,0.027552165,-0.24610187,-0.003124893,-0.15839396,-0.20368502,-0.015384798,-0.36866477,-0.06785265,-0.366666,0.1356764,-0.47603104,-0.0018746734,-0.41652706,-0.04217212,0.046502043,-0.07177221,0.08479456,-0.19928545,-0.10980797,0.11829996,-0.45388034,0.038170457,-0.09033344,-0.090112716,-0.10435329,0.17337051,-0.09777318,-0.14098606,0.1633058,-0.12881906,-0.28468457,-0.02083607,0.31964856,-0.23453237,0.10643357,0.07053269,0.41083592,-0.22454105,0.27929336,-0.44798088,0.015439028,0.17223802,-0.6582811,-0.1928061,0.03933007,-0.40592572,-0.33421502,0.060801778,0.3020727,0.17168385,-0.36081234,0.04495416,0.42655137,-0.48797122,-0.02032824,-0.20450848,0.054307036,0.2533615,-0.21814056,-0.26658404,-0.24912791,-0.28330788,-0.2940538,0.28253165,-0.32854027,0.14862822,0.17932588,0.23930857,-0.523705,0.120379254,-0.11760846,0.2859124,-0.24060827,-0.20212093,-0.24259512,-0.040715944,-0.1960349,-0.13719973,0.12718935,-0.10655025,0.08876838,-0.34763443,-0.62769854,0.21376853,-0.1782481,0.0,0,0,1,0,0,0,0,0,0,0,0,0,0,0,1,0,0,0,0,0,0,0,0,0.0,0.0,0.0,0.0
0.5003616,0.032302264,0.7659727,0.051270995,0.58154875,-0.1412989,-0.25865245,0.39914763,-0.4427725,-0.09560232,-0.10588761,-0.0077742874,0.03243572,0.30256996,-0.10057936,0.5543549,0.0869513,0.31326875,0.145958,0.23021734,0.43098086,0.07479851,-0.087971136,-0.0413855,0.46450368,0.16161579,0.20895624,-0.34492588,-1.1830221,-0.41945228,0.44554836,-0.067882456,0.06436853,-0.041048836,-0.35424957,-0.54340315,-0.24011934,-0.29021323,0.53362334,0.2837619,0.14526747,-0.3885121,-0.09644546,-0.15916805,-0.26793632,0.2766803,-0.017382631,-0.18247671,0.0701574,-0.60548854,-0.7500566,-0.15846704,-0.052995108,-0.3392457,0.03882417,0.24785575,0.23568682,-0.55252475,-0.2573783,-0.27492923,-0.025546085,0.13672683,0.14485508,0.048177134,0.056665663,-0.16359572,0.075407535,0.82642764,-1.0857986,-0.072075665,-0.036134552,0.15559573,0.13816729,0.19749929,0.11253203,0.19401632,-0.28971234,0.52137256,0.41662976,-0.40476295,0.231894,-0.15059443,0.63190794,0.094609186,0.3057176,0.29670054,0.09594865,-0.05894515,-0.40766633,0.8471394,-0.14507742,0.11551768,-0.21947746,0.07835796,0.8094803,-0.40260696,-0.2599923,-0.20896994,-0.02840403,-0.22201563,0.20224549,-0.60677874,0.16738705,-0.12098095,-0.092686795,-0.119083904,-0.59991026,-0.074858524,0.15225497,0.15668574,-0.0013362966,0.20880699,0.19508995,-0.57306933,-0.061509285,-0.0730031,0.18106513,0.33629552,0.21019505,0.2074111,0.06272804,0.28193185,0.37692943,0.10881738,0.6464184,-0.006383568,0.021876864,0.04620532,-0.10153921,0.43602812,0.8357927,0.17156368,-0.23286167,-0.25416088,0.056344565,-0.18933053,-0.16588159,-0.08125101,0.3490186,-0.06657988,-0.1988688,-0.2955871,0.04342467,-0.16424827,0.290099,-0.332998,-0.40500107,-0.14627057,-0.28660148,0.2787559,-0.16915998,0.0012714496,-0.16368322,-0.12386633,0.22678673,0.07123779,0.044294152,-0.22464138,0.04132126,0.07797401,0.28129113,0.035277404,0.16905344,-0.1206901,0.1678565,-0.114272684,0.24145359,0.35832334,0.09857181,-0.19363862,0.010632961,-0.6725868,0.833703,-0.1578112,0.22108226,0.47703207,0.12129076,-0.12568982,0.060752414,0.97280425,-0.58656466,-0.03662712,0.3635769,-0.39881378,0.121745475,-0.24118866,0.21080571,-0.868835,0.70728636,0.16736941,-0.40153062,0.11771372,0.13323747,-0.64906776,0.48981598,-0.22027129,-0.14763732,-0.5172332,0.42806786,0.10803297,-0.09329121,0.17963894,0.39323243,-0.27895546,-0.4396745,0.5580524,-0.059903096,-0.26731795,-0.34827685,-0.020866375,-0.23456852,0.57560945,-0.12098214,0.33281434,-0.38976762,-0.098354824,0.17798464,-0.087071076,0.09637533,0.23344298,-0.5165916,-0.5411901,0.32107082,-0.029383574,-0.065850265,1.0501574,0.007451178,-0.41661805,0.6225435,0.17641427,-0.21413635,-0.23828502,0.23854248,-0.37831426,0.34039813,0.5926865,0.0012988221,-0.17580514,0.21487667,0.24940681,-0.29364464,0.41864476,0.1751427,-0.13043505,-0.31271267,0.13991508,0.07665766,-0.570951,-0.20608011,-0.10809415,-0.040713586,0.11803719,-0.29069903,-0.17023277,-0.05614912,-0.36452255,0.14128686,-0.12592515,-0.084273666,-0.23737206,0.009830789,0.0068327407,0.44543135,-0.21800238,0.13426544,-0.3052966,-0.15519568,0.15461604,0.66073066,0.23186125,-0.15493575,-0.30103046,0.009154682,0.6686363,-0.08515427,-0.2933709,0.36005512,-0.03582414,0.015085402,-0.50369966,-0.19246477,0.35101104,-0.24106866,-0.3444958,-0.26955062,-0.28735322,0.5373938,-0.24238537,-0.2090197,-0.04901435,-0.16707355,0.035064247,-0.30614448,-0.023376174,0.95625037,0.34091157,-0.15360796,0.32862127,-0.46973544,-0.28742525,-0.1771668,-0.1595558,-0.004160781,-0.45280993,0.099092185,0.14708422,-0.5316,-0.2694461,-8.585274,-0.22364193,-0.3007437,-0.09973962,0.262254,-0.18017158,-0.084377706,-0.12302067,-0.23360367,0.0006977801,0.2585992,-0.17679904,0.15498573,-0.23660263,-0.079685174,0.007021466,0.37077036,0.117616415,-0.39525113,0.5660394,-0.4271295,-0.38216028,0.44982865,0.15350626,0.8640628,-0.17185341,-0.30346438,-0.2265561,-0.16401583,-0.33360332,-0.26119488,0.11137301,0.015980944,0.90105367,-0.039649323,-0.2150572,0.30854267,-0.3332556,-0.1646464,-0.22731932,-0.03806239,-0.14920229,-0.10852081,0.14907736,0.79402316,-0.30537587,-0.42230958,0.0010390976,-0.07348536,0.27367124,-0.008167945,-0.17347065,-0.25768903,-0.5349462,-0.2780065,0.19757918,0.15668248,0.7409224,-0.250275,-0.058250353,0.5801801,-0.376148,-0.233985,0.0063731684,-0.24587986,0.12391487,-0.9131311,-0.5483598,-0.36390266,-0.19724317,-0.4124697,0.08753237,0.22250517,-0.99302244,-0.036962625,-0.4815542,0.25510886,0.049737338,-0.17146344,0.08454661,-0.36185467,-0.47976288,0.007748318,-0.2473217,-0.51418513,-0.056306496,-0.10493557,-0.5708659,-0.63348824,0.21894298,-0.04518294,-0.14229439,0.2763972,-0.17221159,0.120515816,-0.08823842,0.56415063,-0.086879864,0.15518908,0.22819069,0.33854744,0.114203155,0.49360234,-0.426512,-0.34480262,0.005924154,-0.6639036,0.42321247,0.10361205,-0.24528407,-0.24955744,0.04634239,-0.51147515,0.095384166,-0.39494532,-0.5258094,-0.12193445,0.3374918,0.2578664,-0.48757336,-0.19639729,-0.010783259,-0.4035684,-0.76257414,0.14238064,0.08330434,-0.13780786,-0.072453335,-0.14893106,0.1071937,0.053350892,-0.094273366,0.0597516,-0.41083688,0.09665329,-0.016926102,0.04312674,0.09859083,-0.35757565,0.16518277,0.5450408,-0.020680867,0.5108251,0.16239938,0.17147127,-0.14678626,-0.04112118,0.35096022,0.028764928,0.07454751,-0.069117606,-0.40880445,0.24208738,-0.16229016,0.37925166,0.14627571,0.7870626,-0.34073994,-0.2944339,-0.6364583,0.45811763,-0.05378437,-0.11784063,0.3666024,-0.28412974,0.23394896,0.5928146,0.23558578,0.30483514,-0.44017333,0.24267624,0.4223096,0.028358784,0.18611133,-0.051100206,0.34884816,0.48515376,-0.46991855,0.042286944,0.7496188,0.108928055,0.027876616,0.22847474,-0.23859929,0.15477335,-0.26467085,-0.073399335,0.6049844,0.1592496,0.29247072,-0.49737698,0.5259295,-0.049356833,-0.08238712,0.36880687,-0.69098383,0.25157526,0.06631971,-0.3451312,0.583627,-0.2522329,-0.11797054,-0.36315396,0.10433146,-0.26406682,0.15425184,-0.21445315,0.274785,0.5640268,-0.009629123,-0.13746467,-0.63186735,-0.6496132,-0.18019241,0.20987566,-0.3740908,-0.27568188,-0.14414278,-0.55467534,0.10673793,0.240372,0.16189454,-0.014971849,-0.18901138,-0.31143332,0.4271126,0.017817616,-0.53988934,-0.031359047,-0.17702974,-0.07341171,-1.6382021,-0.041890945,-0.014858647,-0.18714271,-0.34214917,-0.15253003,0.003994907,-0.10063319,-0.34374875,-0.13830183,-0.6223533,-0.101688795,-0.8442147,-0.11465409,0.35373425,0.059728723,-0.30581003,-0.20778042,0.41198045,-0.10703297,-0.30211675,0.1543178,-0.20325144,0.5544723,-0.6481386,-0.22077265,-0.0019380981,-0.0765615,0.6292099,-0.13900247,0.11295165,-0.060114704,0.16009203,0.07487985,0.15897842,-0.15200195,0.22371083,-0.49369678,-0.7528232,-0.3730804,0.051261205,0.09382746,0.280963,-0.12799726,-0.2750823,-0.25187406,-0.5005615,0.5107075,-0.21757801,-0.63523304,-0.16272168,0.17755632,-0.010440038,0.3116852,-0.056429267,-0.2766479,0.2859904,0.22261702,-0.070217796,0.3544553,0.68977773,-0.45577502,0.10119012,-0.33226344,0.3416097,0.051674932,0.027313698,-0.103755675,-0.16895719,-0.44675052,-0.23461775,0.5024476,0.1855451,-0.0715104,0.20094122,0.0130683435,-0.028517466,0.08033004,-0.4303745,-0.34273845,-0.21066666,0.19389896,0.61465573,0.42670864,-0.16690528,-0.7061455,-0.22638267,-0.2863554,0.14283329,-0.19984388,0.1216443,0.8972425,-0.102314815,-0.0017030099,-0.22873223,0.16648288,-0.039472956,0.016774785,-0.0797725,-0.48721722,0.26739547,-0.0016093248,0.3444906,0.24097781,-0.31443155,-0.29261214,-0.31805506,-0.3635157,0.33307242,0.110170215,0.5673667,-0.4353263,0.053700104,0.052108265,-0.25412673,-0.50632256,0.025738467,0.21014372,0.26182345,-0.10934763,0.2903626,0.043751765,-0.10834503,0.44475055,-0.33973658,0.18794446,-0.16360803,0.012814127,0.4208993,0.5487024,0.1266251,0.0885736,-0.38968483,-0.08183215,-0.19804578,-0.03752058,-0.011030715,-0.020576764,0.3437493,0.2922982,-0.72585523,0.17706737,-0.15782124,-0.0012923701,-0.04620922,-0.058774706,-0.18622908,-0.27764562,-0.09495343,-0.6027555,-0.19516638,-0.36787292,-0.09354507,0.17266159,-0.3257847,0.101803,-0.15467535,-0.32217214,0.14973347,-0.39822146,0.3481332,0.2604648,0.067768484,-0.18368334,-0.45349866,0.21134703,0.057225537,0.7321418,-0.09694716,0.2502643,0.2893592,-0.23002833,-0.11458185,0.28099915,-0.20437266,-0.09542756,0.44665065,-0.31241396,-0.21900435,0.48099822,0.18142723,0.0711644,0.3253157,0.17219807,-0.01873678,0.61577475,0.014012703,-0.35738772,-0.27772158,-0.27449965,-0.5385088,-0.11071562,0.30532447,-0.005076068,-0.09521242,-0.09641207,0.09747179,-0.0071192,-0.0038641652,-0.4829266,0.0056888456,0.30698124,0.0010229894,-0.52614135,-0.4209913,-0.13187777,-0.02962807,-0.18593146,0.009483269,-0.05056044,0.120976985,0.2082499,-0.16216879,-0.2238443,0.07272257,0.37534222,0.268781,-0.7826386,-0.42331305,-0.05132637,-0.20901082,-0.2873436,-0.10738734,0.09151497,0.024759606,-0.48644593,-0.34054443,-0.29875067,0.35274327,0.0,0,0,1,0,0,0,0,0,0,0,0,0,0,0,1,0,0,0,0,0,0,0,0,0.0,0.0,0.0,0.0
-0.17301132,-0.06171869,0.9493528,0.3300558,0.2731556,0.5410769,0.013435547,0.17618147,0.08616186,0.35339963,0.19722375,-0.15896574,0.2675334,0.8919007,0.12567812,0.43811566,0.016090378,0.26223317,0.1751468,0.048006058,-0.15643847,-0.11033965,0.082849294,-0.10990269,0.072533324,0.25980783,0.08770942,-0.56176984,-1.1753457,0.022525445,0.3569361,0.27063674,-0.08951433,0.020309227,0.19857112,-0.13372794,-0.20880803,-0.86699045,0.181634,-0.1644909,-0.27014604,-0.39394534,0.37981772,-0.06417838,-0.21314844,0.09578389,-0.31871328,-0.25367916,0.22523716,-0.3937998,-0.4119703,0.11968894,-0.3965739,-0.39355385,0.24599952,0.6656237,0.28624475,-0.94340265,-0.22667724,-0.1149577,0.04382927,-0.12589496,-0.19318655,-0.75088036,0.01130088,0.20809758,0.34315956,0.49070653,-0.6599144,-0.13096379,-0.03197295,-0.18681887,0.15231372,0.16060907,-0.05677869,-0.13038647,-0.60396767,0.44293022,-0.13475068,-0.6953883,-0.17099266,-0.16139416,0.2736631,-0.05949135,0.3521892,0.52772295,0.3765602,-0.19640589,0.21126968,1.0630097,0.06893001,0.1690206,-0.05921052,0.13924971,0.12088162,-0.61472213,-0.47639313,-0.30040458,-0.25896007,0.21093145,0.80860543,-0.17995138,0.15301673,-0.2252431,-0.1211598,0.30327168,-0.32859716,-0.38573822,0.3114463,0.12593925,0.0238345,-0.13481148,0.11409374,-0.3143138,0.14565249,0.58051413,-0.16761352,0.3467662,0.14611669,0.0208417,-0.08707768,0.027583847,-0.04030749,0.1509307,0.6985024,0.21091343,0.29042852,-0.54471684,0.22279686,0.38404277,-0.12343978,-0.3813678,0.0847765,-0.41445556,0.018734083,-0.09244139,0.25194559,-0.060178753,0.11809008,-0.25923228,-0.30847368,-0.5244883,-0.057892147,-0.2090646,0.54524565,-0.27461743,-0.21360771,-0.4215539,-0.4540232,0.44302365,-0.052152384,0.04855783,-0.6297312,-0.4757423,0.25791734,-0.017810164,-0.3027923,0.16316314,0.2583637,-0.27473405,0.5095842,0.39984244,-0.23068298,0.09270563,-0.031973835,0.5634876,0.4090677,0.4148944,-0.61093587,-0.4059474,0.14106184,-0.4991489,0.4549638,0.013047869,0.14391142,0.3810422,-0.09732414,0.18169306,0.32147995,1.2594988,-0.7294596,0.017851455,0.61971045,-0.47654626,0.3660257,0.30334598,0.60494095,-0.6568582,0.38821757,-0.019271042,-0.09613328,-0.24786778,0.32899514,-0.45817065,0.17085084,-0.31898862,-0.050307933,-0.505394,0.58225286,-0.72335714,-0.1767733,0.61270815,0.2500839,-0.49362165,-0.36257467,0.19189553,-0.51772654,-0.14273421,-0.25373727,-0.20890595,-0.12829112,0.2573276,0.04770033,0.17087802,0.31582925,0.10950408,0.098588675,-0.1229708,-0.088995494,0.13109304,-0.40909046,-0.15338793,0.11018209,0.019749815,-0.5880334,0.9574121,-0.0525123,-0.5252471,0.15407865,0.10831256,-0.6339678,-0.2736408,0.104907304,-0.12787634,-0.34323245,0.69272405,-0.28854275,-0.12918045,-0.48341748,-0.056673072,-0.45842957,0.04330855,0.4631604,0.26695263,-0.25646234,0.25142834,-0.04499735,-0.55478483,-0.13622116,-0.1793319,-0.2076968,-0.12257696,-0.105631284,0.31753442,0.3113623,-0.5532955,0.32152104,-0.23006652,-0.011153229,-0.019542571,0.426042,0.12511766,0.384009,0.3072975,0.36226407,-0.56119776,0.011821554,0.038384784,0.114308774,0.16224822,-0.049771357,-0.18974447,0.0015055399,0.53349227,0.69674486,-0.42752063,0.288815,-0.18742801,0.341562,-0.3946932,0.15093301,0.23942152,0.5640348,-0.16839413,0.02078075,-0.13217565,0.46940407,-0.024468977,0.26222974,-0.19787863,0.11394517,-0.5239015,-0.28252447,-0.4340837,0.22103396,0.092912085,-0.6595088,0.3558305,-0.5622471,-0.104419164,-0.29531202,-0.20110708,-0.09931928,-0.15068614,-0.006847554,-0.067283064,-0.31358874,-0.25992534,-7.5979767,0.13242982,-0.48538303,-0.047625948,-0.12269969,0.28107762,0.1189625,0.5448184,-0.15031186,0.34611717,0.6104595,-0.43585682,-0.24878472,-0.05758978,0.2330368,-0.0066461535,0.74516904,0.24727501,0.2395399,0.2383354,-0.39143273,-0.7220705,0.5447902,-0.14849256,0.6892446,0.3491216,-0.18191145,0.16508505,-0.44600978,0.13667749,-0.5251528,0.09823094,-0.16698223,1.2464501,-0.31100014,-0.19963776,-0.013489878,-0.4897581,0.2530417,-0.292085,0.14645982,0.08164594,-0.19350821,0.23686309,1.1175786,-0.13602348,0.12565707,0.121961564,-0.004375375,0.13264276,0.19686466,0.26645744,-0.2122717,-0.66986924,0.057675697,-0.2886108,0.077073395,0.60457754,-0.13444482,0.070380144,0.52049273,-0.026183521,-0.18463787,0.55902576,-0.110266834,-0.08751733,-0.5668003,-0.0675318,-0.30849394,-0.03387168,0.086419046,0.08828221,0.14271373,-1.093635,-0.40612483,-0.05948908,0.32977977,0.58228666,-0.36297286,-0.2543167,-0.52025867,-0.6297035,0.2868655,-0.13003127,-0.45768365,0.014968354,-0.19214588,-0.17329064,-0.2813183,0.012951327,-0.30982178,-0.08654659,0.64200366,0.16106762,-0.27287364,-0.35084593,0.57146513,-0.12895544,-0.092497595,-0.17172761,-0.12782647,0.16538924,0.38900182,-0.08784192,-0.21231993,0.13238095,-0.33567917,0.32442692,0.42717254,-0.46766925,0.026694458,-0.33582175,-0.13507594,-0.021854596,0.3016897,0.119027786,-0.024303418,0.030258091,-0.023344852,-0.22546211,-0.17819773,0.0048920815,-0.71023613,-0.3987585,0.04747469,0.19761828,-0.28767467,-0.3642873,-0.3377962,-0.3893473,-0.20378172,0.26572734,0.21755691,-0.029314907,0.19058488,-0.48491105,0.16341515,-0.10290963,-0.7307985,-0.31273258,0.32439736,0.29727557,0.22083588,-0.076453,-0.06289144,-0.018422998,0.3163372,-0.11964722,0.14335594,0.08025545,-0.1390813,-0.6124676,0.39808127,-0.10538904,-0.20138496,0.27030239,0.28614873,-0.22737482,-0.40042943,-1.0906601,0.58833635,0.648111,-0.045170005,0.6951389,-0.30298108,0.05372589,-0.30269688,0.35576612,0.6323209,-0.44082454,0.7310817,0.12958209,-0.0987992,-0.23644838,-0.06604643,0.30640784,0.74876434,-0.7731388,-0.015009876,0.7470814,0.1999469,0.041554175,-0.36315978,-0.34222504,0.32186615,-0.26769307,-0.09732829,0.19288239,0.39812863,0.4011116,-0.42171857,0.4296752,-0.70585984,-0.10342847,-0.53934586,-0.4464421,0.33872768,0.25183353,-0.46650767,0.7064198,-0.29359746,0.42957336,-0.07559052,0.07769327,0.07841449,0.44700444,0.256004,0.5350264,0.26687422,0.005747916,0.1335538,0.03760689,-0.7345071,-0.0069253487,0.31359497,0.093498185,-0.025552666,-0.5815954,-0.7872192,0.26709154,-0.2954506,-0.09120828,0.004253288,-0.34103268,-0.11149706,-0.08529044,-0.13392577,-0.49216542,-0.5373169,-0.5096508,-0.15534133,-1.7136254,0.48527005,0.18564992,0.42745328,-0.28993112,-0.36538002,-0.5064362,0.09092924,-0.5115317,-0.5570066,-0.5017761,0.3660303,-0.15365964,-0.50698423,0.18099561,-0.29593408,-0.19868083,0.17817478,-0.40050945,-0.42595172,-0.2854287,-0.23363173,-0.33739203,0.24966808,-0.51327246,-0.6266156,-0.27654803,-0.24771093,0.215725,-0.51538473,0.20109054,0.26598,0.52893436,-0.07738963,-0.038276434,-0.18051973,0.5605715,-0.13524203,-0.11472097,0.087690376,0.03802613,0.0076888097,0.32853448,-0.18877412,-0.50234133,-0.5583309,-0.7698959,0.17767033,-0.1618267,-0.4579029,-0.36476615,0.37919483,0.063833974,0.028264482,0.19250077,-0.47570953,0.39255512,0.15104379,0.2006595,0.6911191,0.42274415,-0.3716626,0.14286014,-0.85245454,0.39601958,0.51749563,-0.42384487,-0.40725657,0.37841234,-0.42213395,-0.49465993,0.7020027,0.16064012,-0.19707401,0.13521823,0.32310054,-0.16664742,-0.4850515,-0.39549598,-0.0902477,-0.2544753,0.14107022,0.7256394,0.015651887,-0.24258032,-0.3587171,-0.1971958,-0.12071947,0.60896295,-0.18910703,0.085003614,0.32161656,-0.12490252,0.35792994,0.17609458,0.20815708,-0.32040986,0.3492396,0.3901758,-0.15970741,-0.005752089,-0.08603265,-0.06778534,0.6090396,-0.27638608,-0.41855904,-0.20206852,-0.41282013,0.34709704,0.45555818,0.22446068,0.3145684,-0.11989744,-0.03820944,-0.4127986,-0.27744484,-0.048854314,0.6307033,0.4119635,0.38343155,-0.4525283,0.36073503,-0.022850363,0.35722306,-0.067472376,-0.04739153,-0.26956213,-0.12681155,0.10751192,0.2737161,0.0900481,0.5393679,-0.6905691,0.38114578,-0.19547825,-0.13497314,0.40914068,0.2946416,-0.11428816,0.16479011,-0.40824318,0.24026136,-0.26099387,0.25949654,0.5281945,-0.21764143,-0.21223688,-0.031865805,0.47712085,-0.3415946,0.16966246,-0.4369811,-0.014471808,-0.3471271,0.41828227,-0.4124723,0.30372286,0.05766343,-0.014112396,0.012474444,0.20746954,-0.087867424,-0.1246502,0.096001126,-0.26190597,0.10446904,0.19634528,0.075768925,0.010643368,0.20500535,-0.098669484,-0.61773527,0.3249599,0.4921078,0.048978195,-0.18000758,0.4195444,-0.13124458,-0.27661547,-0.051207677,0.25489175,-0.12067006,0.40151155,-0.006710602,-0.44445375,0.69430876,0.0011396381,0.20948544,-0.38985175,-0.17212678,-0.7238767,-0.21269976,-0.021625763,-0.22460154,-0.098683946,0.038403183,-0.27696604,-0.028370168,0.053195085,-0.32740375,0.24133226,0.02891866,-0.29277027,-0.08015213,-0.16563313,-0.057995897,-0.00017117873,-0.4431423,-0.00830588,-0.6078582,0.06232256,-0.17987199,-0.3582009,-0.19864002,0.012089873,0.12655216,-0.21180105,-0.3300497,-0.8091687,-0.2641875,0.0961383,-0.1438468,0.006077001,0.3266937,0.1448212,-0.12515233,-0.55264455,0.10370679,-0.13857415,0.0,0,0,1,0,0,0,0,0,0,0,0,0,0,0,0,0,0,0,0,0,0,0,0,0.0,0.0,0.0,0.0
0.095376834,0.34646457,0.5188782,-0.31408042,0.48982576,0.109599054,-0.2741081,0.24697378,-0.23537588,-0.28150973,0.19706665,-0.17424732,-0.10811091,0.5264877,0.4264356,0.51860297,-0.16281024,0.287436,0.019020433,0.5206722,0.2079607,0.21745837,-0.021420266,0.19582327,0.13064812,0.31326067,0.1741967,-0.19075339,-0.40855205,0.19516496,0.19571592,0.3228129,-0.04995854,-0.24281129,-0.32090667,-0.62184894,-0.08676102,0.030989962,0.20089649,0.27246547,-0.1512863,-0.5278761,0.2591041,-0.08708422,-0.17789179,0.22313184,0.0056282263,-0.31433135,0.12580974,-0.12936656,-0.86205786,0.0131530585,-0.04330492,-0.5821022,0.073961824,0.47421744,0.7145042,-0.5128671,0.08103656,-0.11735175,-0.26697066,-0.36657125,-0.14371319,0.30453992,-0.17158808,-0.30065137,0.18898636,-0.0552203,-1.0848612,0.0019146065,0.41428727,-0.39569375,0.20371605,0.09330195,-0.051548358,0.17152873,-0.4005552,0.5233632,0.19036844,-0.059907883,-0.098594286,0.18567972,0.69048876,0.14847404,0.67990935,0.33308125,-0.13873442,-0.12354207,-0.48552307,0.7434458,-0.18291563,0.38003904,0.010960948,-0.0011295888,0.48252338,-0.6547694,-0.7831737,-0.124190696,-0.111902244,0.08579304,0.31835255,-0.712931,0.28377923,-0.057900257,-0.23594719,-0.062406942,-0.51304984,0.31871226,0.1647563,0.33219707,0.2496214,0.30269325,0.32886532,-0.6530265,0.08787867,0.080296494,-0.34619102,0.31744978,0.52729344,0.07129425,0.022108657,0.48282778,0.19805737,0.2759359,0.30394465,0.14418396,0.27055562,-0.07343475,0.22484607,0.38663483,0.62479943,0.4775591,-0.11867997,-0.086164676,0.04058499,-0.12698618,0.0028284732,0.2736343,0.11256187,-0.50439346,-0.097461246,-0.50063264,0.19593357,0.35933962,0.638058,0.30447447,-0.08576475,0.13536328,-0.31248906,0.2956202,-0.20952177,0.32691947,-0.46070874,-0.028999599,0.1446313,-0.30699673,-0.34899884,0.19642586,0.039369296,0.06436545,-0.0038751725,-0.21431935,0.093230546,-0.25051543,0.16264547,-0.13363,0.27022249,0.49878997,-0.33880153,-0.04854694,-0.080924034,-0.7502607,0.477456,-0.08685799,0.34077552,0.3590201,0.21605697,-0.49615392,0.25199807,0.9623192,-0.45841616,0.20626506,0.37107703,-0.5492723,0.4476633,-0.019647455,0.6157956,-0.5223144,0.6051124,0.16931027,-0.3365511,-0.40802467,-0.38501376,0.007976195,0.37361062,-0.50935596,0.016972732,-0.5779636,0.3710991,-0.37842298,0.049164448,0.23064241,-0.05295466,-0.6646325,-0.42649966,0.4307465,-0.014574204,-0.32867295,-0.9269323,-0.06553927,-0.14945331,0.2509442,-0.34481552,-0.17017108,0.0024783544,0.103012584,0.014045664,-0.32320482,0.14471065,0.21194403,-0.25007734,-0.76766944,-0.2146872,0.09910479,-0.46928796,1.4871787,0.66101265,-1.067853,1.0071027,0.11439011,0.2282764,-0.4878274,-0.27062663,-0.6682925,-0.07946972,0.20875631,-0.15553303,-0.34984076,0.040134534,0.6655764,-0.8128019,0.41527063,0.25585437,-0.18423659,0.14691211,-0.052089654,0.020888517,-0.6174546,-0.082919426,0.15240745,0.020593725,0.32915315,0.40683556,-0.18466382,-0.0883545,-0.16466385,0.36268434,-0.1340097,-0.49966326,0.5808514,-0.04316831,-0.019874966,0.3767331,-0.45715895,0.30922797,-0.50050807,0.046830546,0.21493748,0.6133963,0.38756725,-0.58748895,-0.14918002,-0.18748574,0.31714594,-0.48041955,-0.88882947,0.120657586,0.035723563,0.17439772,-0.07413424,-0.11448768,0.49947375,0.09249639,-0.019830976,-0.008637906,-0.30243692,0.7182787,0.0075766533,-0.12973538,-0.5140252,-0.13850245,0.04148339,-0.41662052,-0.3483696,1.0683173,0.55700445,-0.2913754,0.23885912,-0.297686,-0.600344,-0.29179856,-0.025765367,-0.07710124,0.053200778,-0.40296555,-0.0057572173,-0.6584867,-0.3028966,-10.372767,-0.22864671,-0.5775097,-0.24166882,0.1316601,-0.021162244,0.20222335,0.16607168,-0.4752719,-0.119778216,-0.15249191,-0.04056106,0.03195588,-0.37830243,-0.0674902,0.2817776,0.56752855,0.42490143,-0.26681453,0.13590093,0.09717454,-0.7098176,0.17351007,0.2031305,0.6528069,0.32030827,0.18111496,-0.062122118,-0.13727425,-0.2998146,-0.3864554,0.12776355,-0.20640022,1.2744911,-0.07450745,-0.17727205,0.186893,-0.38254046,0.039139643,0.10043034,-0.04367942,-0.18769914,-0.3040204,0.09282357,0.5583175,-0.4252638,-0.102117606,0.39484572,0.013976668,0.0019688997,-0.3978247,0.08955594,0.03869649,-0.5113972,0.054401956,0.1450436,0.15584917,0.818766,-0.23673894,0.10639821,0.7669033,-0.2778899,-0.3624402,0.13555838,-0.37917483,-0.14731406,-0.89338756,-0.49085724,-0.6135546,0.00442739,-0.32642516,0.35975364,0.05194808,-1.1937195,-0.238278,-0.26832667,-0.04997826,0.20932202,-0.42479756,0.011959221,-0.98298293,-0.6292713,0.24584748,-0.23006448,-0.6505832,-0.31435347,-0.5259198,-0.2713795,-0.13335407,0.32765415,0.09962575,-0.08808481,0.51276964,-0.013123187,0.02433568,-0.4908612,0.6449598,-0.29029012,-0.050686937,0.44304407,0.09579433,0.14551999,0.6805115,-0.3637756,-0.6371742,0.37641576,-0.39180472,0.15284531,0.224485,0.065516874,-0.13553393,-0.14666528,0.042423,-0.43763646,-0.1535025,0.15100726,-0.27988467,0.6606541,0.111499645,-0.5962571,-0.6865351,0.5434968,-0.42246628,-0.8385648,-0.2611246,-0.03363864,0.19836256,-0.06367408,-0.40968964,-0.3939489,-0.44685256,0.009842312,0.12133517,-0.30235192,-0.052078098,-0.20523037,-0.16032071,-0.19473362,-0.6896926,0.1426487,0.43780696,0.0025841063,0.46443588,0.024335383,0.040822376,-0.031952012,0.037158273,0.13786475,0.46768376,-0.00985058,-0.27473223,-0.75926834,0.18535554,-0.36468494,-0.14594787,0.04350854,0.5546992,-0.56570876,-0.19881397,-0.7092187,0.8773182,0.35022637,-0.31493232,0.048436757,0.35053772,-0.09625486,0.023550376,0.092319764,0.16016904,-0.03254312,-0.26013187,0.16745432,0.3586638,0.046697635,0.18249513,0.3584498,0.6701797,-0.2770728,-0.09545351,0.24623872,0.3142539,0.30024856,-0.17617507,-0.3092498,0.47113544,-0.29272246,-0.088848755,0.6671516,0.1702927,0.22246373,-0.3955327,0.3307011,0.115556,-0.09935891,-0.03506957,-0.5776414,0.35298556,0.27375853,0.30818722,0.07060586,-0.3694609,-0.0066727735,-0.54589194,0.1594138,-0.22614084,0.121894896,0.2536436,0.33643803,0.79503053,0.25403294,-0.12185872,-0.5571433,-0.6731031,-0.28778526,0.37806442,-0.0038081321,-0.13002007,-0.30025613,-0.6780066,-0.11475696,-0.34429196,0.10988602,-0.31118375,-0.2695458,-0.14911415,0.13347477,-0.20945176,-0.21245003,-0.4527067,-0.30907354,-0.18852888,-1.8896325,0.3442463,-0.20246129,0.11551402,-0.24172339,-0.078961,-0.09327804,-0.064169556,-0.07334168,-0.48897275,-0.7010899,0.12124689,-0.77178866,-0.16720417,-0.20953336,-0.23856607,-0.058824863,-0.38020965,0.17459883,0.42611614,-0.5164724,-0.5143726,-0.6399538,0.49359113,-0.101216614,-0.26415092,-0.26569423,-0.016398713,0.5344556,-0.36128756,0.017284906,-0.11303591,0.13041213,-0.0014488735,0.31473702,-0.037436627,0.19218542,0.24255691,-0.53524,-0.3793535,-0.47025898,0.06964579,0.29462728,-0.3940295,-0.610517,-0.35505372,-0.3600546,0.27745143,-0.3574265,-0.33895412,0.1330201,0.46225357,0.051361747,-0.027222931,-0.106878415,-0.37016192,-0.22786409,0.0833274,-0.09107699,0.35323936,0.35566986,-0.797063,0.16432348,-0.47790217,0.2329832,0.44671232,-0.20166159,-0.16195059,0.35221833,-0.290236,0.3384942,0.78110826,0.08657374,0.275241,0.3272892,0.11822751,0.055071205,-0.34187388,-0.47506452,-0.71904993,-0.57537717,0.5199184,0.6134503,0.0050934595,-0.3939124,-0.4467982,-0.16325574,-0.10978616,-0.07531001,-0.16822094,0.37722248,0.59702915,-0.21168785,0.24224041,0.29970255,0.24036594,-0.537452,0.032314926,0.41683015,0.09459699,0.23961966,0.20871617,-0.057317473,0.056375742,-0.061209008,-0.12856923,0.1457544,-0.42519343,0.46513653,0.3897854,0.2001087,-0.04917019,-0.059003506,-0.05717297,0.22394235,-0.07751673,0.24972866,0.32193115,0.4802482,-0.2525091,-0.288747,0.15393412,-0.11727762,0.2623372,0.27328646,0.28851283,-0.2140473,0.75798744,0.6920117,0.2910211,0.388019,0.5036025,-0.5787107,-0.11623908,0.2856411,-0.25993398,0.109071255,-0.1370211,0.13384402,0.12108588,-0.25589982,0.3042397,0.20973846,-0.006926173,-0.023100547,-0.14579636,-0.19888254,-0.24740568,0.3199624,-0.32591206,-0.021935837,0.05418127,-0.5088405,-0.092678964,-0.35573575,0.028196972,0.060150746,0.07963837,-0.32046914,-0.0815636,0.20931374,-0.10204014,-0.1293972,-0.110839754,-0.5122375,0.17554604,0.119129635,0.5868731,0.08068798,0.1975266,-0.30006847,-0.61158854,-0.1381988,0.093675114,0.00036324604,0.009623485,0.21538797,-0.49041194,0.06682577,0.5160699,-0.08397003,0.123279475,0.16565523,-0.057825565,0.42596394,0.38162002,-0.036096,-0.5455387,0.079844914,-0.16208126,-0.8385881,0.2756615,-0.24890362,0.16951089,-0.122249864,0.058187064,-0.046741266,0.33827698,-0.4873475,-0.110187456,0.74009687,0.45306447,0.06786085,-0.5137126,-0.12361858,0.08629313,-0.17867006,-0.26597646,0.2836698,-0.036739744,0.16039278,0.35022613,0.0543129,-0.20392849,0.35828972,-0.06375094,-0.48309922,-0.77923656,-0.07627839,-0.50333047,-0.07693005,-0.16695717,-0.18614767,0.11310316,0.13861075,-0.24545215,-0.73590636,0.18186148,0.25551173,0.0,0,0,1,0,0,0,0,0,0,0,0,0,0,0,1,0,0,0,0,0,0,0,0,0.0,0.0,0.0,0.0
0.15590833,-0.28102028,0.3949659,-0.28730664,-0.08364951,0.066603504,0.01214841,0.18845634,-0.56103045,-0.36105907,-0.04481182,-0.42354846,-0.088418856,0.019423906,0.058122154,0.02217833,0.27375007,-0.06422097,0.00093027484,-0.19278361,0.23321545,0.25891346,-0.019969381,-0.3975289,0.076581284,-0.051123634,-0.109043635,0.13875832,-0.5791152,0.09401328,0.019475522,0.21638098,0.09401884,-0.058696397,-0.4264784,-0.5051472,-0.08506315,-0.17887811,-0.17022745,-0.3148616,-0.11919046,-0.2553076,0.41133314,-0.050443307,-0.12231149,-0.3455885,-0.0936791,-0.029039286,0.22816417,-0.28858748,-0.2480411,0.31435484,-0.29874957,0.022405773,0.1480711,0.48341092,0.18143582,-0.5644252,0.04394985,-0.13540551,-0.18309401,-0.27381852,0.23227032,-0.09456209,-0.068931155,-0.3319957,0.048421722,-0.010440649,-0.000274444,-0.14717297,0.12929225,0.020411499,0.41703692,0.11959085,-0.18168302,-0.53440696,-0.4743719,0.4149387,-0.43181154,-0.10934696,0.110135764,0.9994118,-0.0059593655,0.111694045,0.14479937,0.33503735,-0.3292505,-0.3557484,-0.17142451,0.4320916,-0.3812669,0.20344594,-0.22418045,-0.0002378436,0.5149041,-0.1642563,-0.43966645,0.23322009,-0.10621805,-0.28783,0.16269767,-0.5735274,-0.08321583,-0.15241352,-0.26901317,-0.018944252,-0.08065516,-0.15218325,0.24451597,-0.28847447,-0.12262834,-0.12255204,0.3967011,0.0012182523,-0.08138824,0.06434656,-0.21964847,-0.12531038,-0.45958802,-0.12853551,-0.35049242,-0.19961013,-0.025877535,-0.032590076,0.281659,-0.09394836,-0.16283242,-0.04807926,0.15102063,-0.4021945,-0.23622607,0.122941114,0.036941744,-0.30768704,0.2731938,-0.042134006,-0.09054144,-0.029092569,-0.1967298,-0.27274433,0.25022203,0.6752728,0.26887414,-0.014703066,0.18649164,-0.33202937,-0.26838073,-0.015456926,-0.49163485,-0.2817812,-0.07407588,0.056170333,-0.12653713,-0.15319091,-0.39639473,0.060198247,-0.43276417,0.08867316,-0.16353261,-0.22476381,0.071992405,-0.39638123,-0.0759114,0.24872334,-0.05117215,0.24301758,-0.07428954,0.10686559,0.13792714,-0.08989979,-0.13892038,0.2194545,0.51398426,0.05148138,-0.043323018,-0.10486562,0.3279134,0.18142156,-0.114934266,0.5320997,-0.6477608,-0.46003097,0.18176167,0.17519863,-0.25275454,-0.18352671,0.18225664,-0.66996896,0.56411797,0.32420164,-0.39896765,0.19318606,0.24743178,-0.41458586,-0.07164827,-0.13950138,0.3209435,-0.41347635,-0.10754028,-0.19973506,0.41237023,-0.099148825,0.25942546,0.060697757,-0.09934071,0.56285405,-0.1012358,-0.14968581,-0.07454978,0.1316505,-0.18389533,0.3094653,-0.11783235,0.029194953,-0.045539398,-0.15984185,0.1355826,0.19839633,-0.34931967,-0.079583645,0.13577855,0.36360735,-0.15133083,0.5157168,0.029460628,0.65020037,-0.091522805,-0.48159933,0.23851563,-0.38612717,-0.0010670717,-0.1112999,0.20331056,-0.16874413,0.26074103,-0.07101162,0.23199496,-0.28478083,-0.14660189,-0.20699114,-0.13435142,-0.32149395,0.47784546,0.47454494,0.32549247,0.6558948,0.29175675,-0.19646773,-0.105693705,-0.2229245,-0.06939443,-0.19613226,-0.09007934,-0.2798726,-0.42032346,-0.56707746,-0.13518092,-0.19812766,0.07955244,0.018378282,0.008876592,-0.28061706,0.45277673,0.3669623,-0.33424142,0.015878353,-0.027084561,-0.35084116,0.18217263,0.16985537,-0.40588775,0.5360706,0.0034006685,0.77869326,-0.4421695,0.049349234,0.13829166,0.613488,-0.0053161643,-0.6116916,0.30055192,0.045093827,-0.37947434,0.117510475,-0.21293356,-0.014345198,0.10481721,-0.22025917,0.084196895,-0.2672781,-0.0695333,-0.0740969,-0.08716807,-0.36165735,0.3429201,-0.27913517,-0.1538778,0.50266886,-0.16329029,-0.5356066,-0.30724922,-0.033264227,0.4494133,0.0815082,0.15484293,0.62371933,-0.18300843,-0.033756204,-8.7155075,-0.2642286,-0.28522655,-0.14730664,0.26583317,-0.2354433,0.11995075,-0.28939414,-0.28346416,-0.36821815,-0.03156124,0.2689671,0.031708464,0.14625603,0.12661442,0.24523668,0.031447224,-0.39484593,0.03682497,0.013179553,0.011002287,-0.10694486,-0.15740196,0.37402228,-0.2787255,0.42464173,0.10092314,0.27702054,-0.17276937,-0.065809295,-0.36719656,-0.014945559,0.3114807,0.45455724,0.03187097,0.21520463,0.033294342,-0.3968419,0.17488882,0.3104291,0.06860705,-0.47317255,-0.11396951,0.43289328,0.6104712,-0.29636174,0.57170296,-0.09389113,-0.080065995,-0.12482399,-0.065688945,0.19471125,0.22633745,-0.31262353,0.2998432,-0.08837162,-0.061279923,0.5812768,0.034622356,-0.58383816,0.3004079,-0.35513076,-0.26520118,0.47985563,-0.4954538,0.16885506,-0.15578014,-0.5012745,-0.2937606,0.17630866,-0.44585,0.40733656,0.17185724,-1.8397603,-0.18244256,0.7798413,-0.10096205,0.486064,-0.19941373,-0.08005641,-0.21854852,-0.18390644,-0.17193206,0.45289177,0.36496875,-0.4988765,-0.2599532,0.0193941,0.075547926,-0.12635706,0.08144023,-0.037772305,0.32912084,0.21051061,0.63771486,-0.1256467,0.6289148,-0.3487574,-0.21162842,-0.3755414,0.14230305,-0.0129155945,0.13426124,0.278651,-0.15837437,-0.24805884,0.16139294,0.4194718,0.449194,-0.035901688,0.107077755,0.09622798,0.16308594,0.45452777,-0.54926205,-0.38099423,0.27038196,0.18852794,-0.18548718,0.02504667,0.18929853,0.011847586,-0.3706498,-0.01200138,0.11387069,0.17751838,-0.097784325,-0.63901263,-0.088275135,0.15734352,0.41056892,0.03405785,-0.41294837,0.06101487,-0.24811181,-0.059156783,0.018370818,-0.6684719,-0.19311881,0.21948364,0.27602866,-0.057989765,-0.035072744,0.23238336,0.026486846,0.40763822,-0.48382008,0.3593698,0.3385377,0.25624618,0.14584813,-0.6339875,-0.04120611,0.2695416,-0.119473435,0.4025369,-0.36954597,-0.33672446,0.24182302,-0.447783,0.04233995,-0.021207124,0.39457405,0.37881327,0.13101538,0.5956068,-0.011472888,-0.2625976,-0.22604173,-0.17699891,-0.08006613,-0.0980009,0.08655528,-0.16747889,-0.40337646,0.11487289,-0.32532907,0.04194303,-0.20707723,-0.011298759,-0.2168311,-0.12891437,-0.3144021,-0.1464386,0.26201206,0.11482351,-0.036028046,0.07234449,0.5638295,0.5030305,-0.40097514,0.16369781,-0.03872009,-0.6505681,-0.5127126,-0.5767291,0.28978282,-0.3735976,0.023256795,0.44138062,-0.31608173,-0.5063079,-0.101118766,0.40766263,-0.11554633,-0.008990919,0.36408556,0.42258906,-0.10266152,-0.073200785,0.10844171,-0.21634866,-0.2858032,0.032345682,-0.004888601,0.24333291,-0.059647005,0.21078588,-0.065010466,-0.1524005,0.12627755,0.0007425237,-0.245801,-0.29401088,-0.48623413,-0.16927946,-0.25617093,-0.20374215,-0.047479756,-0.373663,-0.13772155,-0.7353608,0.41149774,-0.23960273,0.16339906,0.25345466,0.23010513,0.17366555,-0.018064504,-0.26961365,0.097846195,-0.63554734,-0.11134769,-0.23318835,-0.13712017,0.13763475,-0.17049593,0.32881153,0.039648153,0.2833602,0.033564698,-0.16233744,0.13725986,-0.031082835,-0.18559784,-0.062997535,-0.26471797,-0.093085036,0.09950916,0.32869667,-0.24251442,0.3692949,-0.05030728,0.02034207,0.40854,0.20495601,0.4400193,0.14227347,0.4122773,-0.0548461,-0.14874463,0.17341669,0.07333912,-0.2844138,-0.20550969,0.36688417,-0.16534857,-0.54916716,-0.024090344,0.19639266,-0.67093426,0.22622335,-0.1577546,-0.12582612,-0.0032504261,-0.21054184,-0.30436024,0.13661982,0.028122272,0.22721982,0.26144674,0.34863803,-0.32066274,0.10380958,0.31458542,0.683298,0.14310056,-0.35762507,-0.1810159,0.33660448,0.16140951,0.09858034,0.24324894,-0.033246808,0.010993054,0.41305447,0.08394948,-0.58384275,-0.0008467338,0.18532738,-0.015407994,-0.07408371,-0.17318042,0.3927759,-0.20635274,-0.1555643,0.044313174,-0.42472118,-0.6041527,0.28191772,0.101007864,0.6615319,0.7203138,-0.15097542,0.19553372,-0.10365018,-0.0224969,-0.2661994,0.05500575,0.4380252,-0.33489177,-0.2346909,0.04716541,-0.1306692,0.12609607,-0.09937157,0.570088,-0.008278957,-0.09432587,0.34686348,-0.03794112,0.18723367,0.13730203,0.04008513,0.27954826,-0.017152531,-0.13575777,-0.23310836,0.16142033,0.043416176,0.1247093,-0.22873436,-0.058976587,-0.09585165,0.43822137,0.11961516,-0.15137728,0.20867985,-0.051823433,0.77026916,0.10841306,0.7256355,0.14982851,-0.41739413,-0.14427434,-0.13459724,0.26399687,0.090086795,-0.06007408,-0.32894936,0.08010909,0.23938239,0.26347968,0.2857195,0.21764213,-0.008292426,-0.5265306,-0.13221909,0.14959385,0.13196374,-0.51028067,0.057502225,-0.053217694,-0.16413811,0.30180097,-0.1602391,-0.3166436,-0.46099147,0.1320415,-0.25553915,-0.11727589,-0.10504863,0.13312897,-0.3849028,0.0318725,-0.03832682,-0.1389473,-0.5055831,0.17946309,0.24415922,0.22923805,-0.25935686,0.048003253,-0.03782651,-0.64361566,-0.06640461,-0.25238743,0.15944023,-0.27565053,-0.005313804,0.01660366,0.28554067,-0.093173906,-0.26037988,0.5464794,0.16226953,-0.040266618,-0.42455757,0.3618771,0.3415683,0.17735729,-0.23515661,0.1469489,0.42753956,-0.73729455,-1.0428646,-0.25405025,0.12775385,-0.36832303,0.044019047,-0.38075843,0.20144868,0.28047,-0.41961804,0.12313485,-0.11714664,-0.30468726,-0.10525872,0.019247629,-0.01910155,-0.06390765,0.45039412,0.55163765,-0.48586243,-0.05261056,0.004617787,-0.09473473,-0.250134,-0.43787116,0.23568313,-0.2614761,0.041048937,-0.06785133,-0.0048615164,0.2664827,0.26056856,-0.32177624,0.031197624,-0.18576623,0.030918468,0.0,0,0,0,0,0,0,0,0,0,0,0,0,1,0,0,0,0,0,0,0,0,0,0,0.0,0.0,0.0,0.0
0.58505446,-0.26628044,0.68686867,-0.07528547,0.16269799,0.13402213,-0.07221281,0.81533283,-0.0119098695,-0.44728172,-0.0076012774,-0.12735611,0.13590099,0.75483507,0.0076269736,-0.061898157,-0.14200377,0.19325681,-0.005382096,0.3928255,0.25434142,0.5045448,-0.12452856,0.11150705,0.011683687,-0.044488672,-0.2751417,-0.49064913,-0.34984168,0.18292443,0.58209574,-0.0076622604,-0.11548523,0.09817719,0.15486126,-0.16063519,-0.23749433,-0.025671082,-1.037836,0.028871387,0.13797039,0.20461941,0.2398885,-0.26350304,-0.3456123,-0.14935558,0.20349109,-0.43771622,0.63460106,-0.8862867,-0.74290913,-0.14359586,-0.17860542,0.045876503,0.25772038,-0.13147254,-0.36906445,-0.73722506,-0.6507461,0.40446937,-0.18403746,-0.47306085,0.12355406,-0.2709709,-0.055728808,-0.11183149,0.20215891,0.2526881,-0.26763657,0.16555552,-0.17386742,-0.04367547,-0.26859608,-0.10513661,-0.3232207,-0.3876394,-0.52185416,0.49068794,-0.12935056,-0.37227407,-0.16876908,0.8396931,-0.022643402,-0.18093348,-0.026614822,0.28591743,0.10668076,0.19752352,-0.7049685,0.28791595,0.11146113,-0.41482392,-0.35531378,-0.0266696,0.07322327,-0.3426117,0.06283768,-0.040133264,-0.30307284,-0.13625814,0.78551936,-0.51590484,-0.59049755,-0.9529291,-0.030643597,-0.13349743,-0.18494414,-0.21132576,0.60637337,-0.3027579,0.09591025,0.15390937,0.092243165,-0.062339727,-0.18526153,0.09612414,0.14910959,-0.0023847967,0.102625765,0.07898574,-0.3741798,-0.054969564,0.22072811,0.11451248,0.12606923,-0.03356609,0.06231615,-0.38880566,-0.09342274,-0.36164632,-0.08495062,-0.20691644,0.4905109,-0.60807484,-0.26216197,0.4800444,-0.36591443,-0.22501744,-0.69843316,-0.20133477,-0.2185766,-0.037888568,0.2253835,0.2507123,0.14760448,0.46627378,0.30938944,0.26737863,-0.6109163,-0.035168145,-0.53292733,-0.07078857,-0.39963794,-0.19650574,-0.10650537,0.07194729,-0.61776334,0.23671211,-0.10450518,0.24965602,0.32311532,-0.1082432,0.2428438,0.4816172,0.27363634,0.34380773,-0.012366443,-0.19617468,0.18693684,-0.2432608,0.065927885,-0.19997399,0.4892465,-0.31257674,0.33469763,-0.14951079,0.050945222,0.43287924,0.0070689525,0.30193222,-0.7714017,0.04825015,-0.014667575,-0.32819024,0.22953002,-0.20052433,0.24616681,-0.4429586,0.2433147,0.5554049,-0.57995564,0.041659858,0.31392458,-0.06438057,0.03666662,-0.22112423,0.12758178,-0.58655995,-0.26846254,-0.17360497,0.2614846,-0.2706467,-0.28296626,0.23897827,-0.20938905,0.33968273,-0.20314753,0.15695296,-0.084239505,0.25771907,-0.2157781,0.45057407,-0.15736237,0.07298072,0.0474003,0.08110909,-0.3382279,-0.3077006,-0.339321,0.06748501,-0.21468742,-0.075722374,-0.54577583,0.29806587,0.15834007,0.19250953,-0.39592025,0.21671957,-0.21055011,-0.12741359,-0.2957522,-0.37007943,0.09469848,0.31979027,0.42948094,0.5885692,0.022888632,-0.36735162,0.17103738,0.21556425,0.07429155,0.068411544,0.4019233,0.4469866,0.018504405,0.57626724,-0.30646068,-0.8261482,-0.075857975,-0.102643065,-0.6201324,-0.30084705,-0.0733737,-0.17511137,0.3315784,-0.042850345,-0.31742668,-0.09710786,-0.21477161,-0.2417215,0.3718494,-0.07066051,0.039144214,0.22441804,-0.12556386,-0.20078301,0.19706653,-0.11259591,0.5517562,0.38990602,-0.1463672,-0.24274021,0.17988472,0.34517738,0.051758245,-0.23307635,0.43912992,0.30592555,0.089715414,-0.13883251,0.14397438,0.72070783,-0.35941267,-0.2334524,0.19669805,-0.27564093,-0.22312619,-0.2140969,-0.036650598,-0.41944957,-0.5633103,-0.38946128,0.056333154,-0.46631977,0.014673635,0.039123435,0.4093608,0.22564073,-0.2782614,-0.60436827,-0.21249728,0.16454104,0.13855968,0.1071102,0.29921952,0.23022671,-0.100322954,-0.23765115,-6.1600018,-0.026869804,0.04932331,0.02657041,0.64552414,0.3775525,0.5172663,0.08365845,0.05025177,-0.4994936,0.13956857,0.03332265,0.05799112,-0.3763514,-0.059208184,-0.3458476,0.25089392,0.08135138,-0.089725584,0.28989327,-0.37471083,-0.24964236,0.029971406,-0.27441853,0.27284983,0.08101494,0.026550105,-0.11266789,0.1459357,0.49360296,-0.31337717,-0.28165066,-0.2760686,0.5101334,-0.1600474,0.021814153,-0.76746184,-0.091035485,0.31103322,-0.44099244,0.39155114,-0.19645716,0.23034878,0.2559729,0.6841776,-0.09761747,0.0148611935,-0.13987988,-0.33072725,0.30877766,-0.22422002,-0.0379969,0.53094536,-0.3052098,-0.055454504,0.23110193,-0.107216924,0.8620844,-0.20956714,-0.095826454,-0.15135594,-0.2515219,0.0007305524,0.01404462,0.015500802,0.12278965,-0.024005236,-0.30542898,-0.44109395,-0.3614918,0.2858058,0.12237012,0.22126423,-1.5763313,-0.3940105,0.11676393,-0.08734968,0.13272518,0.021498067,-0.46762148,-0.13952841,-0.10704615,-0.19197024,-0.2087998,-0.10782203,0.008384243,-0.06896996,-0.5707399,-0.34143886,-0.2011689,0.18630445,-0.19681858,0.26738825,0.39457956,0.50228375,0.33319175,0.74249744,-0.10022307,-0.10587851,0.16310424,0.18883003,0.22879814,-0.17180361,0.45433,-0.11722959,0.044707745,-0.117705904,-0.30744848,-0.08724761,0.055396214,0.43137637,-0.5947826,0.21399023,0.22692467,-0.7942395,-0.6855127,0.42290604,-0.39620814,-0.033911575,-0.10823535,-0.20111744,0.31760752,-0.67912835,-0.08627182,-0.17850076,-0.20468484,0.017647276,-0.27298406,-0.016136313,0.038777776,0.19515456,-0.02377413,-0.25133488,0.7204321,0.04896648,0.10425634,0.041042294,-0.7562873,-0.28437886,-0.0015248489,0.02488792,0.51229256,-0.010596644,0.30016127,0.22858429,0.032861184,-0.26216355,0.34016308,-0.36498156,0.096865445,0.05924533,-0.086536445,0.20286064,-0.26858154,0.1220328,0.122015655,0.1963852,-0.43222138,-0.03578984,-0.25433782,0.108938575,0.09847898,-0.23169939,0.75742894,0.3239188,0.43409404,-0.23082061,0.12984732,0.39033988,-0.2701467,-0.21273857,0.33150467,-0.17128658,0.3407316,0.1771661,0.44680926,-0.048240032,-0.03684293,0.16490306,-0.36125836,-0.05747625,-0.31105036,0.25385755,-0.07561966,0.28245345,-0.047943752,-0.01204668,-0.030615458,0.32372895,0.25618693,-0.9312749,0.48107728,-0.2683711,0.020357147,-0.1590071,-0.7072127,0.48758903,-0.76630944,0.27667528,0.45695695,0.14658374,0.25451472,-0.22983916,0.37225485,-0.81746054,-0.14274202,-0.034686584,0.21025215,0.015955688,-0.17504956,-0.093816586,-0.21228743,0.39329588,0.23603882,0.19317223,-0.16058819,-0.10635563,0.17863025,-0.5283168,0.5204602,-0.13425757,-0.32164976,0.30571947,0.38034067,-0.52784723,-0.76081944,0.17630146,-0.045062926,-0.18965836,-0.33284098,-0.13930014,-0.45603392,0.4972342,0.20662881,-0.087785415,0.14177273,-0.00074658607,0.13504027,0.17387867,-0.20732157,-0.16433454,-0.45152912,0.078221165,-0.047398,-0.4417496,0.28216276,-0.20620185,0.13492556,-0.43096283,0.0968583,0.32896245,-0.05452757,-0.030493667,-0.27748996,0.09883573,-0.37413844,-0.37047413,-0.01789829,-0.24884552,0.6430436,-0.19371468,0.15338819,0.2489376,0.09250057,0.17389691,-0.12637745,0.14699854,-0.2171156,-0.168837,0.053755227,0.21877195,0.2575961,0.4344329,-0.29378164,0.3143271,0.42455664,-0.50020695,-0.22409105,0.37552676,0.08422036,0.057006937,-0.17642891,0.16953294,-0.092014335,-0.103168644,-0.84273076,-0.1945095,0.12388003,-0.15907957,-0.027677024,-0.21179347,0.33799598,-0.7338622,-0.23319875,0.19724661,0.16122562,0.12997307,-0.071160965,-0.038081605,0.49509844,0.28823233,0.12518242,0.5126923,0.3132242,-0.5273483,0.22573197,0.15111929,-0.13994761,0.21196169,0.19552742,-0.2357893,0.0010621318,0.7414376,0.18288112,0.32907388,-0.40151778,-0.06943638,-0.29120567,-0.23137031,0.086998515,0.1673329,-0.29385945,0.25431114,0.035644513,-0.2731049,0.12014089,-0.35084602,-0.012486517,-0.13613735,1.1120902,-0.08481886,-0.07731783,-0.00091092754,0.1344125,0.2861292,-0.6273326,-0.19480424,-0.22622739,0.08410246,0.18176569,-0.46969923,-0.05077246,0.012768392,0.12994221,-0.12134919,0.16559,-0.5066419,-0.099947,0.63633704,-0.5574782,0.27878034,0.25544694,0.14773747,0.048178915,-0.17247653,-0.046440337,0.286135,-0.38223818,-0.51367766,0.4512328,0.096644245,-0.19682938,0.08034726,-0.06279814,-0.17654519,0.053483758,-0.07051406,0.030265419,0.22663341,0.021562176,-0.2438162,0.24472417,0.4842323,0.03303881,-0.1793633,0.27553457,-0.4501514,-0.15928386,0.1620826,-0.20001549,-0.18893294,-0.10305843,-0.39548847,-0.08261566,0.25081465,-0.8071077,-0.50774777,-0.32952082,0.28198072,-0.27224603,0.002021023,0.11373678,0.2471931,0.1054053,0.4426553,-0.25043395,-0.035958312,0.26610172,0.40547422,0.013303722,0.28001323,-0.08469824,0.31493258,0.3421059,0.07005841,-0.08266825,-0.27881584,0.51476437,-0.9027849,-0.5534916,0.35786963,0.5883756,-0.242437,0.4557887,0.14939032,0.33102182,0.31473747,0.0962537,-0.27279887,-0.22581096,-0.03643307,-0.21328521,0.10454775,-0.09699881,0.10401904,-0.75290376,-0.09307139,-0.026207231,-0.089223675,0.116569035,-0.04299585,0.2762825,-0.027923947,0.31548992,-0.08509407,-0.069487624,0.0012417749,-0.57627827,-0.09401844,0.026968488,0.2718841,-0.083240405,0.4400245,-0.15649751,-0.022516364,0.09223414,0.24539618,-0.008498329,-0.1757076,-0.3957115,-0.09346085,-0.27134025,0.17316186,-0.11587003,0.14166696,0.35120383,-0.27428663,-0.24375367,0.16557026,-0.06116264,0.2,0,0,0,1,0,1,0,1,0,1,0,0,0,0,1,0,0,0,0,0,0,0,0,0.0,0.0,0.0,0.0
0.33707947,-0.19487032,0.5564209,0.03196496,0.41570076,-0.5555451,-0.032116268,0.5084925,-0.1004323,0.1468017,-0.37804595,0.011728939,0.07475602,0.09234275,0.1727182,0.56004757,-0.35041922,0.1215763,-0.023644386,0.2016697,0.3982845,-0.024441756,-0.20721869,-0.06003259,0.3079581,0.16482054,0.29719272,-0.4855611,-0.96018296,-0.13731037,0.34193593,0.29518473,0.23673691,-0.38208258,-0.19779919,-0.48055813,-0.16105177,-0.36513233,0.15566342,0.4381942,0.09588213,-0.12124667,0.39026582,0.07316439,-0.15803523,0.008391235,-0.16625357,-0.47323096,-0.11057247,-0.2314071,-0.930829,0.045461144,0.18642148,0.017952938,0.268985,0.27720046,0.30482462,-0.44164932,-0.31493655,0.0544906,-0.07790532,0.36103886,-0.18237539,-0.055435464,-0.09418129,0.057460275,0.1363427,0.46978152,-1.004041,0.23526677,0.16942394,0.07703886,-0.12313867,0.288957,0.22226259,0.3876854,0.0031267968,0.62621164,0.12597507,-0.039118104,0.1439498,0.44090953,0.34991455,0.22963947,0.3994356,0.48189995,0.08956193,-0.04618338,-0.4228694,0.7208133,-0.29856035,-0.12677707,0.15954733,-0.2985544,0.76044047,-0.4942628,-0.24800462,-0.50077766,-0.23437807,-0.060485277,0.5007674,-0.29240477,-0.17508365,0.039998487,-0.2914723,-0.11105789,-0.7012905,-0.40758055,-0.079303935,0.46941766,-0.2837745,0.3270053,0.038486972,-0.522843,-0.15507951,0.07949794,0.11092043,0.1618017,0.11401802,0.22644156,-0.02436059,0.5185221,0.02105169,0.17917748,0.37264153,0.019338435,-0.13323097,-0.039771512,0.11970858,0.2289297,0.89182454,0.54489404,0.35770768,-0.3406066,0.0012355903,0.13807063,-0.061747845,-0.42210713,-0.10153513,-0.2255987,0.00021592915,-0.2554036,0.026056748,-0.0126447845,0.2300317,0.24051484,-0.14072764,-0.3048071,-0.404455,0.34119928,-0.4860603,-0.016192624,-0.15826572,0.060161434,0.15925035,0.002823749,-0.1003765,0.11002984,0.21829355,0.08922331,0.17313999,0.3506395,-0.2312624,-0.06270465,0.06302151,0.03679477,-0.23216072,0.4609564,-0.025845818,-0.082397126,-0.05083848,-0.4203022,0.16575772,-0.019211138,0.21189697,0.31635156,0.14543585,-0.11816597,0.562734,0.65487593,-0.62934405,-0.1742429,0.3807151,-0.45473516,-0.03364382,0.044597387,0.6673288,-0.48396388,0.2699394,0.19891609,-0.41960496,0.16171947,0.22699924,-0.50495726,0.040598832,-0.30393565,-0.27768853,-0.46800068,0.09346158,-0.23146147,0.2715247,0.12824862,-0.36615112,-0.062380876,-0.61779773,0.26567915,0.16995592,-0.6206036,-0.1828593,-0.34043694,-0.39533767,0.20123443,-0.21491195,0.51497847,-0.014949338,0.064895816,0.11160959,-0.10671541,0.027629547,0.08820734,0.27449033,-0.517844,0.0015238405,0.09697079,-0.07211825,1.1609555,0.08524152,-0.16544129,0.9312842,0.3239367,-0.32450107,-0.019138552,0.45743263,0.0075513106,0.32178032,0.09640363,-0.46344495,-0.6503301,0.22569716,-0.029226325,-0.15788458,0.48524642,0.29069299,0.3002477,0.07405547,0.35853496,-0.033754107,-0.33825544,-0.14720173,-0.1739439,0.21970196,-0.1505592,-0.5886035,-0.37975138,-0.30598992,-0.27703235,-0.43135083,-0.27982226,-0.10405346,0.18192725,0.07348066,0.033783693,0.11442252,0.0105350865,0.11702137,-0.65884376,0.552326,-0.03839579,0.36798832,0.17572537,-0.105853766,-0.28579363,-0.05912681,0.3526001,0.083315305,-0.054846846,0.013971282,-0.10369879,0.012083817,-0.09380037,0.113732815,0.07241918,0.069194175,-0.14319623,-0.44579688,-0.18593211,0.2690221,-0.13025855,-0.45072198,-0.06222014,-0.6166385,0.40858257,-0.54083425,-0.2708822,0.8676008,0.35438332,-0.2506444,0.4223998,-0.21088175,-0.24568672,0.5918798,-0.3341248,0.008308826,-0.12189639,-0.21980481,0.37435532,-0.6171881,-0.74092543,-8.451103,-0.41183358,-0.51867956,-0.35542628,-0.11485686,-0.3768958,0.25745332,-0.33042604,0.13905114,-0.018889012,-0.17540692,0.0025409937,0.102498636,-0.3134348,-0.24075459,0.4897864,0.6842337,-0.08218975,0.22578257,0.24569577,-0.19551806,-0.31053108,0.16008392,0.10541436,0.21097045,0.16254324,-0.18385574,-0.020750718,0.036046725,-0.47394606,-0.14800298,0.01902801,-0.2202955,1.1231993,0.17392492,-0.37794772,-0.17010729,-0.30296794,-0.15659769,-0.32931128,0.107090294,0.012536866,0.065095,-0.16078594,1.0995635,-0.5405468,0.21298368,0.24555916,-0.39872083,0.13112287,-0.18598624,-0.53458774,-0.1782015,-0.3759454,-0.1279527,-0.41291055,0.04196105,0.94874054,-0.110006705,0.018043341,0.42046174,-0.4235254,-0.008466336,-0.22067288,-0.6432405,-0.29727197,-0.6659028,-0.68821305,-0.074531965,-0.07434928,-0.5135755,0.51142627,-0.025971176,-1.1515665,0.14673406,-0.47113445,0.13183105,0.294931,-0.33116966,-0.09546401,-0.2674563,-0.36846963,0.053884916,-0.13878454,-0.49982673,-0.39872375,0.045808077,-0.23511358,-0.577751,-0.012796747,-0.39771408,0.15434493,0.31603223,0.08599344,0.06842771,-0.11016821,0.72458017,-0.6665489,-0.051158678,0.28318346,0.49342895,-0.16427523,0.38792586,-0.4044937,-0.17519207,0.16920567,-0.3251828,0.00402076,0.28945416,-0.2105847,-0.19887754,-0.047735713,-0.33889472,0.20063275,-0.3450974,-0.21297678,0.37718678,0.20645994,0.20762655,-0.5148938,-0.40059447,0.2646218,-0.3540555,-0.23026884,0.1744324,0.023165883,-0.16924971,0.10439824,-0.53958845,0.16461861,-0.07207796,-0.2513189,0.022474682,0.009596949,0.09509331,0.09582935,-0.08316942,0.004023534,0.46098343,0.20090309,0.083984345,0.37734437,0.4038839,0.03739207,0.12282651,-0.17996606,0.19149159,0.5430376,-0.041539058,0.15467724,-0.09418702,-0.6222149,0.13912758,-0.13422264,0.581763,-0.06649362,0.43067902,-0.121759765,-0.11907472,-0.51154035,0.3690959,-0.49561015,0.081148885,0.4757231,0.11007333,0.027994579,0.07482802,0.45147505,-0.06534789,-0.56097525,0.011662578,0.32029176,-0.10096547,0.21473543,0.34276256,0.13579707,0.3191741,-0.4817529,-0.16371691,0.24177352,-0.024085524,-0.11471937,0.09211982,-0.2378271,0.21484892,-0.4020359,0.18765776,0.3891993,0.564742,0.6788194,-0.23060197,0.6479789,0.05005105,-0.3593496,0.4033018,-0.7491464,0.48599038,-0.41580844,-0.16878998,0.39608452,-0.3090085,0.0019867397,-0.78168297,0.046135508,-0.6086867,-0.07665405,-0.07145771,0.26183385,0.14768301,-0.3767636,-0.5461742,-0.46961486,-0.37775958,0.054531094,-0.26588482,-0.104352385,-0.5424645,-0.18266398,-0.3552382,0.25660986,0.08891644,0.12708068,0.2691162,0.30321085,-0.13209757,0.28002602,0.31810275,-0.31533659,-0.13482188,0.15738706,0.17008822,-0.9081671,-0.108667575,-0.22055386,-0.1835845,0.053036433,-0.80941194,0.115189314,-0.039926328,-0.32850507,-0.48745206,-0.25182843,-0.31853124,-0.3010221,-0.44376683,0.14931445,-0.43588316,-0.038244244,-0.34559467,-0.015038677,0.2218889,-0.5089734,0.03875645,-0.3373816,0.4098896,-0.3103868,0.17657854,-0.13792977,-0.30953643,0.13654983,0.38741285,0.15239108,0.14078018,0.38894984,0.12619348,-0.019452972,-0.31148282,0.009651621,-0.15382269,-0.50981927,-0.49599877,-0.06752239,0.324511,0.50378346,0.22621831,-0.18442875,-0.033957418,-0.32289916,-0.29841694,-0.3391679,-0.29091722,-0.0008563882,0.50394523,0.17223275,0.34317455,-0.26580963,-0.45550492,0.2620675,0.019816738,-0.023353731,0.19880396,0.49747086,-0.4240208,0.17157379,-0.2324058,0.32748696,0.640332,-0.28616634,0.34536675,0.314221,-0.14011599,0.06745307,0.5335997,0.10082748,0.094523944,0.252343,0.06762369,-0.17081663,0.0010557158,-0.20061359,-0.063790366,-0.34364724,0.21099052,0.8502167,0.20664243,-0.3813791,-0.7911033,-0.1706942,-0.5806909,-0.033246737,-0.07620606,0.38720298,0.35914004,-0.045413345,-0.29599908,-0.06820932,0.24019744,-0.12168965,0.41984677,-0.16758917,-0.17241272,0.006998123,-0.26514786,0.33849168,0.17423679,-0.27389777,-0.35506496,-0.24726951,-0.392465,0.07312023,-0.15945324,0.1302869,-0.19833082,0.38233665,-0.15510929,-0.014572313,-0.15128317,-0.07689519,0.14812954,0.089373186,0.26175457,0.19292286,-0.16510686,0.3369545,0.096341535,-0.095196635,0.15408143,-0.18837467,-0.08017166,0.5457729,0.42221105,0.2441983,-0.1236448,-0.72188133,-0.1979353,0.036176804,0.33418524,-0.35360605,0.098396465,0.2528601,0.47120586,0.12087032,-0.009302125,0.13552488,-0.10233775,-0.098624505,0.11817917,-0.12138674,-0.19360496,0.048634056,-0.41439748,-0.043416638,-0.65569955,0.09513164,0.45250738,-0.3889392,0.07030961,-0.14901143,-0.28256124,-0.3772751,-0.4430802,0.44445935,0.086673915,-0.105294816,-0.0032769274,-0.11602072,-0.10832051,0.17210168,0.18399833,-0.2603685,-0.09956301,-0.065203846,0.0143746985,0.086907014,-0.116508015,-0.005953656,-0.082740955,0.46498853,-0.5473169,-0.04933274,0.4099593,0.40379128,0.078701586,0.14242812,0.049894083,0.31547377,0.7654013,0.011706345,-0.41556057,0.16249622,-0.46139148,-0.44847283,0.24882261,-0.0031285868,0.09279971,-0.55870897,-0.24892649,-0.060654026,-0.057697862,0.33042344,-0.30688202,-0.23945865,0.21530357,0.33533442,-0.5239967,-0.3791801,-0.0031491057,0.27812633,0.108222075,0.20396997,-0.33730257,-0.10193184,0.35083562,-0.28754237,0.059996724,0.19621593,0.005575205,-0.059912257,-0.66873723,-0.2859824,-0.3509502,-0.14585558,-0.79527545,-0.29045743,0.18145522,0.12108186,-0.29093847,-0.3496806,-0.1287016,0.32743403,0.13333333333333336,0,0,1,0,0,0,0,1,1,1,1,0,0,1,2,0,0,0,0,0,0,0,1,0.0,0.0,0.0,-0.13333333333333333
0.4790708,0.0856087,0.44545195,-0.3139063,0.096491165,0.10526552,-0.013430469,0.5660201,-0.479045,-0.66934115,-0.004266627,0.1079309,-0.10524997,0.12212648,-0.014672097,0.2600179,0.16808128,0.05676877,-0.3385531,0.09658917,0.3136733,0.4070145,0.1809966,0.060546577,0.15857042,-0.04026721,-0.19488336,0.27585813,-0.3311369,0.061371636,-0.06754739,0.05621322,0.064261384,0.022587514,-0.2687536,-0.21042055,-0.05243965,-0.027069023,-0.07606011,0.30832264,-0.12998113,-0.4062915,0.5245897,0.0030834088,-0.16044487,-0.1509578,-0.32878152,0.16125421,0.61046195,0.40025344,-0.55998707,-0.11398646,-0.13165589,0.33887723,0.11546712,0.46410003,-0.16885138,-0.40061823,-0.23619092,-0.064396426,-0.2435063,-0.7712218,-0.04864033,0.1395397,-0.34011078,-0.1328102,0.076662295,-0.42397848,-0.22841208,0.35265413,0.54133373,-0.04128355,-0.07868395,0.06092975,-0.2103014,-0.020874443,-0.1230282,0.34774902,-0.15237626,-0.77080935,0.055073634,-0.010544908,-0.06613294,-0.05701968,0.09814137,0.066991836,0.34764645,0.32950625,-0.31868634,0.48478994,-0.2651461,-0.05121777,-0.3234523,0.018700449,0.96816564,-0.3223272,-0.25619033,0.005249729,-0.4155823,0.29208264,0.7257991,-0.39529085,0.14939542,-0.36615285,0.05719532,-0.07787823,-0.12808427,-0.55714196,-0.06536432,0.3709153,-0.09795836,-0.07797923,0.0775451,-0.3541856,-0.1269472,-0.4397733,-0.05039811,-0.07902556,0.043471467,0.03405965,-0.3239884,0.15960765,0.016661836,0.010907729,0.06221086,0.17138694,0.3832964,-0.19760127,0.57275575,-0.47261617,0.25100335,-0.045647938,0.27097836,-0.7549738,0.6531535,0.19970702,0.34252024,-0.29343858,-0.6260075,-0.18852425,0.09057662,0.103991,0.38878313,0.37805665,0.15589191,0.2248301,-0.21993273,0.2185443,0.14011957,-0.016918292,-0.26870644,0.07266121,-0.292809,0.08919823,-0.53607386,-0.12859781,-0.4705162,0.320957,-0.0073046596,-0.00448901,0.20519947,-0.23984535,-0.5652237,0.22119027,-0.12747072,0.07171775,-0.12301296,0.28563955,0.12200552,0.0043683546,0.28648603,-0.43849334,-0.13848998,-0.029394591,0.4114704,0.25864956,0.17254995,0.24797432,-0.18370496,0.10361153,-0.5294848,-0.2290866,-0.19588476,-0.32859758,0.08154302,0.18521827,0.1593888,-0.2976506,0.40280512,-0.023494743,-0.5115907,0.24585812,0.24540643,-0.17087811,0.39942375,-0.50019395,-0.27051356,-0.20744991,-0.39099002,-0.10706592,0.28346494,-0.027580805,0.22095399,0.237049,-0.3746828,0.56392497,-0.34362268,-0.27918884,-0.70525926,0.08977833,-0.27445993,0.64273614,0.011591853,0.0020841782,-0.13984248,0.3907644,0.08849832,-0.040698323,-0.3926083,0.06404925,-0.18791951,-0.020561205,-0.10438093,0.23483469,-0.043557648,0.9264371,-0.24712461,-0.3183154,0.42153585,-0.07472948,-0.34420002,-0.42986333,0.430384,0.02376995,0.15424146,0.13787206,-0.0072951238,-0.50866944,0.10041791,-0.22028251,-0.56951565,-0.37143567,0.41344786,0.48156884,-0.20890711,-0.11116463,-0.36510774,-0.18548365,-0.11307714,-0.11085203,-0.25581747,-0.467227,-0.17738175,0.14182337,-0.014519219,-0.6050162,0.08150156,-0.6321847,0.18241088,0.12201464,0.24251139,0.11146587,0.18944347,-0.06981451,-0.36351654,0.03208885,-0.15512772,0.023302106,0.3924817,0.07635734,-0.08990569,0.21197516,-0.05397108,0.46123803,-0.25078055,0.342361,0.4202505,0.10156337,-0.124981254,0.035768185,0.29424885,0.2515189,-0.3004696,0.10300823,-0.19594826,-0.17064136,0.22615741,0.15530454,-0.13924551,-0.084306866,-0.46028915,-0.025979146,-0.022546323,-0.44914332,0.57066476,0.39398944,0.2195136,-0.10261374,-0.18619628,-0.6605809,0.055781085,-0.46526578,0.035500284,-0.37821198,0.003577988,0.43569958,-0.47065797,-0.075695395,-10.045093,-0.25745234,0.004220249,0.11474797,-0.02280716,0.29496077,0.27862003,-0.06401348,-0.09352065,-0.16955054,-0.37776688,0.23611897,-0.13106212,0.16782427,0.049913973,-0.2470482,0.23704873,0.14469787,0.17109728,0.33247694,0.14145209,-0.32210395,0.27103668,-0.23984875,-0.4775776,-0.09272432,0.2606693,-0.021002842,-0.32450256,0.17161433,0.067255944,0.05433247,-0.35989967,0.6868131,-0.0427714,-0.02586987,0.025476411,-0.5054769,0.20706551,-0.09234205,-0.42329505,-0.20602407,-0.26322386,0.031298276,0.5955796,-0.48276922,0.16727747,0.25265163,0.25842354,-0.14212267,-0.13022693,0.062396884,0.35833728,-0.59211016,-0.4276624,-0.02802782,0.40768644,0.91599756,-0.06314454,-0.6645874,0.017616885,-0.58974785,-0.6654212,0.0447436,0.037924137,-0.15491213,-0.36039948,-0.7284179,-0.25739378,-0.054482784,-0.031164506,0.38729742,0.21473499,-1.611564,-0.23066986,0.35013545,-0.17685181,0.26186875,-0.059685726,0.05419752,-0.31090406,-0.61925083,-0.25564417,0.38468388,-0.1704852,-0.18036525,0.22983225,0.08106672,-0.37157178,0.1678663,0.59593713,-0.06727996,0.2192081,0.45168552,-0.015941694,0.27731308,0.23668176,-0.18236639,0.12870352,-0.28937307,-0.14711009,0.4314027,0.5327478,0.07940271,-0.31068036,-0.35699987,-0.079018615,0.17444591,0.23679698,-0.56742275,0.3678081,0.21249199,0.062252898,0.32108024,-0.20632432,-0.2520684,0.037617575,0.42465827,0.09195765,-0.57471,-0.57143867,0.34018567,-0.44107914,-0.42232585,-0.3295946,-0.17381185,-0.1647593,0.12353962,-0.56265527,-0.25837734,-0.2845845,0.16339764,0.060084146,0.19590725,0.21131273,0.032486945,0.034254614,-0.3784851,0.23221189,-0.03857016,0.20004262,0.6569538,0.4860468,0.15105148,-0.546907,0.3210824,-0.5550074,0.58355427,0.1918254,0.17734481,-0.41335344,-0.567568,-0.0897719,-0.03245655,-0.04489592,0.047803733,-0.34055662,-0.34391603,0.20603801,-0.42017338,0.25570768,0.11892757,-0.22896989,0.15607384,0.2836994,0.13890837,-0.07454394,-0.36797664,0.43357924,-0.45141867,-0.2231477,0.3504769,-0.07040113,-0.16492908,0.08969284,-0.09510396,0.0018323126,-0.1789739,0.045677792,0.25695288,0.035508037,-0.053484812,-0.14308096,-0.086942196,0.011621107,0.07539295,0.039122075,-0.24411996,0.31925163,0.48863876,-0.28883564,0.3750809,-0.19612958,-0.8318763,-0.20748878,-0.36380097,0.12321655,-0.31696388,-0.15305814,0.5812841,-0.48450264,0.13197157,-0.068669625,-0.18953133,-0.09844074,-0.024195472,-0.030945959,0.40862688,-0.19455218,-0.013617902,0.020694302,-0.34320804,-0.44418553,-0.48930487,0.25308248,-0.089015715,-0.15582733,-0.31992742,-0.53042537,0.30059952,0.22444999,-0.5549974,0.103824936,0.3196163,0.13293462,0.22165483,-0.2260989,0.030198174,0.0633581,-0.10959607,-0.46229586,-0.69744563,0.18188964,-0.10861563,-0.13708295,0.2082475,0.22497107,0.20190106,-0.34271073,-0.06259499,0.24873768,-0.9655409,-0.5100266,0.00019403252,-0.18788578,0.4634632,-0.15457563,0.28292367,-0.42596754,-0.14851056,0.22736986,-0.13987797,-0.20264708,-0.6692104,0.06839938,-0.28817835,-0.2741312,0.11455336,-0.2817657,0.38051116,-0.5164034,0.007840853,0.13113399,0.11264315,0.15979812,0.22987653,0.12534897,0.23385672,0.123678684,-0.12638848,-0.41704032,0.35433376,-0.26938012,0.1773659,0.09222401,0.40861228,-0.53625286,0.094762415,-0.2358619,-0.80337876,-0.41483006,0.046941925,0.0059372536,-0.30727658,-0.24928904,-0.12147919,-0.17406386,0.16897075,-0.09925782,0.16568066,0.08695661,0.022853903,-0.19570662,0.09402148,0.6784806,0.40626976,0.53711116,-0.19825453,-0.18980817,-0.07297742,-0.0368962,0.17455395,0.40276015,0.005283167,0.52320796,0.04086234,0.33307096,-0.40910342,0.10214897,0.1250674,-0.14414236,0.26213107,0.10962076,0.8768575,0.3704979,-0.1549003,-0.15830718,-0.218093,-0.26728776,0.21559858,-0.16802436,0.35507998,0.25609174,-0.30945408,-0.5744776,0.20081954,-0.0869792,-0.203689,-0.2212094,0.34927765,-0.23133792,0.18786235,-0.15821137,0.32473925,0.107802,-0.007392933,0.26113757,-0.287748,-0.39875603,0.1552278,0.13781033,0.8851171,0.47222638,-0.057913985,-0.10105046,-0.19645065,-0.45021448,0.77422214,0.008645968,-0.2649614,0.050416723,-0.3360764,0.27835,0.19170086,0.34589672,-0.1585167,0.2640231,-0.025975639,0.2070368,0.73654485,0.17140114,0.8632688,0.2661682,-0.77411634,0.1612764,-0.1732129,0.06381931,0.018931495,0.1512987,-0.098375015,0.10325267,0.6836522,-0.0890994,0.23275353,0.4274905,0.27065614,0.026613407,-0.27790383,0.22323386,0.24358167,-0.18487895,-0.16607846,-0.19641256,-0.18832521,-0.21540259,-0.01228213,0.10772901,0.15560788,0.46444905,-0.26641634,-0.5402897,0.04553954,0.2567902,-0.014849939,0.05797422,-0.1137737,-0.1053493,0.044012517,0.33667514,0.0034017842,-0.028174894,-0.30158028,0.115088046,0.2683031,0.0063843853,-0.47868124,-0.18932766,0.095346324,-0.58805805,-0.44294342,0.35298276,-0.04643767,-0.013701168,-0.024660805,-0.24430764,-0.035124213,-0.002601783,-0.3383565,0.17501247,-0.1872614,0.2947117,-0.5020098,0.35633707,0.017991507,-0.06461989,-0.3278151,-0.28907922,-0.034243427,0.086766504,-0.2792321,0.17458661,0.2506366,0.093225,0.02571363,-0.18961388,-0.37809327,-0.19981693,0.0881764,0.26445934,-0.33275893,-0.10212076,0.39216864,0.78841966,0.02557834,0.24965237,0.06676615,-0.010812699,0.18586393,-0.52778256,-0.18956809,-0.2626461,0.0155048445,-0.3051783,0.26615337,0.00023440318,-0.028984614,0.07868272,-0.2903407,0.28469747,-0.32274362,0.65,0,0,0,0,0,0,0,0,0,1,0,1,0,1,1,1,0,0,0,0,0,0,0,0.8,0.0,0.0,0.0
0.22885488,-0.1553604,0.03180284,0.22294122,0.29510564,-0.088305734,-0.1256737,1.0511656,-0.50720036,-0.0044391537,0.6735582,-0.44497317,0.047722273,0.266935,-0.56405044,0.09343165,0.22767062,0.01669293,-0.04668064,0.04948825,0.17733389,-0.011005992,-0.41690505,0.21001245,0.29161566,0.009989174,0.2539996,-0.038213972,0.09929378,0.57796645,0.14123422,0.4256176,0.33050632,-0.25047475,0.22027688,0.092824005,0.10420751,-0.46463194,-0.19574077,0.17169647,0.08818269,-0.36421868,0.236045,-0.36194798,0.35013133,0.33451337,0.36181843,-0.5363147,0.2706763,-0.4054021,-0.3581469,0.057768155,0.26129305,0.010943733,0.094845526,0.83540314,-0.23670611,-0.353263,0.47299835,0.2373184,0.053076528,-0.17433219,-0.12786601,-0.0040023597,0.21866871,0.09464282,0.09867515,-0.20006025,-0.11634829,0.2470972,-0.10031707,-0.412797,0.3230107,-0.37483543,0.08124347,0.26767734,0.24602303,-0.3751775,-0.43939698,0.15857697,0.39761707,0.7008274,-0.17461972,0.45311886,0.751215,0.06903274,-0.5362162,-0.34484512,0.19847548,0.006470838,-0.62336093,-0.37993556,0.08942182,0.18898243,0.54466677,-0.05449193,0.14634976,-0.19151066,0.2891755,0.062890604,0.15043202,-0.41033065,-0.05998044,0.2575461,-0.3966949,-0.014680537,0.19808728,-0.2552774,0.26680273,-0.5217983,-0.2649913,-0.16092676,0.5165053,-0.35531953,-0.23792084,0.2508281,0.37576276,-0.29127958,-0.19263488,-0.07631991,-0.672254,-0.4493277,-0.05710491,-0.06766269,-0.57088834,0.446878,-0.30683896,0.107249744,-0.31460062,-0.011039291,0.2463731,0.11256465,0.16129704,-0.49438056,0.3973668,-0.1610268,0.07122629,0.06722068,-0.48466423,-0.022241531,0.441052,0.4553994,0.08238781,0.36765525,0.02823313,0.23623943,0.112698816,-0.28570232,-0.08974614,-0.14308143,-0.26855037,0.20809092,-0.2768179,0.002863003,-0.12771189,0.25299796,-0.42162532,0.40667656,0.32838073,0.20187642,0.27439237,-0.18895574,0.121254586,0.3522813,-0.20121627,-0.034393787,-0.5469403,-0.077904716,-0.6593672,0.11427634,-0.0662331,-0.1202943,-0.018637067,-0.49157414,0.09202818,-0.24243204,-0.08175046,0.054062985,0.32298303,0.49018455,-0.45198983,-0.37341735,0.05203353,-0.0036748701,0.30450282,0.15180086,-0.11523292,-0.0979768,-0.03103115,0.078016005,0.2715878,-0.21143493,0.007510897,-0.21602549,-0.089166276,-0.32778805,0.060432177,-0.8982256,0.19839267,0.16314663,-0.50851744,0.06450072,0.038554333,-0.25294423,-0.049678255,0.65383685,0.04071505,-0.19475251,0.005661607,0.45347568,-0.3851606,0.7990635,-0.045781292,0.25793865,0.13205658,0.021162095,0.379203,0.018995628,0.36829412,-0.24270803,-0.17314,-0.022416295,-0.54293585,0.37963036,-0.06248455,0.6161171,-0.0078588445,0.0685211,0.18051945,-0.12615733,-0.31041417,0.0057157967,0.42497244,-0.20993683,0.18949166,0.24046703,0.015079931,-0.14255309,0.014886294,-0.14014237,-0.085268885,0.32258683,-0.046592828,0.056093987,-0.11653532,0.025587006,0.4898595,-0.32307956,-0.22583629,-0.8913315,0.36285132,0.007313986,-0.009548861,-0.42676365,-0.23591596,-0.44545686,-0.11800702,-0.121306546,0.3834685,-0.0127149485,0.06294368,0.16913168,-0.27013463,0.26023304,-0.25755566,-0.39184394,0.32031915,-0.03989565,0.23844475,-0.30059883,0.43508565,0.36830956,0.43057445,0.5623953,0.7952342,-0.16110006,-0.3260254,0.40299857,0.33389592,-0.14032911,0.15842484,0.34079513,-0.32453945,-0.068044335,-0.15019375,0.022592433,-0.1292961,0.7847273,0.19827366,-0.15073091,0.44690147,0.014641493,-0.2574897,-0.0063401307,0.33783725,0.26780185,-0.09808479,0.010408621,-0.10871643,0.10383751,0.20792435,0.19998394,-0.33398655,-0.12744595,0.10593957,0.23109953,-0.1423077,-0.78174,-8.83129,-0.15523425,-0.47092506,-0.46881965,0.07046326,-0.3662705,-0.39654514,-0.18696797,-0.13465329,0.08223442,0.116073035,0.012178309,-0.36264533,-0.011652963,0.7405444,-0.47136346,0.29353878,-0.28098345,0.061413717,0.32224992,0.12339183,-0.12980486,0.17352068,-0.08674613,0.06071703,0.15714617,-0.159912,0.012288136,-0.47207987,-0.0891082,-0.033484574,-0.006759597,-0.05421158,0.5354693,0.0820707,0.12779452,-0.19870327,-0.4361894,0.030422185,-0.23072867,-0.051854238,-0.28734964,-0.032486923,0.16652516,0.3094354,0.26363736,0.48909378,-0.047610883,0.15826423,-0.09528741,0.043848787,-0.098245546,0.3765785,-0.5472443,-0.013125224,-0.8198409,0.12099634,0.3819486,0.03626869,-0.7668331,0.15686789,-0.62035894,-0.32199386,-0.61960775,-0.26495636,-0.0197521,-0.5843855,-0.1405649,-0.18819495,0.2885306,-0.42506358,0.19985367,-0.27348417,-1.6174732,0.10668013,0.24765204,0.6285458,0.2086941,-0.07862902,-0.33209252,0.10646885,-0.30495498,0.076851875,-0.06535696,-0.050086193,-0.44197366,0.031908438,-0.37727833,-0.6286593,-0.16256796,0.19725922,0.41493496,0.0794415,0.8485135,0.19663695,-0.3092968,0.0007191753,-0.77991456,0.18994142,-0.22036476,0.0769176,0.07074375,0.008939464,0.40497074,0.034962688,-0.4723369,-0.2847408,-0.15689035,0.32707986,0.53931683,0.036470965,-0.049575247,-0.012760817,-0.14662863,-0.69354826,-0.06254022,0.6900024,0.176914,0.21361074,-0.18650848,-0.26878524,0.23003264,-0.20764576,-0.48944968,-0.08705749,0.01927031,0.43314004,-0.25875986,-0.51834947,0.38481572,-0.0463962,0.07661703,0.19005767,-0.22654185,-0.17686924,-0.18080324,-0.43946075,-0.76455855,0.30358,0.18341203,0.045575228,0.50145113,0.44840106,0.33339745,0.20888785,0.28680623,-0.0380119,0.046502523,-0.26540533,-0.10784731,-0.6730793,-0.21883145,-0.2713394,0.48002297,-0.27714992,0.05568775,0.38045654,-0.8000396,0.0068377815,-0.21164474,-0.033828188,0.21092932,0.37619323,0.47042984,-0.11135758,0.62965184,0.3729966,-0.4513863,0.087556265,0.24668464,-0.42835546,-0.04997148,-0.2478814,0.058767043,0.25280994,0.74970454,-0.4769274,0.30482155,-0.22773887,0.069940805,-0.17901462,0.24688518,-0.38592118,0.1582511,0.17125486,-0.15067078,-0.031673137,0.009437388,-0.57192767,0.5779065,0.02320999,0.048445307,-0.49044678,-0.025206083,0.036674224,-0.2512315,0.06245603,-0.52459794,-0.30831632,0.26340905,-0.45535022,-0.18710715,0.25369707,0.26872557,-0.50192004,0.036122896,-0.07000273,0.72176766,-0.15829898,0.14183794,-0.056471422,-0.123043515,-0.032353595,-0.3966581,-0.37188515,0.525151,-0.0022909127,-0.04937279,-0.23816246,-0.18816637,-0.6725061,-0.050810255,-0.28539026,-0.14608757,-0.4275584,-0.063755326,0.03474487,-0.22874811,-0.47424102,-0.7205957,-0.073653825,-0.7317834,0.16046019,-0.6182188,-0.2421367,-0.5498165,0.32305127,7.870257e-05,0.25581002,0.0132586835,0.14769462,-0.3050807,-0.09721717,0.032551184,0.13335676,-0.12093274,0.00045553892,0.24204808,0.001550973,-0.45334664,-0.39535302,-0.34328392,-0.09395548,0.23420437,-0.039406456,-0.22374639,-0.52740717,-0.11897734,0.2743636,-0.2551417,0.024957042,0.16512208,-0.20624867,-0.13348487,-0.124668226,-0.14206305,-0.07330199,0.15375033,0.13988827,-0.1546421,0.09961296,-0.4476635,0.30358604,0.2310874,0.005350663,-0.29561767,-0.19434215,-0.6872753,0.33656627,-1.007189,0.11238902,0.21786486,-0.0055599795,0.0402901,-0.20398727,0.30941668,-0.39946803,0.19150643,-0.07882267,0.30232733,0.102618486,0.1300773,-0.07976206,0.14773123,-0.19227307,0.21122107,0.69092566,-0.26373705,-0.42900452,0.20830408,-0.36625606,-0.35463098,-0.076003864,0.08763719,-0.30592915,-0.10583731,0.4257532,-0.4123069,0.17621773,0.4235324,-0.09053401,-0.2543086,0.40247795,0.72277623,0.24995796,-0.13841093,0.012228062,-0.019694285,-0.56572133,-0.144928,0.103024475,-0.15111758,0.28363198,-0.15151134,-0.10957104,0.045479175,0.022741081,-0.4871392,-0.3284869,0.007965169,0.1960864,0.0051364643,-0.29801014,0.16732353,-0.08761759,-0.06407288,0.17000498,-0.033335544,-0.17038354,-0.11313942,-0.5852219,-0.3252975,0.12554854,0.52404875,0.68800354,-0.3956486,-0.26761842,0.16694368,0.53421843,-0.76634467,0.37788498,0.38699186,0.56273407,-0.39519176,0.5467641,0.11485143,0.24942848,-0.17078537,0.27647603,0.6760294,0.37992918,-0.123520814,-0.1838139,-0.60806805,0.21098734,0.18398446,0.75116235,-0.44590524,-0.05151996,-0.1175957,0.64985657,-0.24717394,0.34419128,0.2515036,-0.024548823,0.1030611,-0.081397556,-0.28488582,-0.2669853,0.3205866,0.109033115,0.11661863,-0.5185226,-0.49488044,0.56372046,-0.6906599,0.60285765,-0.41575825,-0.05344173,0.29195789,-0.108579084,-0.2725652,0.015439961,-0.310266,0.18642117,-0.29931644,0.035615023,-0.2000683,0.103649415,0.21744952,0.17033583,-0.2841465,-0.11393025,0.18159191,-0.76278913,-0.08405574,-0.020159194,0.21862474,0.050374422,-0.016336419,0.25093403,0.6295518,0.017928833,0.12500496,0.20311125,0.2957772,0.38126862,-0.50443465,-0.3336323,0.04158418,-0.5093761,-0.7524032,-0.048600804,-0.108102195,0.22616191,-0.14401841,-0.34429628,0.17873368,-0.14010789,-0.15003842,0.17907627,0.19159421,0.21145168,-0.12375579,-0.52550054,-0.18792182,-0.409742,-0.2681853,0.56107944,-0.015672714,0.336031,-0.059395682,0.33556166,-0.25911233,0.38026673,0.5051021,-0.05826518,-0.05897617,-0.3291905,-0.74807256,-0.5974115,0.044263326,-0.7552856,-0.34641814,0.3591209,0.11968964,-0.22567642,-0.7414437,-0.0709996,-0.14216882,0.0,0,1,0,0,0,0,0,0,0,0,0,0,1,1,4,0,0,0,0,0,0,0,0,0.0,0.0,0.0,0.0
0.29839084,-0.27141574,0.630945,0.21479237,0.7447592,-0.018664809,0.097861074,0.7314259,-0.3004153,-0.06944965,-0.13564521,-0.01141859,0.12851238,-0.08994728,0.35223252,0.3835911,-0.35594147,0.26550242,-0.09329227,0.21506731,0.15811588,0.044440784,0.082881175,0.05055974,0.6472377,0.24197218,0.13946782,-0.22774732,-0.8621297,-0.5285148,0.39411288,0.39121896,0.46214336,-0.205312,-0.25690156,-0.60859513,-0.19032049,-0.18485962,0.317946,0.5653338,-0.114556074,-0.3223434,0.28752828,-0.37162417,0.05876838,0.37541848,-0.08092869,-0.5999204,0.32515153,-0.2748587,-0.72143286,-0.1584338,-0.025226988,-0.073561065,0.30745,0.261519,0.068578616,-0.31960478,-0.69420886,0.30747038,0.055358004,0.25306058,-0.12053132,0.08279752,-0.34856138,0.05432418,-0.024250753,0.6911765,-0.84530157,0.0010184922,0.038102333,0.26333657,-0.0732219,-0.18037836,0.27783382,0.28260344,-0.626879,0.49898377,0.18153246,-0.15268399,-0.054155193,0.34636322,0.7112226,-0.031012211,0.5784928,0.2294171,0.0011115874,0.11488001,-0.24933338,0.617173,-0.019673515,-0.08463479,0.034661997,-0.16890539,0.65748835,-0.5257274,-0.4886407,-0.30892247,0.21960519,-0.4327616,0.3545848,-0.18509272,-0.055000324,-0.52107257,-0.12860304,0.27344123,-0.5164749,-0.4772982,0.3195859,0.46178642,-0.14970432,0.32441422,0.044970125,-0.40097103,-0.40523097,0.17515348,0.0011546385,0.26201484,0.26830813,-0.27791306,0.051626004,0.658099,0.030410718,0.11331001,0.36494958,0.33952045,0.09227087,-0.27032304,0.11400017,-0.2512144,0.40138596,0.17533155,0.2838427,0.016105568,0.19614436,0.009996737,0.084046796,-0.3357524,-0.3100405,-0.42122573,0.02354279,0.034433223,0.26376897,0.29220378,0.44834235,0.22509493,0.033408772,0.028979776,-0.2521887,0.0017617041,-0.20010096,0.12780845,-0.3332007,0.105756454,-0.44824836,-0.32830003,-0.13381305,0.040656365,-0.037366103,0.053375516,0.5122242,0.22109726,0.184691,-0.079789914,-0.08563614,0.21124329,-0.18966886,0.35060856,0.12355007,-0.7805072,0.029316172,-0.46690482,-0.060671583,0.25150868,0.12839039,0.26466852,0.21246405,0.09274296,-0.16957647,0.24874453,-0.5404579,-0.14948907,0.26551527,-0.18708742,-0.20938921,-0.25571033,0.30520505,-0.7272221,0.82051736,0.23051889,-0.69373167,0.107377365,0.2204183,-0.35502526,0.67794883,-0.5603263,-0.38255024,-0.3882404,0.20718077,-0.20237882,0.6600425,0.16446891,-0.16763873,-0.51004165,-0.62717634,0.3038903,-0.5785753,-0.435633,-0.3041872,-0.25664207,-0.4785881,0.14857101,0.19268432,0.29124856,0.21779387,0.051332615,-0.00065908325,-0.36298352,0.019697469,0.2589921,0.08336966,-0.36397985,0.63809085,0.14474905,-0.35203004,1.0742593,0.004842232,-0.17611797,0.59974897,0.46459216,-0.11765535,-0.16413489,0.08547087,-0.31338102,0.50617576,0.67680305,-0.49420193,-0.6965973,0.20187612,-0.24234764,-0.062383953,0.09684615,0.5501347,0.30304563,0.09115426,0.39624867,-0.38000557,-0.16298306,-0.064820364,-0.13278955,-0.058108658,-0.046831314,-0.5272388,-0.7169121,0.06743867,-0.24792488,-0.11231293,0.09042216,-0.52309036,0.030320285,0.41909096,0.27743113,-0.23398343,-0.22047412,-0.414517,-0.8444288,0.41439477,0.19255972,0.34181905,0.51447755,0.03596656,-0.36049163,-0.080008775,0.8082785,-0.055556856,0.040966913,0.38684422,0.23056437,-0.020942518,-0.046845842,0.08118014,0.043509766,0.008964261,-0.2171126,-0.14772294,-0.15055822,0.55437326,-0.32612118,-0.53700536,-0.084620774,-0.49820408,0.09173946,-0.62894964,0.044340182,1.1390696,0.42109835,0.014338545,0.48114815,-0.2588834,-0.07580516,0.2527269,-0.54058444,0.033365518,-0.2899571,0.111083195,0.15483381,-0.9702077,-0.77255267,-8.253036,-0.19083963,-0.7243689,-0.13083783,-0.12882686,-0.52730054,0.6126877,0.096579134,-0.1428744,0.15694265,-0.031283546,0.23182236,0.37136114,-0.5076438,0.21063906,0.5225377,0.8010195,-0.14902683,-0.40783203,-0.1664183,-0.5748961,-0.5169008,0.14193332,0.17199905,0.30542785,0.20032161,0.112607166,0.20260613,-0.10463153,-0.288871,-0.23273514,-0.35374883,-0.18424784,0.67301446,-0.09661898,-0.76412445,0.16144025,-0.25646383,-0.15238816,-0.1683338,0.15001239,-0.4309874,-0.07546085,-0.108599216,0.629875,-0.23459455,0.14253694,0.09442292,0.07011986,-0.07821876,0.006767467,-0.6399948,0.28539443,-0.3695624,-0.18181765,0.21688183,0.28317648,0.8444173,-0.16505805,-0.23935786,0.20195673,-0.5246446,-0.15188327,0.04736239,-0.28084812,-0.00666486,-1.051034,-0.59279597,-0.27409816,-0.092271574,-0.56594163,0.7686932,0.21449797,-1.093818,-0.10408735,-0.08782908,-0.03263886,0.34120014,-0.6662368,0.5428899,-0.6932148,-0.14157371,-0.057923883,0.1985257,-0.6536409,-0.4429974,0.45909142,-0.5332086,-0.5628558,0.13594954,0.29695264,0.23489815,0.26463613,-0.07528092,-0.08194818,-0.015046429,0.7997243,-0.58090866,-0.18015587,0.5696273,0.65583,0.16805978,0.39295876,-0.44975525,-0.6948853,-0.13385297,-0.8067777,-0.25032222,-0.059400912,-0.030193089,-0.19506018,-0.1485209,-0.35563344,0.01761558,-0.004803283,-0.023914391,-0.034136318,0.033228513,-0.03978268,-0.592077,0.030030098,-0.07640152,-0.07645445,-0.59017324,0.5037458,0.061073,-0.2111994,-0.1746496,-0.22772557,-0.615924,-0.10866231,-0.20854121,-0.16165781,0.23935014,0.20469044,-0.1314755,0.1320126,-0.02380756,-0.23304737,0.22105546,-0.18532564,0.40563798,0.028870242,-0.1468272,0.1349856,-0.08245016,-0.008582396,0.491525,-0.21795486,0.19745253,-0.62070817,-0.7685857,0.09149167,-0.19723247,-0.11284284,0.21371026,0.1451802,-0.29626706,0.0672366,-0.31221873,0.06074226,-0.07339882,-0.056717724,0.618414,-0.11038342,0.24694733,0.14550127,-0.0048306133,0.11528693,-0.11238954,-0.6401405,0.3182045,0.48432812,0.19108997,0.5481602,0.08337509,0.49381417,-0.6222391,0.43272743,0.6583084,0.0074112285,-0.3718898,-0.1771115,0.04711899,0.30815604,-0.34467256,0.03722888,0.36228693,0.4014185,0.13742858,-0.71886194,0.52249765,0.16234882,-0.7849851,0.49344155,-0.68715495,0.26426885,0.06790669,0.049077556,0.27095786,-0.017300837,0.023371875,-0.5686544,0.32473975,-0.6592392,0.23961298,0.24902044,0.11926651,0.12331441,-0.07250092,-0.39878613,-0.56625724,-0.021373322,-0.1649492,0.038812496,-0.012313847,-0.58196473,-0.3044169,-0.67183405,0.59649706,-0.1379813,0.2850242,0.31856677,0.34756392,-0.23725006,0.5310266,0.733096,-0.2545791,-0.379059,-0.060443588,-0.061771702,-0.9256384,0.25516832,-0.1266391,-0.10719018,-0.20572948,-0.3766164,-0.4786844,-0.6028681,-0.4271457,-0.4866746,-0.67039305,-0.15897354,-0.32737747,-0.887216,-0.16280898,-0.10812899,-0.050345767,-0.46473855,0.48645377,0.12026696,-0.37710038,0.24454668,-0.15318689,0.49661118,-0.7853513,-0.2278518,-0.40699673,-0.13199143,0.29448655,-0.11959588,0.52294534,0.2910664,0.4180149,0.11968836,0.20420855,0.3711816,-0.051792607,-0.045917593,-0.44072366,-0.23081034,0.2143849,-0.19432947,0.3676552,-0.13062976,-0.036707044,-0.36186534,-0.40331417,-0.25737518,-0.025043873,-0.7174897,-0.39997977,0.17506725,0.15428658,0.5695924,-0.53301346,-0.3353821,-0.19244324,0.23403217,0.6627372,0.2027629,0.53516626,-0.24274784,0.121239595,-0.3231843,0.1624181,0.56049615,-0.42027488,0.27607885,0.68966746,-0.09832993,0.3143709,0.8696983,0.014331017,-0.07300359,0.51414216,-0.26134908,0.12026327,-0.24384077,0.013855938,0.36805314,-0.19453402,0.7071585,1.0499555,0.021528134,-0.39210486,-0.7858451,-0.18526569,-1.0135734,-0.25218502,-0.39706412,0.41423362,0.5020289,0.032873984,-0.4039946,0.08532728,0.091742545,-0.11891257,0.054931432,-0.08791113,-0.17247777,-0.08388033,-0.11082104,0.3716736,0.19409522,-0.22417818,-0.40562552,0.060315415,-0.21142496,0.19981359,-0.13053693,0.45240542,0.026618106,0.4769568,0.110252574,0.38769054,-0.61012536,0.21269183,0.38165635,0.32965085,0.41701016,-0.092919104,-0.5108107,0.4877442,0.52452374,-0.33578536,0.5850822,0.18257202,-0.06654057,0.17013699,0.161188,0.32341048,0.024134893,-0.6790169,0.021207483,0.06924169,0.66895247,-0.10910607,0.07340911,0.078690425,0.26681522,-0.05268649,-0.18394493,-0.13257708,-0.016011108,-0.16842835,0.290146,0.03211481,-0.44219467,0.35274407,-0.1191323,-0.45857075,-0.4136961,0.17043759,0.2719897,-0.45562732,0.40211654,-0.3283731,0.07714328,-0.7585793,-0.29939103,0.027526824,-0.070653796,0.07968041,0.09292333,0.12235325,-0.2556983,0.10504369,0.5119818,0.06863852,0.09716967,-0.2655695,-0.24380913,0.26348624,-0.00913581,-0.09151891,-0.20214203,0.19418435,-0.6965503,-0.30103818,0.3195648,0.362442,0.01916115,0.45892972,-0.008757555,0.16461875,0.7086071,0.054577436,-0.27533305,-0.47080195,-0.05959037,-0.36685374,0.2995864,-0.10183618,-0.1558368,-0.55948997,-0.38912868,0.17188306,0.005968318,-0.514028,-0.18146002,-0.11429419,0.6987059,-0.13423641,-0.24493748,-0.311638,-0.62130505,0.4818972,0.57654077,-0.13950247,-0.64238185,-0.26351118,0.061924744,0.0019156012,-0.19118647,0.09775912,0.11593322,-0.32353643,-0.9070506,-0.33369544,0.18319342,-0.25625312,-0.43962058,-0.1372152,0.17137697,0.15216921,-0.53931606,-0.07974363,-0.16104782,0.17558138,0.0,0,0,1,0,0,0,0,1,0,1,0,3,0,0,0,1,0,0,0,0,0,0,0,0.4,0.0,0.0,0.0
0.25334212,-0.27191332,0.49722442,0.08257832,0.3773689,-0.108278856,-0.106343515,0.40737003,-0.3513496,-0.07834933,-0.049204044,-0.267067,0.052550364,0.3241386,0.34762928,0.5900772,-0.20512858,0.26211843,0.09900679,0.07585676,0.5293457,0.085485294,-0.12135125,-0.1613391,0.45513067,0.088194415,0.15124258,-0.34494945,-0.5517847,0.0072949785,0.20160368,0.13344225,-0.05639206,0.016983937,-0.28059426,-0.19094753,-0.27202767,-0.120166205,0.29738864,0.4364414,-0.30506873,-0.15270865,0.33042488,0.21954426,-0.3380602,0.17430572,0.021287754,-0.3399324,0.4403001,-0.36251122,-0.75973696,0.24671455,-0.003229293,-0.68888444,6.951213e-05,0.39182484,0.6896534,-0.5154717,-0.5767791,-0.020612119,-0.26531914,-0.12148487,-0.09126252,-0.010750904,-0.30572337,-0.26759472,0.122622214,0.65130323,-1.0408585,0.1671032,0.13435146,0.12422627,0.2154652,0.38741982,-0.48627144,0.036416285,-0.3838487,1.0029254,0.3937864,-0.5374706,0.020374918,-0.207172,0.51699954,0.11359376,0.39352146,0.21661331,0.14494377,-0.19016592,-0.86121017,1.0377872,-0.02008948,0.31279683,-0.106227905,0.08255004,0.5275733,-0.5894938,-0.35128844,-0.13710089,-0.65817815,-0.24880312,0.8976043,-0.4747272,0.37902015,-0.21408068,-0.17164153,-0.0004985946,-0.40043733,-0.2637189,0.23381634,0.03278668,0.15554316,0.20960999,0.057109464,-0.63662076,-0.07083502,0.12804353,-0.2988894,0.35422269,0.41539782,-0.101752415,0.24349289,0.46167663,-0.069717616,0.21534812,0.55904824,0.118614845,0.0876252,-0.21135023,0.117405884,0.26201415,0.64632744,0.3344649,0.093996696,-0.3509605,0.26265347,0.0033679304,-0.0720518,0.03302057,0.039644636,0.040332057,0.043787356,-0.3761663,0.3627272,-0.15139933,0.6363154,-0.18843631,-0.066655755,-0.20514897,-0.18806021,0.21593702,-0.42292744,-0.22517022,-0.29374078,0.0753341,0.2074369,-0.32666552,-0.4780998,-0.018222775,0.22287975,0.048390746,0.06174943,0.27156937,0.039052334,0.0077116555,-0.101062395,0.17837322,0.011962085,0.20130305,-0.22504082,-0.06126288,0.17178848,-0.6094121,0.7172937,-0.04213859,0.313444,0.5343138,0.16308667,-0.46802044,-0.060553025,0.9691323,-0.43598855,-0.38708124,0.4070599,-0.3309242,0.3438552,-0.40774035,0.734521,-0.67904145,0.65807456,0.41841182,-0.28302005,-0.21131657,-0.14007853,-0.34261924,0.27201962,-0.11218455,0.0034031712,-0.20276283,0.29301795,-0.6712563,0.10323764,-0.02581381,0.20250042,-0.40600985,-0.33852893,0.3440158,-0.28055087,-0.2592393,-0.7149395,-0.4340361,-0.23350942,0.4659362,-0.40354297,0.08125522,0.11883797,0.24988112,-0.036168367,0.010758895,-0.082899734,0.30484253,0.113199346,-0.31003353,-0.12467721,0.03724506,0.15305318,1.4473475,0.25554717,-0.71285146,0.49165925,0.3472879,-0.17690228,-0.118922986,0.36755845,-0.45737493,0.2863643,0.044888154,-0.35300463,-0.46080506,0.004093138,0.048774254,-0.501458,0.1794371,0.17494044,-0.0037042254,-0.19544096,0.109560356,0.18773405,-0.32336932,-0.30000478,-0.09022548,-0.026449604,0.078427136,-0.4106813,-0.2062119,0.021754598,-0.34504262,-0.05213088,-0.38212276,-0.30496716,0.20254537,0.28389147,-0.028066056,0.2422603,-0.21592513,0.37867618,-0.5141515,-0.089848205,-0.061994962,0.7505354,0.30943397,-0.10665601,-0.022978133,0.13913904,0.72753435,-0.12094761,-0.60324657,0.1626988,-0.015906787,0.13584058,-0.15653677,0.0038942974,0.50647277,-0.26406407,-0.21155804,-0.26918647,-0.42461658,0.68292046,0.113289244,0.014690168,-0.067942224,-0.39770034,-0.16494024,-0.38570744,-0.1422561,0.8689794,0.501428,-0.024102192,0.39971197,-0.48218825,-0.10619337,0.11967544,0.12518463,0.1981663,-0.37138307,-0.20595975,0.15601279,-0.4940153,-0.33686498,-9.688219,-0.5658287,0.0032714703,-0.25191635,-0.21647997,-0.21304098,0.07708789,-0.04434088,-0.11198888,0.10101013,-0.11276111,-0.11192418,-0.12509562,-0.18885788,-0.3068028,-0.0024729592,0.6638777,0.36550784,-0.21139856,0.5205819,-0.3663064,-0.2015289,0.052445203,0.13523999,0.4345793,0.08851126,-0.20202889,0.11544405,0.1329682,-0.3034049,-0.2728265,0.2805571,-0.07610936,1.2073361,-0.34734067,-0.16322163,0.09372702,-0.4862305,-0.2706485,0.1342588,0.017830085,-0.1250959,-0.5645287,0.1074227,1.0368984,-0.71672845,-0.3022808,0.2801114,0.023370158,-0.19963367,-0.03940142,-0.4246403,-0.109220095,-0.5640178,-0.17012256,0.019874223,0.032750756,0.8900751,-0.18712673,-0.30649415,0.80649644,-0.19907469,-0.00775776,-0.20440951,-0.34115273,-0.35080087,-0.8579597,-0.48572966,-0.4163814,-0.17046049,-0.34153202,0.5595458,0.015830165,-1.1473118,-0.17271231,-0.09296799,0.36649844,0.15911175,-0.4604112,-0.46813107,-0.8515287,-0.9051321,-0.012770279,-0.1563883,-0.3837537,-0.94754785,-0.089537516,-0.57929,-0.5307289,0.14001638,-0.21570934,-0.092171915,0.4444927,0.05275496,0.10561292,-0.16267233,0.6156191,-0.08738457,-0.12314193,0.3727208,0.26044542,-0.02331923,0.573171,-0.21832071,-0.60512215,0.23607643,-0.17425565,0.3038381,0.07828635,-0.24415307,0.054120593,0.13519919,-0.36711445,0.1059993,-0.13180375,-0.33259866,-0.08429838,0.42640644,-0.1280497,-0.6703522,-0.26975057,0.049092434,-0.39187434,-0.47316483,0.14979056,-0.0017080668,0.07063125,-0.08703912,-0.17798115,-0.3882262,0.02914455,0.15296733,0.20084411,-0.14940514,0.19356467,-0.28080985,-0.15836075,-0.5729384,-0.35225517,0.17115809,0.15921016,0.18824786,0.28661788,-0.08450179,0.1938376,0.26299298,0.05260371,0.30993724,0.070221744,0.05240273,-0.54479647,-0.73240304,0.12912862,-0.40169808,0.16191776,0.075177126,0.59492564,0.09919525,-0.29575434,-0.41926783,0.35039285,-0.0630701,-0.21992272,0.17655718,-0.3355518,0.056981936,0.15403889,0.16014421,0.13250925,-0.40858737,-0.19206329,0.43420807,-0.012934351,-0.23518915,-0.06714396,0.13587102,0.44632465,-0.2942557,-0.2998115,0.6123227,0.042608738,0.48348328,0.076159485,-0.20012493,0.37831265,0.09813173,0.2460295,0.6852724,0.5430599,0.50086147,-0.8308648,0.6455429,0.17888075,-0.3814904,0.1052506,-0.44630396,0.72085035,0.26118043,-0.116264336,-0.027706733,-0.34831554,0.080641374,-0.5914687,0.2554149,-0.019659206,-0.09353481,0.07203657,0.39426297,0.61351293,0.19184466,-0.24375355,-0.6893272,-0.6314141,-0.48179576,0.61734176,-0.22849664,-0.5962723,-0.42884913,-0.8097961,0.27978477,-0.3030573,0.07511421,-0.077829175,0.021942802,-0.14951657,-0.054965086,0.12093996,-0.15513937,-0.10789201,-0.32076684,0.14478858,-1.3980453,0.14870419,0.15304284,-0.1917921,-0.027584126,-0.20714222,-0.1995061,-0.10302393,-0.18731901,-0.38654244,-0.67759967,-0.0087531805,-0.7704676,-0.5064905,0.13365196,-0.31660226,0.373876,-0.1387253,-0.1983337,0.41489258,-0.20770495,-0.4211052,-0.41095418,0.3289881,-0.25789058,-0.09043807,-0.29378808,-0.3130807,0.25348315,-0.060486536,0.18799311,0.12377587,0.25743836,0.1424011,0.13825633,0.29905903,-0.061688937,0.05537403,-0.6333025,-0.3568294,-0.14176233,-0.0059936987,0.27226603,-0.30608237,-0.14533,-0.51565015,-0.57256144,0.01788259,-0.2360151,-0.35902655,0.19438984,0.46135512,0.27143523,0.4860363,-0.29742292,-0.29576984,0.050328735,0.29860407,0.014470417,0.33823678,0.77331185,-0.47244754,0.22639106,-0.0633879,0.582417,0.5481373,-0.15267949,-0.2741111,0.1263999,-0.1575446,-0.07796865,0.7413439,0.23210104,0.22672959,0.25039357,0.018251097,-0.08921025,-0.31292367,-0.4280568,-0.4765419,-0.115231685,0.48950562,0.5899961,0.14288825,-0.33284816,-0.7247873,-0.27566105,-0.33968163,0.18895774,-0.23512004,0.24189867,0.73703504,0.098195516,0.15992793,0.03513503,-0.039875545,-0.28795043,0.11536891,0.25065663,-0.4062194,0.57437706,0.009479093,0.43859518,0.16624595,-0.56411994,-0.10967592,-0.0794152,-0.39079335,0.08741678,0.3584383,0.5139106,0.0063996683,0.28129628,-0.08755476,-0.18124524,-0.33904475,0.50450575,0.25267312,0.64975095,-0.05563436,0.17981644,0.019532107,0.20562443,0.3699717,0.012953524,0.10465258,0.3147446,0.095404156,0.31071958,-0.016441412,0.4163843,0.42483762,-0.6578714,-0.14197262,0.11476507,-0.12243081,0.3735284,0.09882178,0.16373247,0.21333908,-0.03276043,0.18270163,-0.26681173,-0.1656755,-0.15661466,-0.15948063,-0.3031479,-0.07492588,0.31938353,-0.24293217,0.20212016,-0.46410537,0.10207472,0.12160274,-0.3776408,-0.2790982,0.10962568,-0.13441502,-0.46224776,-0.27802983,0.4115492,0.21039882,-0.14173143,-0.10883632,-0.46036598,0.2035475,0.17863,0.33131385,0.364061,0.1481603,-0.009201627,-0.43758115,0.11997084,-0.07296161,-0.18604508,-0.64331484,0.11048538,-0.3168173,-0.004214905,0.4718625,0.11945761,-0.08254714,0.5246764,-0.051554438,-0.012722199,0.57864326,-0.12678337,-0.13488421,0.0033204425,-0.2931903,-0.5092878,0.0675271,0.20720999,0.14875723,-0.48408496,-0.15156099,-0.02854555,-0.023008324,-0.34088433,-0.5684279,0.417972,0.4265077,-0.00751682,-0.8296313,-0.2945019,0.116648346,0.16926567,-0.10404218,0.051396295,-0.14913629,0.32194588,0.18202743,-0.4076223,-0.08052595,0.4729133,0.2600618,-0.25224116,-0.55681044,-0.20253925,-0.42447686,0.0491783,-0.27315837,-0.7971852,0.19766732,0.11991187,-0.47057667,-0.38917175,0.09121046,0.35593915,0.0,0,0,1,0,0,0,0,0,0,0,0,0,0,0,1,0,0,0,0,0,0,0,0,0.0,0.0,0.0,0.0
-0.27267492,-0.5369615,0.48108995,0.048729558,0.19514175,-0.53240687,-0.4696262,0.36697045,0.096491575,0.0018360808,-0.026525302,-0.015466007,-0.054781545,-0.14047852,-0.09524264,-0.049625874,-0.1428382,0.24202846,0.0360203,-0.045101885,-0.03470938,0.271869,-0.26170588,0.2960104,0.52703214,-0.0038772684,0.35912186,-0.057006024,-0.36613494,0.45006597,0.0668333,0.15855317,0.21337044,-0.4497656,0.606814,0.25447923,-0.15334691,-0.089146115,-0.3846735,0.057378218,-0.36238635,-0.0049181157,0.20266342,0.32153398,-0.22309789,0.079360574,0.3211545,-0.3651942,0.112401485,-0.65146226,-0.97475153,0.57670367,-0.31668264,-0.40074262,0.24865013,0.13649046,0.36484516,-0.77551544,-0.31115648,0.16987996,-0.041414034,-0.59414315,-0.29496562,-0.14600381,-0.13241464,-0.4256604,-0.08701927,-0.013127824,-0.7053057,-0.068798535,0.20878956,-0.16909842,-0.21365786,0.07944873,-0.21801575,-0.0409472,-0.22742403,0.6204397,-0.30824012,-0.18954365,-0.25869718,0.4056485,0.3225313,-0.040037613,-0.19535398,-0.117648736,0.40738815,0.04734488,-0.025569104,1.0417894,-0.21867043,-0.4208268,0.24161613,0.0217352,0.3726696,-0.28783998,0.051060654,0.4171404,-0.28102067,-0.3609823,0.60252744,-0.5877315,-0.53803664,-0.35131797,-0.25546178,-0.30764094,-0.35790038,-0.1135303,-0.21079046,-0.035707116,0.12026741,0.40397462,0.09786657,-0.69300634,-0.09605935,-0.07259763,-0.68006104,0.23894665,0.20147446,-0.30017945,0.2060416,0.39176562,-0.27222705,0.19486429,-0.08022913,-0.29128936,0.39446038,0.21714713,0.26824376,-0.19544327,0.31680354,0.2861769,0.010630357,-0.7621152,0.18607111,0.6444887,-0.14880815,0.25375468,0.41828254,-0.44307938,-0.3521783,-0.33162385,0.57441676,-0.004192133,0.46487075,0.100284904,0.623757,-0.30365136,-0.5400669,0.21200229,-0.5714071,-0.0010957727,-0.3754486,0.4199226,-0.29931185,-0.33148345,-0.0078875115,0.34966347,-0.09634812,0.10648282,0.2004355,-0.19507286,-0.30220056,-0.14658123,0.2430997,0.21998371,0.0147961,0.038053323,-0.239492,0.37087342,0.035454556,-0.32023308,0.6665457,-0.35586414,0.6279896,0.12526508,-0.05507517,-0.058603454,0.17972219,0.4737937,-0.38910225,0.1338325,0.48520896,-0.12196786,-0.2372184,-0.37448442,-0.5318188,-0.45413074,0.34432048,-0.31066808,-0.23503694,0.096422955,0.044492245,-0.49499243,-0.36796987,-0.55532,0.53114456,-0.29032075,-0.17553039,-0.46794724,0.27192515,0.38747442,-0.40879157,0.17564009,0.04791731,0.23300768,-0.06759158,-0.15071799,-0.57612824,0.089745596,0.5928182,0.3857174,0.0047936277,-0.4318465,0.32685527,0.14320415,0.10234015,-0.05907815,-0.16742459,0.18868937,0.48138943,-0.18837117,0.15137227,0.30580598,-0.2580122,1.0564326,0.00865024,-0.59580237,0.45999995,0.13564046,-0.10361507,0.01726792,0.13381806,0.045010887,0.121652536,-0.058911916,-0.78164923,-0.78733724,0.17507643,0.040015806,0.049476705,0.41066128,-0.21715285,0.4838561,0.19369113,0.08157147,0.05856933,-0.2499477,-0.43402982,-0.08667078,-0.58889323,0.12464119,-0.45942837,-0.22301723,0.0019553034,-0.7525833,-0.4270111,-0.36478198,-0.20409857,-0.5727274,0.36788875,0.43731433,0.13980798,-0.053217918,0.2622038,-0.36040768,0.072453454,-0.264061,0.45135337,0.30034366,0.061643567,0.018166222,-0.44498992,0.26198316,-0.43211487,-0.2154894,0.26702785,-0.104144335,-0.09670751,-0.14508754,0.37038195,0.23297353,-0.35097262,-0.2770733,-0.46553764,0.24349527,0.24386966,0.13214321,-0.19606677,-0.047384173,-0.8803378,-0.21239355,0.097758286,-0.3737196,0.44836354,0.31388223,0.015810745,0.45096406,-0.42964944,-0.2788591,-0.40125182,-0.41830376,0.64793336,0.13787207,-0.078775026,0.16301893,0.018736381,-0.4972745,-9.471487,-0.19733605,-0.33290777,-0.27977931,0.1858923,-0.039308146,-0.03417961,0.1651946,0.054237403,0.014157927,0.12871934,0.033947837,0.124046154,0.2225617,0.1352826,0.12603489,0.5287413,0.09215027,0.30851144,-0.45627612,0.26850668,-0.5226479,-0.13131426,0.33534986,0.25026447,0.29337332,-0.04643534,-0.02652627,-0.15335506,-0.43089235,0.13649836,-0.07061564,0.036267713,1.0329292,-0.47645423,-0.17322902,-0.44043496,-0.09069399,-0.040181704,0.08152893,0.11721325,0.67087835,-0.3791526,0.16005412,0.5483147,-0.39019364,0.22224386,0.41984063,-0.14790097,-0.074270375,-0.025821663,0.18622212,-0.1190971,-0.2953935,-0.018008767,0.49026164,-0.14775744,0.6304853,0.011209806,0.3673517,0.13241822,-0.15530764,-0.30265984,0.24582821,-0.31360543,-0.18269409,-0.43746093,-0.41777164,0.28128996,-0.36729226,-0.20100585,0.5435082,0.34258184,-1.5457335,-0.06770091,-0.27307302,0.4046051,0.4831102,0.19137432,-0.6241479,-0.3381743,-0.44712582,-0.082983665,-0.34102273,-0.14206198,-0.35502446,0.17241552,0.15652971,-0.3284302,-0.40615645,-0.08594127,-0.040384755,0.45222515,-0.039078325,-0.3430101,-0.73741823,0.25128213,-0.4998163,-0.4412657,0.24642442,-0.045397926,0.14178383,-0.04376417,0.099081375,-0.4612002,0.20993224,-0.019858753,0.028056536,0.2693498,-0.18508096,0.4137823,-0.22757553,0.029919427,-0.3558377,-0.2081305,0.0015394684,-0.1720833,0.17949122,-0.05819041,-0.4232239,0.35966504,-0.04970082,-0.0855442,-0.7437084,-0.043632615,-0.32688764,-0.38438797,0.041695867,-0.2819943,-0.2819052,-0.12473403,0.15087286,-0.62878513,0.3608938,0.13512212,-0.37097177,-0.06488908,-0.23748507,0.03510628,-0.12116831,0.058704007,0.39005727,0.43956918,0.15853615,-0.29790154,0.056398273,0.23711318,0.7321824,0.27644795,0.14299673,-0.4346846,-0.20756109,-0.1771517,-0.14692421,-0.5035815,0.20765783,0.24449895,-0.1615533,0.018454233,-0.7140281,0.23629504,-0.05727776,-0.0767513,0.29725498,0.39787567,0.49237096,-0.25032765,0.10794208,-0.010724921,-0.053191952,-0.5103428,-0.0454723,0.4442414,-0.17712653,0.50863063,0.37733415,0.24508421,-0.31826976,0.112477675,0.09085788,0.40923855,-0.06729674,-0.2322861,0.16788585,0.48314327,-0.16446863,0.009374869,0.31282005,0.060752034,-0.18490589,-0.69702756,0.42263612,0.10373627,-0.33040756,0.08162458,-0.38498738,0.2371953,-0.25618786,-0.38399082,0.10477202,-0.060622517,-0.26454967,-0.50979495,-0.0846917,0.009265162,0.2352619,-0.04604948,0.28058922,0.02934495,0.21833085,-0.71157926,-0.41944766,-0.35552067,0.22320463,0.5238344,0.10135583,-0.24385643,-0.39713264,-0.5736057,0.5168062,0.21669179,-0.12836145,0.14746194,0.25898355,0.05247308,0.20563598,-0.05987121,0.15813613,-0.40201005,0.07690376,-0.59450185,-1.9995178,0.20214795,-0.06173913,-0.08669474,-0.017629923,-0.045662373,-0.3155369,-0.37000722,-0.30282104,-0.2902133,-0.12954918,0.014497983,-0.49119046,-0.52110094,0.22158042,-0.13933702,0.16112104,-0.39310685,0.10733335,0.51515615,-0.20958775,-0.47800013,0.026626887,-0.15463471,-0.3608811,-0.3276262,-0.6318419,-0.44151726,0.27681327,-0.1868496,-0.29222146,0.06857345,0.09487235,0.6108116,0.3756768,0.07450755,-0.20051695,0.1653565,-0.58371854,0.11046403,-0.184341,0.033136815,0.14509803,0.22492094,-0.25090742,-0.24068817,-0.8653012,-0.3607066,-0.084655836,-0.4333365,-0.088411324,0.010166056,0.14191216,0.144969,-0.36631146,-0.57766885,-0.021054786,-0.10092391,0.075567275,0.2541642,-0.028404055,-0.19402137,-0.116432965,-0.12128708,0.50262064,0.5236873,-0.56176627,-0.16491228,0.38451156,0.31523937,0.38933784,0.5520995,0.19457503,-0.24067743,0.5277908,-0.23567876,-0.3125179,0.38344356,-0.6609204,0.26429367,0.092527464,0.42845374,0.7401278,0.08422463,-0.00848625,-0.7455883,0.012419632,-0.117538236,0.4392952,0.16514832,0.579119,0.20586394,-0.46411464,0.0972579,0.012969634,-0.17214507,-0.35537088,0.8062231,0.41840553,-0.21351807,0.07192173,-0.05788114,0.24013261,-0.29137847,-0.25385806,0.2632493,-0.47899094,-0.10063651,0.3151743,0.54769117,0.0062244167,0.06347056,0.32951632,-0.16012287,-0.039001327,-0.0032534904,0.37181595,0.338827,0.93962485,0.043220364,-0.5394389,0.078154586,0.09120263,0.19394961,0.15387084,-0.34374082,0.6398745,0.5820505,0.34866196,0.1557675,0.606315,0.50615937,-1.2030993,0.1271834,-0.35829937,0.18944281,0.12410494,0.11189801,0.25190985,0.33983395,0.21407707,0.5107103,-0.3197267,0.4160031,0.2795592,-0.09097925,-0.32385457,-0.07036978,0.3764079,-0.44659603,-0.26096064,-0.16842918,0.59168684,-0.24056284,-0.1387305,-0.0466715,-0.21759588,0.122209266,-0.58472043,-0.4482803,0.28693634,0.30417174,-0.02318938,-0.20650756,-0.3146274,0.39367482,-0.6423504,0.2877011,0.21839051,0.31674144,-0.21704946,-0.055471458,0.44554216,0.22039093,-0.1971003,-0.08364517,0.7757531,-0.5785229,-0.52936774,0.65963507,0.7509455,0.16701151,0.32684302,0.44480723,0.105380796,-0.41749042,-0.26558697,-0.12657437,0.09343639,-0.15164314,-0.8062471,0.35294953,-0.25591964,0.11140314,-0.29506505,-0.039027363,0.042118803,0.3049664,-0.1982965,-0.1372987,0.10384522,0.32126918,0.22136272,-0.5552589,-0.22614102,0.13347171,-0.10302802,-0.16320932,0.29308587,-0.13258958,0.36914375,0.4927992,-0.36198384,-0.02675904,-0.044361092,0.7293527,-0.4505183,-0.25535992,0.06008712,-0.5646398,-0.3256649,0.41145584,0.27704486,0.44605285,-0.016398437,-0.037659183,-0.7943041,0.24486572,0.04611724,0.0,0,0,1,0,0,0,0,0,0,0,0,0,0,0,1,0,0,0,0,0,0,0,0,0.0,0.0,0.0,0.0
0.53339183,0.11799322,0.73623407,0.042607524,0.41696042,-0.22224277,-0.19310136,0.5137123,-0.4755238,-0.31817847,-0.17214182,-0.11912035,-0.005243548,0.3608173,0.3611206,0.716654,-0.48116273,0.38864744,0.09046044,0.23640223,0.657427,0.040730625,-0.04394308,-0.044897594,0.1787413,-0.023680178,-0.09540081,-0.37536073,-0.4639019,-0.021317033,0.15786517,0.26751345,0.21438971,-0.04466527,-0.2625621,-0.30228835,-0.32391742,-0.20308197,0.31693402,0.18242003,-0.0877647,-0.20436622,0.50014865,0.07547105,-0.4209287,0.07636562,0.044944726,-0.3191763,-0.018928764,-0.22703248,-0.5652327,0.272915,-0.13030244,-0.3308095,0.004916464,0.4324357,0.5546688,-0.42600042,-0.6112765,0.18122917,-0.16577072,-0.40036407,0.010332973,0.07415626,-0.22251451,-0.34562373,0.025628095,0.6021254,-0.898068,-0.0330627,0.27469873,0.18905203,-0.0817362,0.53783554,-0.18176466,-0.10403459,-0.14896105,0.4978691,0.33971313,-0.081630975,0.085259505,0.14740166,0.7654924,0.31430212,0.39758304,0.28451166,-0.005151693,-0.080774,-0.6790162,0.7374859,-0.033874184,0.20868517,-0.14079373,-0.10948828,0.6247724,-0.6412244,-0.535134,-0.5402451,-0.1837062,0.15095873,0.74089676,-0.48527154,0.13101171,-0.37495738,-0.2534548,0.24285816,-0.1787519,-0.33131114,0.13943207,0.21561775,-0.095432475,0.11443147,0.41938746,-0.3719413,0.07162831,-0.014162911,-0.18747357,0.92168206,0.29492226,-0.18196553,-0.1793619,0.4766203,0.12441969,0.28923854,0.4235543,0.20069052,-0.2916741,-0.31384546,0.052612294,0.35449895,0.092853926,0.38873482,0.008378166,-0.5565295,0.23965694,-0.20245703,-0.011160369,0.15078773,0.03493808,-0.17613956,0.06601635,-0.09737651,0.05189551,0.30081296,0.28673562,-0.130114,0.08781569,-0.3312058,-0.16282973,0.38174316,-0.4185877,-0.011775732,-0.30164775,-0.058770124,0.16169569,-0.26370978,-0.29539505,-0.21534163,0.4252708,0.08455623,0.10062412,0.17241435,0.09397752,-0.13455327,-0.041154347,0.12045268,-0.0412713,0.05888473,-0.3232156,0.015194566,0.027870316,-0.5128175,0.09140981,0.09953717,0.47438726,0.4657339,0.2301949,-0.5275194,-0.14064316,0.76060176,-0.40437058,-0.19167769,0.44463742,-0.65383166,-0.10836407,-0.15836155,0.70680463,-0.34903803,0.9243237,0.28127515,-0.52218384,0.107345514,0.34032086,-0.2656456,0.7658225,-0.48369017,0.0473037,-0.16056542,0.55805725,-0.299268,0.25226527,0.2763066,0.14056824,-0.1813035,-0.7159928,0.38253853,-0.13241461,-0.18313937,-0.41754,0.11581942,-0.2945439,0.47286138,-0.1112835,0.33041918,-0.013055133,0.22339867,0.26186374,-0.2697283,0.07599502,0.2455456,-0.055863477,-0.37918717,-0.062324706,-0.19036067,-0.37211037,1.2366785,0.25622398,-0.632583,0.4593643,-0.07457836,-0.034760293,0.07046521,0.23184706,-0.47342297,0.3718827,0.24856548,-0.21782324,-0.4640839,-0.33724606,0.0072180326,-0.43863502,0.00063377,0.39515877,0.09744688,-0.2643611,0.13275114,-0.054561757,-0.2518696,-0.12258113,-0.14394994,-0.14552593,-0.28926098,-0.29116336,-0.26876134,0.11607099,-0.33102477,0.18673354,-0.24013036,-0.5336442,0.15724602,0.30932117,-0.061349716,-0.112078466,0.05150809,0.32052636,-0.5240635,0.07390984,0.064625144,0.416649,0.4625639,-0.06932261,0.03545849,0.18632932,0.83455133,0.24547896,-0.54718965,0.26214868,0.23282461,0.35649118,0.009231815,0.050181035,0.51980215,0.23450762,0.0018773035,-0.21517742,-0.5201621,0.27149588,0.16464737,-0.112544425,0.2485216,-0.16036476,-0.12847906,-0.18883121,-0.41506585,0.86481035,0.3232411,0.060502637,0.11650191,-0.6556612,-0.12258631,-0.010425886,0.27759957,0.091840684,-0.3484835,-0.32507777,0.26050502,-0.531833,-0.4425666,-11.131457,-0.20553601,-0.2773427,-0.48396546,-0.121684514,-0.40357912,0.2257982,0.18547104,-0.3276704,-0.2860808,-0.24329872,0.032821532,-0.10338233,-0.43344733,-0.35736138,0.27543357,0.71136546,0.31901115,-0.33392876,0.5655909,-0.49674085,0.032442912,0.25418776,0.20716959,0.5743363,0.031764522,-0.18079412,-0.021268303,-0.2321281,-0.1685934,0.018093763,0.122844905,-0.24574117,1.0894202,-0.2899831,-0.3196714,0.21347828,-0.5883009,-0.31418508,-0.5448559,0.31311646,-0.29214936,-0.43451473,0.09765949,0.6655979,-0.67897034,-0.1621803,0.521782,0.028838472,0.18874508,-0.11946978,-0.25059062,-0.009182554,-0.7475468,-0.09058643,0.11421794,0.24335116,1.153102,-0.16151203,-0.2752472,0.62605226,-0.12988538,-0.16282207,0.13095385,-0.40858856,-0.25009865,-0.8135537,-0.10577348,-0.5279638,-0.12399898,-0.27860776,0.30597514,-0.14519927,-1.1763117,0.0703684,0.10130194,0.27065268,0.18647557,-0.16711411,-0.26905656,-1.144709,-0.276127,-0.017618213,0.0016412506,-0.41017616,-0.34534907,-0.25574312,-0.638975,-0.36962602,0.4498491,0.014636248,-0.15942578,0.3161731,0.17119338,0.1163949,-0.244639,0.5147944,-0.18737957,0.021182513,0.32537675,0.25983086,0.18505085,0.456026,-0.5121108,-0.3758065,-0.037109848,-0.07040699,0.33868542,-0.13230154,-0.2592325,-0.04271168,0.35738418,-0.41083145,-0.14194664,-0.43462124,-0.24043746,0.20009547,0.45500514,-0.3349808,-0.28145146,-0.45724607,0.06963998,-0.54742926,-0.5108017,0.039939832,0.18124558,-0.015299164,-0.34029046,-0.17170332,-0.1539739,0.01997578,-0.1643982,0.03278363,-0.23245974,0.14673215,-0.3074519,0.036850777,-0.4917879,-0.17516784,0.04176631,0.13819267,0.14942543,-0.031501666,0.15905763,0.17865549,0.020417536,0.0069551957,0.36288074,0.04292038,0.41759086,-0.7991612,-0.9969735,0.0556526,-0.105499305,0.18228579,-0.03656044,0.5127938,-0.16843201,-0.37175724,-0.6477582,0.46376792,-0.2129973,-0.3094656,0.24148327,-0.0755079,-0.014521581,0.049636282,0.3171932,0.039903365,-0.8118283,-0.19534086,0.3700281,0.121773995,-0.016630376,0.034746837,0.12728804,0.4623529,-0.15664966,-0.13155442,0.5424877,0.16693485,0.36628568,-0.04832341,-0.25414395,0.39858124,-0.09199402,0.08240383,0.281929,0.4737146,0.48612225,-0.5630923,0.46326473,-0.089579046,-0.5743282,0.27261642,-0.59011316,0.65703577,-0.18115681,0.146061,0.3900235,-0.60404474,-0.07344154,-0.8496916,-0.012614081,0.011934854,0.34026214,0.18763217,0.39609015,0.5530753,-0.14489822,0.23296677,-0.5303773,-0.4132174,-0.3411502,0.20065661,-0.015900653,-0.19129294,-0.5898573,-0.6141648,0.17223077,-0.44623125,-0.1585782,0.16698372,-0.096702635,-0.091389395,0.11545798,0.2644837,-0.17487743,0.26528895,-0.05340975,0.068527,-1.6983181,0.36343312,0.05420569,-0.06810535,0.28743124,-0.5895665,0.09591808,0.23746075,-0.042017594,-0.5101927,-0.5648198,-0.28626698,-0.7096464,0.13234565,0.07300373,-0.27371675,0.046635166,0.041678444,-0.085421436,0.61143565,-0.41507968,-0.14701886,-0.5194163,0.19261862,-0.4730794,-0.25220296,-0.21376628,-0.22969864,0.067283206,-0.18352313,0.29597902,-0.053884417,0.120126456,0.18901382,0.27538255,-0.011281755,-0.032169875,0.07107847,-0.59305793,-0.5787966,0.2127379,0.015086719,0.17653355,-0.32555935,-0.17813995,-0.5818784,-0.26616636,-0.29556647,-0.04348838,-0.6446263,-0.29260403,0.4136349,0.21240813,0.2955902,-0.102666,-0.29028216,0.027871225,-0.047702223,0.29334816,0.41138703,0.53548074,-0.33853397,-0.05057052,-0.04382738,0.6124798,0.55137944,-0.40471685,0.12802006,0.087222405,-0.04375381,-0.058849595,0.6212774,0.10598524,0.08180071,0.31865326,-0.004280558,-0.08828409,-0.3387281,-0.23673438,-0.685307,-0.34247312,0.4352129,0.5747592,-0.24816301,-0.46020603,-0.42671078,-0.18708698,-0.15843885,0.13702229,-0.27583468,0.35251918,0.6198175,-0.09308114,0.17788553,0.21320519,0.11631997,0.008568086,0.22141606,0.08463063,-0.42025906,0.34450492,0.013355634,0.55647063,0.16131702,-0.39508244,-0.08596522,-0.044451512,-0.18201086,0.21890068,0.18412755,0.29110375,-0.28455296,0.01284596,0.01865917,0.28188887,-0.27060947,0.08045277,0.16109486,0.22044125,-0.08173502,0.10135232,0.030149117,-0.0839968,0.44406873,0.112573974,0.12353205,0.09547928,0.15992707,0.4704094,0.28457925,0.41239774,0.037114218,-0.21007314,-0.21006845,0.059899654,0.33495295,0.22033921,0.022600878,0.27605063,0.031112986,-0.08248097,0.032914348,0.08582765,-0.61052084,-0.09354822,-0.074353,0.07547391,-0.2980348,0.013206855,-0.42377055,-0.0726668,-0.19687715,-0.09350776,0.5505872,-0.5682312,-0.002018881,0.15805395,-0.36766288,-0.2575682,0.051530026,0.2759031,0.24858467,-0.30701682,0.20309134,-0.15534712,-0.019172143,0.1839422,0.28051585,0.32802185,0.16693713,-0.050687484,-0.094858095,-0.0017236638,0.029036004,-0.08495187,-0.43674344,0.038519725,-0.51631314,0.26098895,-0.075794205,0.06303129,-0.023058414,0.37474495,-0.30931944,-0.19966882,0.4281083,-0.3982987,-0.30239865,-0.047604993,-0.21882461,-0.17610112,-0.11015868,-0.028185688,0.07297861,-0.43274292,-0.6942913,-0.11818961,-0.18666409,0.0038843642,-0.2001325,0.5002676,0.3796378,0.014206821,-0.8571639,-0.47625005,0.19441211,0.22725509,0.09967398,0.34488565,-0.13657373,0.07101932,-0.17203392,-0.17103468,-0.08860681,0.17401756,0.09139803,0.06360428,-0.79719895,-0.6055033,-0.35547215,-0.12887605,-0.36630437,-0.38784045,0.06463272,0.18743844,-0.14974634,-0.45279267,0.13961525,-0.04763253,0.0,0,0,1,0,0,0,0,0,0,0,0,0,0,0,0,0,0,0,0,0,0,0,0,0.0,0.0,0.0,0.0
0.02906464,-0.31878448,0.32232636,-0.0149797555,0.11202826,-0.27142328,-0.32340074,0.8473677,-0.49354458,0.08363598,0.028144794,-0.64595747,-0.13852468,0.33785865,0.071409814,0.30495203,-0.31634235,0.12505896,-0.004656677,0.13981265,0.2080768,0.41652492,-0.3455109,0.108875655,0.037284233,-0.03247796,-0.17288047,-0.045188233,-0.33000252,0.16199379,0.14136183,0.36477077,-0.09130815,-0.43231457,-0.28471622,-0.05954753,-0.042717043,0.3352716,-0.24458662,0.10066074,-0.37248448,-0.029188477,0.38704625,0.13029158,-0.2585623,-0.30973524,-0.047560085,-0.5260606,-0.08929398,-0.6342908,-0.22840412,-0.15050514,-0.38363072,-0.14033878,0.23573455,0.84748095,0.054052606,-0.114029646,-0.24269806,0.1298744,-0.12561238,0.08681045,0.008907517,-0.33237565,0.23569807,0.19941413,0.027453834,0.06000807,-0.48746765,0.561294,0.24368797,-0.27469385,0.18685709,0.120216206,-0.05448431,-0.29970098,0.21312203,0.57728803,-0.2828708,0.26832944,-0.40037405,0.5027779,-0.004095023,0.3879655,0.46535942,-0.08680154,-0.5119854,-0.29360297,0.2265694,0.7155623,-0.58825845,0.020958565,-0.065362856,0.020969909,0.1829743,-0.2700826,-0.37798205,-0.29235122,0.16245311,0.114998125,0.011923497,-0.03800142,-0.22129698,-0.088488236,0.27610734,0.021672616,0.008982185,0.034037486,0.24235488,-0.2227376,-0.03247349,-0.27365226,0.34297606,0.1407465,0.112097695,-0.25384614,0.008337576,-0.118810385,0.25474203,-0.082532756,-0.29915252,-0.228892,0.11525891,0.12522982,0.2795717,0.357833,0.008375962,-0.24037233,0.022638902,-0.03439342,0.3827492,0.26119566,0.04651299,-0.61206275,-0.15647323,-0.03106262,0.27633193,0.24067605,-0.42913875,-0.46228588,0.06530476,-0.17683928,0.052380834,-0.058761083,-0.04748499,-0.13700943,-0.24559715,-0.5763241,0.06770143,0.0071449894,-0.0949121,0.0107332375,-0.38897145,-0.21365958,0.16956116,-0.6420722,-0.35027555,-0.029022142,0.42002246,0.577911,0.33786172,-0.4808622,-0.12298339,-0.020752164,-0.06140007,-0.100129575,-0.305284,-0.09205913,-0.42939496,0.059711266,-0.44276425,0.22760448,0.39220595,-0.15315668,0.48168126,0.17314617,0.04574139,0.3546421,0.18989284,0.33612305,-0.43754074,-0.0035016653,0.39719,-0.032228924,0.47417888,0.0095368335,0.56977737,-0.2083824,0.16361861,0.08477597,0.29952332,0.15962306,0.30729678,-0.32196304,0.22846207,-0.20966175,0.024537016,-0.39737892,0.25733653,-0.0013973129,0.14693056,0.103514984,0.18256693,-0.22424741,-0.22632872,0.9142912,0.19744194,0.020607099,-0.044980973,0.31640744,0.117875904,0.33073932,-0.24273424,-0.15128753,0.4227223,0.23597296,-0.0050922865,-0.032089256,-0.2039632,-0.13283168,0.0073953704,-0.03617038,0.27081957,0.04937899,-0.15779063,0.7927946,0.120399415,-0.35830158,0.6324418,0.04848411,-0.16336256,-0.32067105,0.6636518,-0.01488862,-0.10672507,-0.040919576,-0.29598826,-0.53991914,0.15151581,0.49561873,-0.33656275,-0.0141973365,-0.12662865,0.2379905,-0.57956576,0.3298633,-0.4135475,-0.7919947,-0.32065734,-0.25837657,-0.19542849,-0.33183444,-0.3259251,-0.44529122,0.16527109,-0.19889545,-0.095775396,-0.38742542,-0.52450675,-0.33442584,0.047525167,0.09049511,-0.37275124,0.058878355,0.055689644,-0.35748956,-0.08190547,0.36400205,0.41429865,-0.046102893,0.016520103,0.23601614,-0.2276731,0.539613,0.24942045,-0.30024415,-0.14023301,0.21968168,0.17048997,-0.36675334,0.0865676,0.33371413,0.31691065,0.3809701,-0.40391162,-0.26882496,0.09766893,0.5002692,-0.2771516,-0.65327907,0.06466037,-0.008016896,-0.51963854,-0.25070962,0.64162606,-0.15119797,-0.16393118,0.20859501,-0.19338225,-0.40571353,0.514063,0.44354573,-0.09054223,0.10887207,0.381487,-0.113974616,-0.34906608,-0.37935162,-10.0437355,-0.0015110031,-0.004708417,-0.5712323,0.10148276,-0.42364937,0.5248372,-0.09653683,-0.39894986,-0.24312977,0.021039538,-0.49538815,-0.06663748,-0.27480423,-0.04127438,-0.10885887,-0.20954877,-0.3672883,-0.21409953,0.11739469,-0.20795406,-0.14442,0.5671776,0.08656005,0.058332138,0.4464584,-0.087412156,0.11859811,-0.08463476,-0.17270376,-0.8472227,0.45550498,-0.60538816,1.0124158,0.25025946,-0.07301679,0.055122584,-0.30855742,0.19058308,-0.44883364,0.22796705,-0.40722272,-0.09909347,0.09445941,0.86859953,-0.3356691,-0.032004997,0.10715165,-0.0958829,-0.13581866,-0.43264678,-0.15836802,-0.05908898,-0.31256476,0.3476123,-0.110344976,0.18030255,0.93453336,-0.1936428,-0.8595145,0.040421877,-0.36398724,-0.10075602,-0.06345937,-0.21318401,-0.5307855,-0.531795,0.2823,0.6478918,-0.17648052,0.027567444,0.25177228,0.08989945,-1.564022,-0.19446139,0.4937197,-0.15117429,0.58645666,0.052630935,-0.36970654,-0.016076986,-0.42928708,-0.08925994,0.35196647,-0.8465914,-0.41539705,-0.10087798,-0.05577399,-0.46472073,-0.38408202,-0.27607888,0.65488935,0.104601316,0.27554438,0.101329304,-0.42584455,0.53781134,-0.14370866,-0.26189005,0.11182505,0.5342956,-0.4142902,-0.1228942,0.23926249,-0.163674,-0.3743668,0.08548193,0.2188169,-0.44702625,0.21775663,-0.102829315,-0.1124956,-0.35079944,-0.37209186,-0.06763483,-0.07817127,0.29993486,0.12633774,-0.11326565,-0.56788814,-0.45514566,0.34923708,-0.45191097,-0.683193,-0.34863073,-0.10130611,-0.049334954,-0.37014538,-0.16348687,0.16155115,0.029998913,-0.11914997,0.15252657,-0.39028442,-0.17100307,-0.08761978,-0.15881792,0.13702579,0.09674642,0.33612356,-0.17040785,0.38042754,0.6284224,0.29384324,-0.3453042,0.31979504,0.14402774,0.2484124,0.32435128,0.09517064,-0.3680492,-0.5787718,0.16880144,-0.3684514,0.11481527,-0.18602066,0.5366526,-0.5194812,-0.3161849,-0.3539936,0.72231364,-0.19192524,0.16633879,0.58556837,0.41068694,0.11698322,-0.06654657,0.14162143,-0.27482805,0.014748495,-0.29065675,0.5526407,0.19416013,0.3077716,0.24366692,0.5063288,0.001578366,-0.3279095,0.03185956,-0.10609479,-0.15626472,0.20015593,-0.3084458,-0.25637773,0.26187038,-0.3520899,0.19193153,0.025378782,0.07275066,0.3825941,-0.17419462,0.5413875,0.09490685,-0.62945384,-0.10419131,-0.95702636,0.15781435,-0.063861325,-0.20898312,0.4612119,-0.17368712,-0.37431857,-0.3166431,0.43019807,-0.47027275,0.24187829,-0.1711743,0.24769177,0.338,-0.013521541,-0.53463197,-0.12316204,-0.078195244,-0.3600059,-0.2983661,-0.25319317,-0.03493494,0.44452336,-0.6298513,0.11295843,-0.08016597,-0.29661793,-0.026310919,0.37001428,-0.15432598,0.148042,0.5617632,-0.1057225,-0.35650823,0.3586439,-0.2047736,-0.8085433,0.6394322,-0.2019146,-0.32912257,-0.14398956,-0.04970147,0.3948153,-0.06642499,-0.14390694,-0.059129443,-0.37399212,0.18636002,-0.46962634,-0.18990573,-0.11740439,0.17070784,0.15096597,-0.33908713,-0.07303939,0.34196773,-0.45765886,-0.19536187,-0.28763613,0.0678365,-0.32153785,-0.07700001,0.27948803,0.01253506,-0.26211524,-0.22261497,0.17388295,0.06672605,-0.22601701,-0.12997088,0.14033836,-0.08804884,0.22606945,0.025309892,-0.026914544,0.06777599,-0.04201008,0.31053853,0.41569698,0.114723355,-0.42370334,-0.1512887,-0.26507837,0.038144063,-0.6413065,0.115375966,0.049901947,0.2086083,-0.2105897,0.19306114,-0.4480869,-0.21301366,-0.025939627,-0.14189562,0.11631182,0.008172816,0.27262473,0.096774474,0.25283757,-0.17218494,0.28913903,0.534131,-0.6577442,0.40042892,0.30569053,-0.16019046,-0.86796653,-0.016894113,0.32015055,0.19378981,0.14705105,0.100912094,-0.27172685,0.22444874,-0.24674624,-0.40009087,-0.14932358,0.16891432,0.55085397,0.48401734,-0.43731385,0.069480136,0.04576262,-0.5045622,0.09057349,-0.09624218,-0.013763975,0.46259284,0.06834756,0.53761125,0.13574074,-0.057044987,-0.55240464,0.0075708465,-0.12441561,-0.25602835,0.7211477,-0.29820958,0.07149826,0.23891532,-0.0190666,-0.1979168,-0.40963557,0.20694467,0.5292899,-0.30270228,-0.04666019,0.1175767,0.40450618,-0.0626474,0.09275194,-0.025852742,0.15769462,0.47736755,0.5491316,0.25865138,0.2228874,0.013501414,0.0021472955,0.6049877,-0.28870964,-0.29427272,0.14034177,-0.036500126,0.41359034,0.7473735,0.01692487,-0.04278635,-0.7176004,-0.2808936,0.28914943,0.19992916,-0.051030174,-0.06799745,-0.01601375,0.24618739,0.01666852,0.44691017,0.4004749,-0.17018119,0.34126952,-0.117132194,0.3866253,-0.393357,0.1117394,0.3491869,0.115316145,-0.5036047,-0.019768495,0.22496292,-0.46833774,-0.09382981,0.053471595,-0.25210723,-0.18017621,-0.26175115,0.055213388,-0.24979733,-0.2947217,0.41328648,-0.1871725,-0.49891776,0.08273936,0.33132225,-0.17629927,-0.09843791,-0.21462746,-0.23817056,-0.09451881,0.019872187,-0.07844329,-0.27293223,0.19648647,-0.026449844,0.3139367,-0.11252481,0.42474246,-0.10479763,0.31480458,-0.2361017,0.011519804,0.45368013,0.06449923,-0.17765325,0.24002054,-0.40526658,-0.5016733,-0.14345872,-0.27121225,-0.049739227,-0.3809551,-0.4285447,0.37778324,0.07449427,0.24377395,-0.02491035,0.2624371,0.18234892,-0.3162208,-0.28499177,0.012297613,-0.32693708,-0.06610752,0.39624107,0.3355354,-0.26616046,-0.21228205,0.3555981,-0.039501753,0.26020205,0.02128056,0.3214178,-0.28502032,-0.28277767,-0.038604524,-0.50571513,-0.3355457,-0.011163354,0.14921588,0.04653977,0.054668803,-0.3394217,-0.08018838,0.40253288,0.017349195,0.0,0,0,1,0,0,0,0,0,0,0,0,0,0,0,1,0,0,0,0,0,0,0,0,0.0,0.0,0.0,0.0
0.23015125,-0.1725479,0.59395564,0.00924478,0.48816255,-0.5719447,-0.05591476,0.5038649,-0.17683956,0.07581804,-0.34699345,-0.01911841,0.09390296,0.13312562,0.19432384,0.51367605,-0.29725206,0.22850621,-0.07483097,0.18754238,0.48842323,-0.027773809,-0.1441918,-0.04191312,0.2372109,0.14602858,0.3180344,-0.43702683,-0.91508543,-0.13030976,0.3629107,0.3490456,0.28864625,-0.33327812,-0.08466173,-0.4713257,-0.16054894,-0.4043635,0.21705633,0.45506015,0.02921744,-0.17054302,0.40200397,0.09849283,-0.07934018,0.121564955,-0.19684708,-0.43016112,0.11439573,-0.22375984,-0.9088414,0.025005693,0.16902499,0.043052465,0.4455377,0.30909705,0.26133233,-0.45884925,-0.23589122,0.012137098,-0.15042844,0.26891872,-0.13895151,-0.159234,-0.14453329,0.038574383,0.1320943,0.49973574,-0.9682074,0.2220323,0.08901283,-0.045931168,-0.164252,0.24974011,0.33546078,0.31907883,0.05272569,0.6199168,0.26538306,-0.03104989,0.16303258,0.5418215,0.3835653,0.28564337,0.41494125,0.3823229,0.016438836,-0.107565135,-0.55632603,0.5880656,-0.24848564,-0.053750344,0.12947296,-0.23707671,0.78312516,-0.48650524,-0.36128026,-0.54117024,-0.22168046,-0.052302513,0.50946695,-0.1455865,-0.16846362,0.0072759963,-0.2190127,-0.0761485,-0.68250555,-0.38771975,-0.14454994,0.5035755,-0.16532642,0.29339957,-0.015276004,-0.47490954,-0.18160424,-0.009635208,0.04574502,0.23950773,0.21086925,0.2595471,0.06510325,0.5284498,0.10944601,0.16430536,0.2982107,-0.059846234,-0.10895231,-0.08488454,0.07282793,0.24149917,0.87130094,0.49735394,0.3714428,-0.35601807,0.021967525,0.15772066,-0.22479221,-0.41934153,-0.058863185,-0.12853532,0.07031293,-0.25636813,-0.008166301,0.032017242,0.25344032,0.3060437,-0.09171648,-0.27858266,-0.56432647,0.34763104,-0.4638239,-0.069212236,-0.17347588,0.14765921,0.10863073,-0.015665978,-0.0401871,0.08886486,0.22517174,-0.010431103,0.07409336,0.31637034,-0.25412634,-0.039311495,0.13093634,0.036835205,-0.23414218,0.40728584,-0.031522464,-0.05807684,-0.06589526,-0.37180918,-0.031971365,-0.06385227,0.31576902,0.29381853,0.14194286,-0.07338955,0.6166569,0.5362748,-0.60277593,-0.30093047,0.33552057,-0.47004172,-0.14135471,0.01981937,0.61005235,-0.4474878,0.30246437,0.09182796,-0.4196188,0.17351797,0.30912995,-0.48171782,0.05499804,-0.21384344,-0.32367584,-0.5490434,0.1001213,-0.22382891,0.35345897,0.044635825,-0.3029992,-0.08372968,-0.6705328,0.24355158,0.16032682,-0.6359312,-0.18483841,-0.22497475,-0.4132937,0.19233848,-0.274782,0.45600855,0.008469435,0.15430497,0.09198477,-0.06405033,0.10436075,0.088485695,0.112031735,-0.407521,-0.065717906,0.25012454,0.021898676,1.2041923,0.037167042,-0.14165774,0.9334621,0.33488026,-0.3788818,0.009865451,0.46538144,-0.12977019,0.36382875,0.10904963,-0.5241652,-0.73492,0.28891414,-0.05699486,-0.093157865,0.45664552,0.31469458,0.24759449,0.07322256,0.3002599,-0.15129913,-0.3270766,-0.14573747,-0.15280539,0.21499777,-0.085326195,-0.63545936,-0.40853727,-0.34809697,-0.16596964,-0.4805707,-0.29184103,-0.1595716,0.19979505,0.049995746,-0.02020393,0.07695202,0.04991899,0.0006646898,-0.6125542,0.39645654,0.08209102,0.39852992,0.2058767,-0.13969862,-0.21207345,-0.18967281,0.4019878,0.13215113,-0.08491207,-0.029006345,-0.054676685,0.049158998,0.007374717,0.21090227,0.12907264,0.14404649,-0.14254683,-0.4563037,-0.1869917,0.24829522,-0.06800392,-0.4555863,0.022653956,-0.5322746,0.46281722,-0.5486846,-0.15642004,0.90495133,0.38693714,-0.25161716,0.26313025,-0.10450417,-0.1266685,0.58119535,-0.28364754,0.016277784,-0.10541755,-0.39867657,0.40978524,-0.65240693,-0.72372985,-8.367673,-0.48302355,-0.48692653,-0.35854676,-0.114641435,-0.34755397,0.28955933,-0.37090632,0.09370241,-0.035193644,-0.18032221,-0.03336753,0.17994443,-0.31177312,-0.2809732,0.50369644,0.60912067,-0.1282877,0.22136316,0.20446484,-0.13508683,-0.14782496,0.2396057,0.08554933,0.24001577,0.14345172,-0.24406387,-0.027107272,0.02422049,-0.41418523,-0.19263573,-0.0001216089,-0.28930134,1.1126906,0.1983768,-0.4120899,-0.17798544,-0.35255405,-0.21389656,-0.2218529,0.11581483,-0.08838561,0.11470491,-0.06642921,1.0783256,-0.52663475,0.25278813,0.18113975,-0.31623375,0.14933388,-0.29062226,-0.46784532,-0.12595628,-0.3454765,-0.19727226,-0.31458485,0.048574522,1.0647254,-0.1425085,0.059813146,0.51103735,-0.44742003,0.043054584,-0.2839242,-0.69056624,-0.26968995,-0.67612016,-0.611194,-0.12116214,-0.072145596,-0.5814314,0.52603126,0.051584505,-1.1063124,0.11389656,-0.40016913,0.12791497,0.3164772,-0.23268718,-0.11093125,-0.23988213,-0.3014238,0.011156407,-0.16526327,-0.42723358,-0.33576995,0.016685322,-0.30440673,-0.48096177,-0.08617385,-0.2683056,0.21798985,0.24473138,0.047702692,0.07437873,-0.07631121,0.66986775,-0.59932154,0.0145183215,0.2653655,0.55008966,-0.19088307,0.41662553,-0.439487,-0.21401665,0.18135846,-0.23704644,-0.055469953,0.24928318,-0.25975466,-0.16862223,-0.08910272,-0.39080033,0.18646331,-0.29920685,-0.14591835,0.39520404,0.20921767,0.16939431,-0.63873965,-0.49327415,0.25868788,-0.26287776,-0.25254592,0.12369343,0.07519738,-0.12234209,-0.07304797,-0.5328844,0.1495106,-0.09851215,-0.28783056,-0.09958624,0.07898707,0.17703322,0.074033186,-0.07117919,-0.121527635,0.45535076,0.19037096,0.009933289,0.31935698,0.3772603,0.020005845,0.17976232,-0.12179587,0.3997899,0.5309753,0.013006351,0.1086189,-0.11657477,-0.5112168,0.1438908,-0.11827778,0.3440673,-0.008292753,0.5180691,-0.015713181,-0.12108838,-0.52271646,0.38860148,-0.37263432,-0.030959819,0.41223332,0.09632248,-0.0008640638,-0.0069034183,0.40853053,-0.016645748,-0.58082956,-0.008749153,0.29329455,-0.23144758,0.1595601,0.3189583,0.27811462,0.24128337,-0.45141685,-0.21592057,0.30369586,-0.050992202,-0.19952549,-0.0030783976,-0.29461837,0.20319372,-0.33633816,0.13861875,0.24741541,0.5211564,0.62143034,-0.22979642,0.6758189,-0.010650659,-0.37627807,0.3914037,-0.7745369,0.43883142,-0.45464694,-0.13679717,0.27333596,-0.283849,0.0891017,-0.7568861,0.053868413,-0.596931,-0.018191598,-0.028892184,0.23524252,0.28984246,-0.3905281,-0.49281588,-0.5779021,-0.3507204,0.009582997,-0.10231264,-0.01720453,-0.5745758,-0.042843863,-0.40357253,0.2719053,0.06861628,0.23954725,0.26207736,0.3196957,-0.22214428,0.28082716,0.32832077,-0.3656025,-0.09995671,0.0885468,0.14167985,-1.0144478,-0.12211459,-0.18834265,-0.24423945,0.052844316,-1.0146301,0.2037664,-0.06903266,-0.30303013,-0.52519125,-0.24429199,-0.38331926,-0.32750705,-0.43120885,0.107495435,-0.3055358,-0.08518341,-0.32582,-0.106777705,0.22487846,-0.5223167,0.096490815,-0.3715516,0.36215523,-0.36657223,0.1162513,-0.15313523,-0.34165215,-0.012609198,0.33498245,0.2320714,0.19128467,0.31545407,0.08175106,-0.12881371,-0.23037404,-0.04930142,-0.120530404,-0.55373144,-0.528269,-0.09352654,0.34157062,0.503082,0.31185496,-0.23756982,-0.10169091,-0.28632155,-0.23944795,-0.2884374,-0.3704538,-0.004218857,0.36391816,0.08347797,0.34101853,-0.3656567,-0.40183198,0.2724137,0.023277402,-0.0089390995,0.27701312,0.49416736,-0.47697353,0.20678934,-0.2488876,0.2881692,0.59662706,-0.33215988,0.33464286,0.35998616,-0.10072656,0.14073873,0.5757736,0.06326053,0.05226696,0.17920256,0.020898694,-0.19720152,-0.013888989,-0.18940496,-0.18188736,-0.38566327,0.2665085,0.8854768,0.09542739,-0.39415634,-0.7384865,-0.17992783,-0.63909686,-0.053568516,-0.052275073,0.522635,0.4526136,-0.07922688,-0.20026316,-0.15768892,0.21377032,-0.15469584,0.45749205,-0.22588617,-0.27864915,0.05653014,-0.27491128,0.33936682,0.17023258,-0.16111396,-0.3019126,-0.15851693,-0.32643428,0.07295618,-0.21178143,0.06824477,-0.29055703,0.35646912,-0.20342132,0.04961099,-0.2023097,-0.022111934,0.10784477,0.049905643,0.22425891,0.21677208,-0.18976976,0.32847375,0.093302734,0.015700124,0.143412,-0.11930677,-0.008786865,0.55545735,0.36519492,0.19874121,-0.12380158,-0.58239233,-0.14005838,0.080081046,0.267152,-0.3408662,0.06311088,0.2563673,0.48171237,0.19876753,0.032318503,0.069824226,-0.09986302,-0.11253494,0.18768068,-0.12320832,-0.13368581,0.026204754,-0.40101627,-0.09253086,-0.69056624,0.110380456,0.43763217,-0.33412293,0.11261316,-0.13224386,-0.25180036,-0.51496863,-0.50358796,0.39874715,0.11549494,-0.14739476,0.019539885,-0.13487291,-0.051569227,0.17634752,0.08920053,-0.21631303,-0.049041748,-0.11574884,-0.025710875,0.16994523,-0.14999105,0.015400932,-0.09473543,0.4764867,-0.5816576,0.08982624,0.36077365,0.4847512,0.07576011,0.07851714,0.0059952815,0.28193673,0.7627566,-0.09449918,-0.43462887,0.20732601,-0.35916778,-0.43369973,0.22984472,-0.034074284,0.032584626,-0.562625,-0.24598247,-0.034981288,-0.098312646,0.30416214,-0.21667965,-0.2008852,0.17519985,0.40005764,-0.56212837,-0.41310078,0.015584989,0.3234366,0.086230405,0.3134668,-0.31559697,-0.027408216,0.2780659,-0.20592771,0.029395504,0.1541937,-0.08228601,-0.05359224,-0.6513451,-0.13278492,-0.27008864,-0.101630576,-0.830025,-0.40318504,0.19182569,0.21023534,-0.3464653,-0.3447811,-0.12443276,0.29698145,0.13333333333333336,0,0,1,0,0,0,0,1,1,1,1,0,0,1,2,0,0,0,0,0,0,0,1,0.0,0.0,0.0,-0.13333333333333333
0.1268211,-0.018402997,0.6672523,-0.041069742,0.5759263,-0.3237484,0.1617765,0.52886325,-0.5093952,-0.16120753,0.04365716,-0.09769893,-0.19506814,0.45954964,0.1516786,0.53997195,-0.26361892,0.27559024,0.035973214,-0.09031649,0.3316438,-0.14296442,-0.3238784,-0.23320861,0.081879914,0.23129158,-0.06670107,-0.12544511,-0.55727124,0.010741575,-0.064328186,0.22071622,0.14290829,-0.050368175,-0.6287115,0.0023591602,0.004116251,0.02817732,-0.18153423,0.27256107,-0.3620912,-0.24145494,0.19645986,0.29576623,-0.15268679,-0.03226869,-0.23900762,-0.29128265,0.19783325,-0.3093641,-0.33870032,0.22801197,-0.17596062,-0.4373737,-0.16957404,0.446782,0.92641866,-0.6844458,-0.21153687,0.019799544,-0.1483284,-0.33498237,-0.03424599,0.0080391755,-0.073789366,-0.10180501,-0.030238526,0.49937448,-0.8064128,0.20373076,0.15588985,-0.053759918,0.32684386,0.21518794,-0.2586865,0.2545535,-0.1164934,0.6369792,0.23209257,-0.2038115,-0.18083233,-0.07300032,0.35195744,0.10318822,0.2161064,0.017251654,-0.32779056,-0.05729977,-0.34006256,0.78543884,-0.26213354,-0.110789396,-0.22021264,0.24149916,0.63302964,-0.5971987,-0.63301665,-0.04432329,-0.32393193,0.06352605,0.27553844,-0.53003967,0.21199723,0.0097406665,-0.17926177,-0.10726302,-0.45586622,-0.04725826,0.42471054,0.08550965,0.12513469,0.28268647,-0.08341345,-0.19946322,-0.21642666,0.20853862,-0.39852527,0.19422409,0.3668247,-0.0027698122,-0.13355052,0.67706674,0.13659592,0.1470367,0.5034186,0.15032253,-0.40885812,0.059853338,0.26168668,0.2640404,0.5130541,0.26213595,0.32155114,-0.1664486,0.19087864,0.09405279,0.054570056,0.099617384,0.09419837,-0.058814753,0.24674422,0.16888691,0.15467182,-0.08223592,0.44048366,-0.0022916934,0.0395636,-0.16950054,-0.17398325,0.08878357,-0.245325,0.09791216,-0.5941809,0.035533592,0.031246968,0.13327207,-0.49536353,-0.31192762,0.026944721,0.2536384,0.040025163,0.2548238,-0.29379585,-0.119398855,-0.0701059,-0.2701236,0.16462952,0.21818872,0.04641428,-0.21335518,-0.03270143,-0.8007688,0.28879195,0.30460048,0.43949234,0.46040586,0.33893502,-0.40416524,-0.027294284,0.65110564,-0.3878225,-0.10975109,0.015917612,-0.27096853,-0.15090857,-0.025132,0.8992865,-0.14840133,0.6069801,0.17432949,-0.39691412,-0.13806823,-0.14373231,-0.22555445,0.51700705,-0.16720143,-0.31695062,0.00069009484,0.2235365,-0.12082076,0.17109768,0.42069146,0.24600403,-0.40914872,-0.5147559,0.006205177,-0.22235875,-0.41424716,-0.7315171,0.34125325,-0.46464416,0.34529704,-0.024391865,0.17427048,0.1784472,0.17459515,0.16426663,-0.35104638,-0.110031396,0.43903026,-0.2221547,-0.23526493,-0.16079308,0.09568943,-0.16929975,1.1286675,0.33569157,-0.32131696,0.5392944,0.20191465,-0.0042548836,-0.1002445,0.10639847,-0.275385,0.16600813,0.05707273,-0.21907488,-0.30427322,0.10648357,0.40865803,-0.25310922,0.10093304,0.111639865,0.17989056,-0.3241156,-0.049700033,-0.0106043955,-0.10167525,-0.14626807,-0.14227949,-0.19403887,-0.2811538,-0.0058946135,-0.12457606,-0.25599808,0.003777569,0.047312833,-0.13485597,-0.30210105,0.24509233,0.30892837,0.14557123,-0.06275765,0.1698013,0.12290848,-0.37216172,-0.19308527,0.24947856,0.42069057,0.433986,-0.2312352,-0.21564151,0.0824746,0.45342687,0.051980533,-0.47189355,0.33034924,-0.16647188,-0.06908713,-0.15594856,-0.27454454,0.6043446,-0.088572286,0.04031254,-0.23597032,-0.6846348,0.37486634,0.068721935,-0.2738946,-0.112578355,-0.44161698,0.066026345,-0.16593158,-0.03737537,0.84903353,0.44435054,0.29753762,-0.23567432,-0.5136652,0.098118715,0.13778359,-0.18215077,0.3074801,-0.11633561,0.094882615,0.04105432,-0.51176363,-0.109916694,-13.880913,-0.15378064,-0.1504973,-0.4865851,-0.31466603,-0.50343156,-0.057125125,0.13357954,-0.38956052,-0.017253151,-0.4426282,0.043116678,-0.08038392,0.060885277,-0.21317299,0.051877454,0.36763912,0.21714202,-0.26865596,0.440318,-0.39039567,-0.21011883,0.19793846,0.15472019,0.3039842,0.19787973,-0.14318717,0.09567452,-0.064080566,-0.23341982,-0.20389338,0.10192027,-0.24652867,0.6856256,-0.5282814,0.13424003,0.052414957,-0.2649076,0.027310098,-0.03510641,0.37263653,0.018821992,-0.14621447,0.20445047,0.7645914,-0.67228895,-0.18483678,0.033202674,-0.21159539,0.16276708,-0.24681465,-0.4833362,-0.029946761,-0.10333876,-0.23388922,-0.2533403,0.34695104,0.5902905,-0.16630495,-0.07404401,0.31406003,-0.3650081,-0.2785476,-0.22481827,-0.18914802,-0.04905256,-0.77590036,-0.51883584,-0.44159985,-0.16059475,-0.44691858,0.4896581,-0.041177157,-1.28043,-0.04429685,-0.18487646,0.078346245,0.24935709,-0.06978446,-0.1857111,-0.5629685,-0.499673,0.0121218525,-0.12875974,-0.5592978,-0.7093032,-0.370342,-0.4885733,-0.4229456,0.43381965,0.39266446,0.07436633,0.105468,0.38351703,-0.09089273,-0.05470742,0.41190034,-0.13694622,0.016296143,0.15960215,0.5239425,-0.17878716,0.32050988,-0.20853874,-0.32213697,0.11819779,-0.16449177,0.20119642,0.26982617,0.08973469,-0.22718614,0.17841436,-0.23462577,0.19427,-0.3210807,0.034515332,-0.23627086,0.113154076,0.044193648,-0.84236497,-0.3244798,0.020286284,0.036830224,-0.41881058,-0.15427427,-0.27524367,0.06592901,-0.012611437,0.25461173,-0.34405154,-0.07479131,-0.07032679,0.295888,-0.18298168,0.14696558,-0.25933304,-0.28403363,-0.18368863,-0.31272227,0.42297864,0.12766849,0.21140677,0.43552998,-0.14883131,0.12250908,0.06842619,0.3244393,0.39872453,-0.045887824,0.30195272,-0.56423485,-0.5792458,0.13767697,-0.09095933,0.11022313,-0.009653498,0.79687333,-0.0638799,-0.046554323,-0.3196057,0.12204215,-0.34981072,-0.1888656,0.25881904,-0.045254294,0.14346272,0.3887115,0.16133548,0.055252824,-0.40000665,-0.24187176,0.6686485,-0.24139117,-0.027120389,-0.09405471,0.1199332,0.37277153,-0.39454812,-0.2156928,0.5872755,0.24944492,0.062433504,0.1079719,0.07604871,0.34206882,0.047401458,0.29742202,0.17941503,0.071398504,0.1952799,-0.19089213,0.37262613,0.17776503,-0.3329957,-0.03136661,-0.31501576,0.35138813,0.15675652,0.11227914,-0.20992081,-0.47569177,-0.053208064,-0.3577397,0.1631612,-0.14225374,-0.06690744,-0.18392558,0.17288871,0.4692443,0.21489315,0.2661476,-0.43455487,-0.32764733,-0.39202872,0.31706157,-0.2786871,-0.43972537,-0.29853022,-0.6922152,0.091856934,-0.19301891,0.054766275,0.24027994,0.07632264,-0.13057666,0.119209975,-0.016148888,-0.10238326,-0.07763092,-0.30731848,0.18585302,-1.3225764,0.15112123,0.28881657,-0.25816256,-0.24636133,-0.692863,0.18476173,0.20251252,-0.2033275,-0.3685281,-0.45605138,-0.18625268,-0.47633985,-0.11524257,0.05541193,-0.50932324,0.3010499,-0.25200778,-0.051650885,0.10452103,-0.032201756,-0.035503384,-0.28733638,0.50434804,-0.4986764,-0.27116328,0.03411334,-0.35986236,0.005286786,-0.40377387,0.2624893,0.03857986,0.17366503,0.16847244,0.25760388,0.1435032,0.016378777,0.046651505,-0.5394078,-0.35783032,0.13234606,0.039333545,0.47986257,-0.15153465,-0.197242,-0.4564046,-0.17548779,0.14160691,-0.08308367,-0.35531116,0.13845642,-0.016526718,-0.13486004,0.37134048,0.14193891,-0.03948827,0.024120502,0.448479,0.22724697,-0.13205095,0.64550626,-0.2759824,0.022212548,0.2082149,0.29631418,0.27771717,0.2327317,0.10188767,-0.033303227,-0.11903051,-0.14151745,0.60230315,0.16823158,-0.0077701276,0.042785905,-0.13001564,-0.023767682,-0.23132896,-0.016298123,-0.22440726,0.20962356,0.54288113,0.53268284,0.19279455,-0.157024,-0.6145149,-0.13170908,-0.0147057185,0.047667302,-0.2984112,0.20973517,0.93741006,-0.33888873,-0.038702067,-0.34346545,-0.25677717,0.09242084,0.037463747,-0.05602964,0.057484493,0.35416865,0.06755357,0.19172251,-0.2237829,-0.16947582,-0.039152272,-0.13448842,-0.4638706,0.15375625,0.40688568,0.5320337,-0.0016717922,0.16180964,0.14328809,-0.04505684,-0.2269826,0.36239463,-0.07750171,0.60649216,-0.07217347,-0.022435846,-0.47622287,-0.2452713,0.4061018,-0.53328466,0.13068375,0.3379793,0.36518577,0.33429345,0.16374187,0.4827386,0.1010702,-0.2960595,0.015923891,-0.0032413432,0.12303182,0.25787172,-0.016817018,0.088802665,-0.44679773,-0.15219703,0.027974833,-0.3192823,-0.35635012,-0.26062024,-0.08320973,-0.15827201,-0.0441972,0.10329335,0.07581713,-0.009256061,-0.22002815,-0.01755788,0.15428136,-0.28737065,-0.18547136,0.12816924,0.06539951,-0.46495655,0.048376027,-0.19241007,-0.04995152,-0.2200128,0.043404914,-0.17690128,0.03653574,0.11692408,0.6244624,0.27860337,0.101188764,-0.26102552,-0.15770932,-0.06132065,0.15430412,0.02251717,-0.14648989,-0.23180777,-0.22037953,0.013453858,0.13196786,0.23542005,-0.05953685,0.06054054,-0.44864425,0.07937338,0.46610942,-0.029988946,-0.31987092,-0.015922511,-0.5260246,0.024980035,-0.09017262,0.086419694,0.32103896,-0.021068038,-0.1540876,-0.3522181,-0.22499995,-0.38465327,-0.035073858,0.4865609,0.22298427,0.12503351,-0.4084171,-0.5564053,-0.21080506,0.26760384,0.1519721,0.11456469,-0.29739392,0.29218104,-0.054490402,0.19237415,-0.1277715,0.43541682,0.20189014,-0.18333171,-0.66917205,-0.09120567,-0.18069643,0.14498927,-0.41597426,-0.68003577,0.19055596,0.4108461,-0.25148213,-0.4110879,-0.13464557,0.049752094,0.0,0,0,1,0,0,0,0,0,0,0,0,0,0,0,1,0,0,0,0,0,0,0,0,0.0,0.0,0.0,0.0
0.31839526,-0.3950827,0.3093395,0.055619463,0.50657225,-0.053931117,-0.09578351,0.45018184,-0.38697335,0.31188893,-0.00013330013,-0.5998439,-0.2636837,0.44981804,-0.10830888,0.41992664,-0.32092354,0.6812697,0.20984045,0.21050201,0.05243586,-0.057076152,-0.06079548,0.11479755,0.1698936,0.18250616,-0.0865378,-0.17554708,-0.939024,-0.0826114,0.5040318,0.34390378,0.2939492,0.0065900683,-0.05291787,-0.47354016,-0.53308547,-0.27581424,-0.031661566,0.29981855,-0.11026488,-0.012636052,0.41351235,0.17083544,-0.109202,0.57276475,0.08160826,-0.10189623,0.3292953,-0.5073153,-0.73919696,0.18532242,-0.24702787,-0.5761256,0.22464801,0.56036687,0.7384502,-1.1054345,0.3409079,-0.065585434,0.003936749,-0.22410883,0.19635437,-0.29514158,-0.41386813,-0.32716367,0.2128703,0.7508784,-0.8764521,-0.12737457,0.1903029,-0.14285105,-0.38706076,-0.046123005,-0.101851694,0.39736405,0.004083461,0.5455285,0.18508096,-0.13693562,-0.25644198,0.40930817,0.29169053,0.5402166,0.23810129,0.29296446,-0.11346506,0.1483924,-0.16170168,0.6865213,-0.1774406,0.21343674,0.3423869,0.08109591,0.174758,-0.30457866,-0.8741776,-0.016438112,0.109725036,0.26794043,0.4603825,-0.461207,-0.10267002,0.20009302,-0.16675563,-0.07233222,-0.30969304,0.013702094,0.23021962,0.052413877,0.28242514,0.2435872,-0.18068151,-0.60525995,-0.08936054,0.505218,-0.084828824,0.06963487,0.29390115,-0.17051311,-0.09459557,0.63105184,0.09485758,0.4272438,0.37120402,0.3226432,0.22982012,-0.16905159,0.4370537,0.45016655,0.15156344,0.7134023,0.4099714,-0.2331627,0.08349892,0.3609991,0.06944844,-0.29841852,0.29953006,-0.37141606,-0.3933969,-0.47895622,0.021498457,0.30132824,0.5331577,-0.061894525,-0.34215346,0.08621857,0.059028808,0.5749973,-0.5061268,-0.16112822,-0.3062638,-0.21331531,0.397707,-0.10590291,-0.14672053,-0.7361319,0.285347,0.33827195,0.2141507,-0.04337629,-0.19254439,-0.20709543,-0.10676044,-0.30192405,0.18605489,0.6597925,-0.21696514,-0.12199118,-0.2770069,-0.61173826,0.18330497,0.23877715,0.5270551,0.41648698,0.1325715,-0.3925186,0.5399518,1.0193663,-0.3922261,0.06266208,0.40109122,-0.2135777,0.1429759,-0.09739707,0.8381955,-0.3947094,0.60489243,0.002520771,-0.4518272,-0.28120765,0.16020522,-0.098433666,0.24841255,-0.538925,-0.017201597,-0.11048241,0.6913935,-0.25762787,-0.056922097,0.5253793,-0.039705027,-0.5260689,-0.6128126,0.41507244,-0.08491016,-0.5838535,-0.67425406,-0.16760592,-0.084004804,0.44185954,-0.27429414,0.0426703,-0.15101849,0.21234533,-0.2725374,-0.3074728,-0.21068616,0.1257497,-0.54494894,-0.5495714,0.086081274,0.08557247,-0.24186473,1.2660203,0.020409083,-0.28609535,0.33909744,0.109816134,-0.013169816,-0.041957963,-0.16711196,-0.6396251,0.18041168,0.37944975,-0.027471049,-0.5678583,0.15897706,0.018074106,-0.48077115,0.6342283,0.22119547,-0.11132327,-0.1230185,0.291412,-0.26628786,-0.23177387,-0.36226323,0.2708921,-0.36638522,0.023135327,-0.43251407,-0.4678631,-0.07089018,-0.3778964,0.22068782,0.09618023,-0.41919553,0.19488283,0.16762155,0.21278904,0.08993121,0.066296965,0.25072965,-0.61275965,0.042518474,-0.06578876,0.6379501,0.013914859,-0.21389817,-0.36878052,0.1952763,0.6075132,0.2947183,-0.35996115,0.12448159,-0.14547831,0.14679609,-0.47422993,-0.1930539,0.6072594,-0.445459,-0.069750816,-0.51190275,-0.13331988,0.49512932,0.0175124,-0.08125948,-0.037775174,-0.061847348,-0.038519386,0.04871607,0.1454849,0.6744327,0.27822852,0.21523508,0.31302142,-0.37759212,0.06524957,-0.476857,0.15495524,0.050102238,-0.16843718,-0.21266522,0.04322992,-0.1463235,-0.58939964,-9.441309,-0.07124573,0.21991228,-0.3748482,-0.007219637,-0.2921527,-0.0245639,-0.16093545,-0.29783967,-0.056024842,-0.1541577,-0.29779306,0.025537124,-0.35157993,-0.29882276,-0.43508992,0.4935138,-0.003938541,-0.31126052,0.18529004,-0.4375358,-0.42068732,0.09399594,0.13539176,0.37514043,-0.12299445,0.10657649,0.067303844,0.44473308,-0.4002631,-0.38545,0.2527847,-0.112542465,0.9936253,-0.27591458,-0.07794638,-0.023760967,-0.4272652,-0.0679786,-0.17749207,0.22328405,-0.13427079,-0.10363491,0.14591426,1.0921787,-0.41266254,-0.15069173,0.098650895,0.013102675,-0.38343132,-0.029707603,-0.3421292,-0.1295185,-0.18709095,0.042884186,-0.1628943,-0.2480327,0.67254335,-0.10047476,-0.38445863,0.6745066,-0.30098772,-0.23214073,0.1201462,-0.1578118,0.04101907,-1.0007108,-0.7238522,-0.27040583,-0.18184926,-0.30986354,0.40161777,-0.112211294,-1.6062627,0.09579055,-0.015874606,0.13204922,0.14477225,-0.32690853,-0.3914621,-0.9142586,-0.015352596,0.1797853,-0.24975577,-0.16656381,-0.76222384,-0.16397776,-0.38095415,-0.20824441,0.44736558,0.025619773,0.07824318,0.15832518,0.3582843,-0.013503207,-0.0915554,0.5239668,0.19451116,-0.1341493,0.61423445,0.17873678,-0.27393612,0.63816255,-0.3649766,-0.3105123,0.12318465,-0.3608926,0.46276656,-0.2935065,0.06564305,-0.3531407,0.14704172,-0.5217936,-0.20765547,-0.25034642,-0.22018023,0.22265469,0.4843568,0.17244953,-0.331366,-0.3602494,0.41024274,-0.17946507,-0.75871205,0.30817103,0.17871484,0.04020652,-0.10471815,0.1428389,-0.38988656,0.035929427,-0.29410735,0.025020534,-0.13551562,0.48067474,-0.36961988,0.05704873,-0.05647273,-0.46465448,0.24872726,0.14483076,0.19557525,0.33279964,0.094313204,0.33909228,-0.09804827,0.30067265,0.068677105,0.2702597,0.49657363,-0.70640916,-1.290261,0.19036578,0.054967392,0.39839423,0.44059122,0.19417638,-0.49840823,-0.08594749,-0.5214312,0.26504245,-0.032880582,-0.0043899417,0.11242619,-0.40788487,0.04736144,0.32648194,0.14592975,-0.0818256,-0.17812824,-0.20389687,0.55264395,-0.16316366,0.053984746,-0.062073626,0.27589503,0.16213562,-0.09044304,-0.2918138,0.85867846,-0.06255781,0.48770633,0.09586565,-0.3520812,0.31351617,-0.15293388,0.3090671,0.4731331,0.16241337,0.45816296,-0.7071007,0.68041414,0.05766667,-0.4570344,0.42723653,-0.49553257,0.6007045,-0.13708039,-0.22486863,0.42921716,-0.19045696,0.10634507,-0.4806672,0.22203699,-0.2878724,0.107927226,-0.059145194,0.48928848,0.060215645,0.13952497,0.17683908,-0.4593082,-0.98259735,-0.45765227,0.31885934,-0.343001,-0.33924836,-0.3849066,-0.5732459,0.116605066,-0.272521,-0.092763446,0.09314565,0.0981234,-0.25001085,-0.049226303,-0.08388925,-0.43353093,0.088461116,-0.22610015,-0.040536895,-1.5225366,0.25027823,0.20566621,-0.104993895,-0.320669,0.13708988,0.11250454,-0.123216964,-0.32645166,-0.256606,-0.7149473,-0.18192378,-0.595738,-0.2148642,0.041241217,-0.4382599,0.17789602,-0.33303455,0.12966564,0.15615568,-0.12880191,-0.24843769,-0.34354192,-0.011559895,-0.8408587,0.20406803,-0.47775927,-0.0024580108,0.20982309,-0.28503314,0.06663701,0.03686689,0.26854062,-0.061817035,0.11804322,0.3467849,0.32555583,-0.23025885,-0.31897992,-0.10474143,-0.46495795,0.14887522,0.38993317,-0.34665024,0.033890534,-0.35135216,-0.70568955,-0.053606182,-0.111887515,-0.45957115,0.003251491,0.37283477,-0.34805134,0.47218105,-0.24460506,0.19757824,0.32174918,0.2701975,-0.20479046,-0.061090942,0.40502006,-0.1657486,0.25876108,-0.42721066,0.5294716,0.32258153,-0.098092444,0.13780671,-0.15605693,-0.16832854,-0.4410188,0.82022375,0.45267987,-0.073318474,0.09279435,-0.019023824,-0.20304374,-0.34388256,-0.6886741,-0.49560884,0.034918636,0.53608096,0.31383795,0.06935678,-0.28243345,-0.34085494,-0.29117635,-0.4415533,0.39020002,-0.2862782,-0.045517396,0.8697043,-0.2846512,0.08032355,0.03952716,0.6920324,-0.25520027,0.24650508,0.14891453,-0.3206745,-0.112432346,0.065014906,0.45734105,0.079477005,-0.48877025,-0.07560697,-0.06951112,-0.6589762,0.23856978,0.41833088,0.13201493,-0.4227227,0.16218954,0.025930712,0.20746866,-0.11595035,0.29666436,0.034903575,0.3879027,-0.35257453,-0.17451102,0.059260216,0.34881455,0.36592674,-0.2834759,0.120406196,0.2762625,-0.20624207,0.33216584,0.42131856,0.119406134,0.16561836,-0.6723363,0.19476093,0.47095683,0.038162764,-0.09034783,0.34318757,-0.27423608,0.2849894,0.23909432,-0.023890307,-0.011414974,-0.109292075,-0.26375937,0.067747444,0.111579925,-0.24549335,0.08187894,-0.35771343,-0.15601887,-0.1292265,-0.10516225,-0.050306283,-0.37371072,-0.25091767,0.1926051,0.016288219,-0.3057241,-0.3820647,0.75067186,0.30741063,0.24357076,-0.42067719,-0.07480412,0.3428043,0.12625925,0.19607809,0.44246617,0.1290547,-0.257037,-0.023670794,-0.22842865,-0.26830018,-0.22830765,-0.34533632,0.19305971,-0.7125734,-0.29666656,0.34538183,0.21716085,-0.027620774,0.43789247,-0.05129498,0.15327647,0.46754402,-0.3406918,-0.35764214,-0.18603918,-0.2752794,-0.6150919,0.14823076,0.47050792,0.047896396,0.17007236,0.023153571,-0.17254645,-0.117255785,-0.16702119,-0.6837046,0.5380729,0.36960694,-0.06986936,-0.41393515,0.04130138,-0.057788502,0.31240472,-0.071890675,0.058827415,-0.39005092,-0.13734287,0.15210375,-0.6927705,0.08840278,0.2861251,-0.079259,0.12777767,-0.6639451,-0.6112204,-0.17030607,-0.07614608,-0.3154632,-0.15055248,0.5801977,-0.27459678,0.03455277,-0.3016542,-0.053547114,0.217085,0.0,0,0,1,0,0,0,0,0,0,0,0,0,0,0,1,0,0,0,0,0,0,0,0,0.0,0.0,0.0,0.0
0.5672748,-0.3001916,0.5059924,0.02830311,0.5559148,-0.35944974,-0.15818104,0.6236914,-0.3095518,-0.22354132,-0.34527203,-0.014357469,-0.07914822,0.37598225,-0.07157844,0.6242099,-0.45034423,0.5196324,0.32740653,0.25978446,0.43745476,-0.20350683,-0.34599173,-0.08919178,0.54401606,0.25776657,0.109248325,-0.193361,-0.85493845,-0.4533371,0.2815821,0.2985956,0.15038872,-0.15105957,-0.5131984,-0.85697657,-0.5262493,-0.37418827,0.4537121,0.42362058,0.03828572,-0.16425236,0.32997456,0.01743379,-0.2124267,0.44746736,-0.197695,-0.14405638,-0.3081838,-0.033428043,-0.6300808,0.05849157,0.6168421,-0.046427954,0.38662148,0.38838252,0.4580223,-0.2546414,-0.48002926,0.1022459,-0.12040696,0.22010948,0.12372864,-0.019340862,0.033957276,-0.21557727,0.21652454,0.6840678,-1.0367314,0.100363165,-0.013656821,0.21529707,-0.4308493,0.28440678,0.2865844,0.47909072,0.20493281,0.77050894,0.37063912,-0.07768526,0.26060688,-0.17527036,0.29091394,0.37359977,0.22184809,0.28974688,-0.13866375,0.06432681,-0.58121866,0.8610947,-0.44697398,0.27990234,-0.037763726,-0.37618074,0.57634264,-0.44579992,-0.4109103,-0.65184236,0.022431355,-0.20028508,0.23028025,-0.20783433,0.054048046,0.007301211,-0.4274314,0.14954865,-0.61892587,-0.1985135,0.022575667,0.40153,-0.4309059,0.06485655,0.22932512,-0.5082344,-0.30275774,-0.013936818,0.03082576,0.15906812,0.33711842,0.09455537,0.02479625,0.56460816,0.2255455,0.17974862,0.6695126,0.3878368,-0.040655788,-0.054735824,0.11800036,0.42338455,0.984741,0.4545994,-0.06751812,-0.47093326,-0.002768586,-0.045421556,-0.07315399,0.01423109,0.008517969,0.0031025994,-0.24447164,-0.29157054,0.11829723,0.14128432,0.3062439,0.035109203,-0.28229,-0.52138203,-0.48691422,0.48614913,-0.29581502,-0.1956065,-0.02334428,-0.08629383,-0.118018754,-0.11543416,-0.22247164,-0.11108118,0.094490565,0.03864941,0.0018393663,0.06327874,0.060008775,-0.21597128,-0.16724513,-0.1527931,-0.071309626,0.3730579,-0.17910227,-0.4684153,-0.052015446,-0.6340768,0.26322472,0.14774808,0.17125279,0.6963043,0.08883101,-0.30750278,-0.06501741,0.7802912,-0.5825831,-0.019585667,0.40526128,-0.65077955,-0.26237592,-0.2573332,0.59533346,-0.40438718,0.726248,0.14776517,-0.56953084,0.033746623,0.33127758,-0.60974264,0.60106885,-0.27895665,-0.22585735,-0.4282634,0.18608375,-0.22984135,0.39091843,0.32470837,0.068431765,-0.18935688,-0.6235033,0.28952634,-0.12819706,-0.5917689,-0.24805532,-0.35851,-0.1557832,0.10647754,0.044077765,0.47389674,-0.27755508,0.10758682,0.19776224,-0.44147572,0.018514728,0.35196418,0.19298273,-0.22086844,0.0730469,-0.119508065,-0.1507535,1.012223,0.10742252,-0.28092417,0.6277285,0.340467,-0.26365933,-0.2101383,0.27450648,-0.31092906,0.6591287,-0.045681305,-0.17962986,-0.5098001,0.2674408,-0.04118817,-0.22135578,0.16061455,0.26580995,0.21238756,-0.14705876,0.049109306,-0.030016854,-0.28236678,-0.13400325,-0.34922373,0.096990615,0.11861501,-0.58044213,-0.31170365,-0.35139602,-0.28693616,0.04689341,-0.35381612,-0.38856086,0.3708827,0.23608512,-0.10139384,0.08920691,-0.106080666,0.107683174,-0.44880593,0.11852045,-0.047387157,0.8051114,0.31884176,0.07727811,-0.2280266,-0.17204842,0.6161192,0.22165477,-0.200198,0.068613805,-0.2882791,0.19772881,-0.28176668,0.040768605,0.24959117,0.07646927,-0.1628502,-0.13827908,-0.34550872,0.023639357,-0.051492535,-0.38917416,-0.10418716,-0.5064411,0.44219026,-0.40440753,-0.032895226,1.1203033,0.35236394,0.05000283,0.28333443,-0.40046164,-0.0039496417,0.15864769,-0.058439136,0.007677834,-0.59869343,0.23407322,0.19966836,-0.5036756,-0.4581937,-8.118201,-0.24522534,-0.53065324,-0.6458249,-0.23892443,-0.5812433,0.17467988,0.01612591,0.14235917,-0.033059362,-0.20790865,-0.1978264,0.15286225,-0.5242627,0.015094012,0.6662419,0.57111335,0.0047250814,0.002895297,0.288545,-0.24068797,-0.23517206,0.12661335,0.1608254,0.41170174,-0.02654747,-0.4512638,0.10812255,-0.26445618,-0.19175364,-0.14035745,-0.0034674068,-0.3553343,1.0383829,-0.29010677,-0.56392026,0.011871891,-0.3649567,-0.30382976,-0.6865684,0.052816,-0.051789597,-0.06263433,0.0088864155,1.1208487,-0.7086149,0.10119306,0.49520966,-0.11488376,0.12624487,-0.2276696,-0.56023073,-0.017157214,-0.45896104,-0.2101955,-0.16754067,0.11766538,0.7359363,-0.34726715,-0.16425759,0.23749726,-0.40599126,0.23317869,0.0920631,-0.41712847,-0.083202116,-0.79855347,-0.80092216,-0.47293353,-0.34442294,-0.59025854,0.52129626,0.036086407,-0.9766728,0.0003879463,-0.270747,0.5158638,0.16698113,-0.18071473,-0.21533747,-0.5347024,-0.21135227,0.042886008,-0.19376265,-0.57255423,-0.34957936,-0.14662069,-0.6759502,-0.57073617,0.293999,-0.11325554,0.18034068,0.30753148,0.11766882,0.026018566,-0.051818404,0.8856266,-0.25488973,0.11080677,0.17051001,0.7821468,0.017478146,0.51382333,-0.60293543,-0.18416853,-0.2774245,-0.7016384,0.064036146,0.35630375,-0.58354944,-0.021673704,0.17854376,-0.66888344,0.33440632,-0.55763555,-0.6022392,0.103310935,-0.2588612,0.32645223,-0.40710083,-0.08618327,-0.21914062,-0.41376853,-0.34470695,0.68711764,0.17195612,-0.3543016,-0.028621288,-0.28831294,-0.053552408,0.024813142,-0.060918752,0.052205577,-0.22132315,0.121852905,-0.39520344,0.17782938,-0.19987248,0.20589016,0.21560587,0.22537243,0.34617215,0.2332088,0.067457855,0.033956073,0.17082982,0.14514598,0.7072038,0.04588308,0.15075566,-0.41468203,-0.69297117,0.2795918,-0.025292022,0.23529379,-0.10262379,0.5830053,-0.21848013,-0.7841868,-0.43590093,0.3864901,-0.2852475,0.036752846,0.45124137,-0.20003392,0.2752039,0.45721188,0.25467992,0.18318835,-0.83056605,-0.12386153,0.42707264,-0.1612162,0.025143404,0.41684094,0.32577628,0.17672737,-0.30196294,0.23017697,0.4087975,-0.21201284,0.2965813,0.161463,-0.23645025,0.19175194,-0.08350685,0.08602483,0.35600665,0.59697556,0.73201257,-0.3228934,0.4938269,0.23657392,-0.38046873,0.4250833,-0.8717987,0.4657388,-0.021534145,-0.36961105,0.555616,-0.33585998,-0.16571121,-0.8865303,0.105236225,-0.11401043,0.4609835,0.24284682,0.5245182,0.48532608,-0.20642987,-0.38091946,-0.6053958,-0.48817325,-0.52531576,0.026512204,-0.17945093,-0.36182326,-0.13764797,-0.19814251,0.2904883,0.21343185,0.22254112,0.38432968,0.057391837,-0.06486413,0.6013063,0.707507,-0.28946996,0.08028629,-0.044837255,0.021446776,-1.1989688,-0.010478527,0.2220365,0.030045226,-0.08885868,-0.78306144,-0.080817096,0.12149577,-0.2932406,-0.37659127,-0.5667702,-0.5150816,-0.75037146,-0.40340477,0.20317976,-0.20519854,-0.27549592,0.014307583,0.2466631,0.24147424,-0.21275777,0.1545845,-0.48572987,0.62833095,-0.65568733,0.07405645,0.09143744,-0.04679314,0.19326025,-0.20905963,0.34375176,-0.19123471,0.09182344,0.4059184,0.40078098,-0.4479705,-0.09630892,-0.14992876,-0.69506645,-0.4620871,-0.04236333,0.069358,0.70874643,0.19894588,-0.5519823,-0.4890272,-0.22169243,-0.44497725,-0.23422447,-0.35802814,-0.36069217,0.4152748,0.38564909,0.2996693,-0.52059734,-0.39416656,0.05843767,0.15866712,0.05809801,0.40234697,0.62077105,-0.26900265,0.32010254,-0.5665668,0.4418298,0.6945423,-0.045768585,0.2058979,0.5021246,-0.14218011,-0.23691046,0.49515098,0.33231276,0.05964295,0.11722031,0.20160875,-0.23930463,-0.14608736,-0.5564333,0.017770119,-0.17690217,0.33267373,1.0101902,-0.07863533,-0.42365086,-0.6781654,-0.17107038,-0.4255983,-0.17158847,-0.35401276,0.2728389,0.7465268,-0.022101019,-0.24508886,-0.04255477,0.21113274,0.05869547,0.35094538,-0.26986486,-0.575932,0.15858275,-0.10398895,0.34924114,0.1878323,-0.42439654,-0.30551192,-0.35755256,-0.17069024,0.120658726,-0.3569332,-0.037956633,-0.69978464,0.37066376,-0.21621293,-0.0032835258,-0.19882712,-0.0070133074,0.124375686,0.10940535,0.16363357,0.31035388,-0.09579515,0.02297953,0.4303167,-0.14296225,0.22061607,-0.04561618,0.108216345,0.5145314,0.69302344,0.16091675,-0.12109377,-0.32906994,-0.0703809,0.09111088,0.30618632,-0.1465641,0.041816756,0.5077175,0.40553176,-0.012666399,0.09288911,-0.21093485,-0.12800254,-0.19628131,0.32158577,0.17497814,-0.43611118,0.12090608,-0.40228486,-0.31946403,-0.8621654,0.18594708,0.27639303,-0.43736455,0.2257486,0.042002883,-0.54767203,-0.31193382,0.121745616,0.36244887,0.25063476,-0.28650096,-0.281689,-0.2926095,-0.0327212,0.10786475,0.46360397,-0.16866541,0.09733781,-0.111495286,-0.11486687,0.030123202,0.2552961,-0.30456525,-0.07731393,0.14069967,-0.44229564,0.17136051,0.24089596,0.080735594,0.023056898,0.2587565,-0.345668,0.08886857,0.40258995,0.07960671,-0.57762134,-0.03519664,-0.20777799,-0.5689849,0.12089918,-0.0518447,0.08729935,-0.181951,-0.59962195,0.25039268,0.20115568,0.06265972,-0.48896068,0.28876507,0.12749223,0.080140494,-0.45754927,-0.7769478,0.1342719,0.59722924,0.40675804,0.12948474,-0.57536906,0.24326305,0.38634467,-0.09756457,-0.29714698,0.13873206,0.29142222,0.12837975,-0.846583,0.015082064,0.20160244,-0.15677384,-0.5669547,-0.46328133,0.07707587,-0.19706795,-0.5678986,-0.2600984,-0.26697168,0.18718006,0.0,0,0,1,0,0,0,0,0,0,0,0,0,0,0,1,0,0,0,0,0,0,0,0,0.0,0.0,0.0,0.0
-0.08475737,-0.41573647,0.42357972,-0.80615616,0.45821,-0.5890061,0.34881818,0.7799701,-0.18250114,-0.6189727,-0.051916186,-0.30946106,-0.012676963,0.4033179,-0.51595896,0.8877757,-0.23285525,-0.16870388,-0.0047811884,-0.12676854,0.023701722,0.10425245,-0.68929076,-0.03049462,0.08301395,-0.051242918,-0.057571016,-0.5124322,-0.59539264,0.13824655,0.25719756,0.39039433,-0.114942275,0.037337244,-0.10958804,-0.20494175,0.40161952,-0.021977963,-0.15814945,0.28367934,-0.13589582,-0.43368924,0.2910444,-0.20589513,-0.32859525,-0.030012852,0.26933846,-0.17142986,-0.2591362,-0.009217495,-0.577415,-0.15612869,-0.16938551,-0.3895209,0.2492192,-0.1738288,0.35063136,-0.8138893,-0.054767184,-0.21537752,0.6671218,-0.77147704,0.012535722,0.035535034,-0.0084363045,-0.29373628,0.4953165,-0.38208705,-0.1206794,0.31313506,-0.243608,-0.3135876,0.8248597,0.15403852,0.086011946,-0.39573276,0.09798128,-0.08912438,-0.039148495,-0.17979677,0.012488108,0.31741554,0.06173105,0.14053385,0.44442067,0.42968976,0.2203713,0.33089992,0.06202299,0.41181946,-0.13714823,-0.5895513,-0.34267178,-0.17408757,-0.052385416,-0.50834996,-0.13343619,0.23395982,0.2885455,-0.41889107,0.13427389,-0.20208906,0.3261554,0.08304055,-0.11183235,-0.1015722,-0.3485595,-0.10698056,0.40565023,-0.017085426,-0.15624075,-0.2571333,0.65885156,0.13832626,0.1231955,0.21016264,-0.08498053,-0.36229566,0.3679443,0.27114743,-0.0152573455,-0.17737536,0.13177766,0.1712751,-0.13332672,0.37054107,-0.30213353,-0.015567162,0.21720837,-0.044764414,0.5398398,0.3535085,-0.048337497,-0.18007259,0.12087698,0.35392648,0.2001519,-0.029825054,0.13668291,-0.053239122,-0.054275222,0.29697087,0.42140576,0.25766927,-0.02580321,-0.23155561,-0.31582886,-0.41058776,-0.2000061,0.6037769,-0.0053076087,-0.024449324,-0.68772316,-0.035744667,-0.4748339,-0.22976942,-0.59901965,0.17560072,0.26495314,0.09666001,0.23936872,-0.054354988,-0.17876801,-0.1779903,0.2733287,0.30183136,-0.039994508,0.32655352,0.5290047,-0.19372804,0.42352688,-0.20134339,0.7471912,-0.06694915,-0.10816721,-0.09984937,0.20979577,0.26010072,0.17095345,0.26151145,-0.4277492,0.2629907,-0.291472,-0.49781066,0.19316673,0.12858835,0.3672326,-0.33538827,0.11759683,0.15030132,-0.02298561,-0.14199324,-0.3735127,-0.30551043,0.35890865,-0.47824728,-0.20560475,-0.7388818,0.1652965,-0.63305736,0.4457858,0.3694816,0.52629995,-0.07586892,0.3213865,0.5911373,-0.30224732,-0.500418,0.010519597,0.47109753,-0.5222835,0.05658875,0.11286747,0.09050987,-0.004127323,0.32466835,0.014298554,-0.06641641,-0.09784137,-0.38652122,-0.29660434,0.027173696,-0.20731223,-0.01157807,-0.21094759,1.1272111,0.48042133,-0.7759162,0.2466124,-0.25987935,-0.3332238,-0.2954503,0.48297557,0.12740366,-0.33039942,-0.16989994,-0.55704176,-0.20306225,-0.19336219,-0.22588639,-0.4112471,-0.12504965,0.21114327,-0.013075923,-0.2904962,0.66929275,0.31713235,-0.22196266,-0.12968218,0.005790099,-0.35402244,-0.21398771,0.06800773,0.12864053,-0.19386815,-0.4052136,-0.17134088,-0.44834918,-0.10024771,-0.21578932,-0.06494544,-0.06683548,0.33853328,0.42636,0.24616937,0.09605003,0.4814185,-0.18419974,0.4860781,-0.23467362,0.53174657,-0.12083286,-0.038946584,0.49422592,0.2244017,0.18810266,0.40624878,0.15382597,0.08268077,-0.17912713,-0.18181881,0.46319425,-0.12006964,0.26543772,-0.37392384,-0.42539164,0.25002325,-0.17736809,-0.20234577,-0.38953668,0.21774189,0.23102632,-0.072121724,-0.49335742,0.42332798,0.33889255,-0.09167239,-0.17317982,-0.3302178,-0.40261653,0.441091,-0.09781361,-0.1155583,-0.36429802,0.19774269,-0.028866243,0.10695848,-0.34401494,-8.729051,-0.303241,0.35389912,-0.19855002,0.03798033,-0.13909759,0.24700657,-0.31415257,-0.81719404,0.107903235,0.036396526,-0.4264435,-0.27081326,-0.3202543,0.5928381,-0.6268062,0.41382584,0.1253899,0.17144741,0.28772235,-0.2882695,-0.21270883,0.76447046,-0.25924772,-0.19016981,0.3690631,0.4073046,-0.47244424,-0.76308197,-0.4522513,0.2523449,-0.23403564,0.13254347,0.56959534,0.02331522,0.49100536,-0.019360775,-0.18593912,0.2569134,-0.040999547,0.60708565,-0.43231833,-0.14449657,-0.010371747,0.86038774,-0.35121745,0.451348,0.03642685,0.3636466,0.15801801,-0.31064466,0.47871333,0.10139577,-0.80122256,-0.27050573,0.37775698,0.6440406,0.7390308,0.1630333,-1.2592037,0.13534017,-0.11342635,-0.60861105,0.58738774,0.021525793,-0.0072906073,-0.3156456,-0.23151416,0.14540747,-0.078347564,0.021189334,-0.47390676,0.2286217,-1.3510269,0.09647157,0.16262762,-0.52720785,0.40051267,0.038113497,-0.29128122,-0.5302975,-0.7196227,-0.01085186,-0.26820478,0.14388385,-0.26382035,0.09564253,0.11527362,-0.71836954,-0.03994974,-0.11487347,0.59557796,-0.24321365,0.32195157,-0.010133671,0.0094389925,0.5004955,-0.5148103,-0.13827501,-0.20066555,-0.6281977,0.5822675,0.11961275,0.529216,-0.2680991,-0.32730773,-0.2540849,-0.067941,-0.12398641,-0.26039878,0.38755432,-0.078600824,-0.18433303,0.5466586,-0.21697587,-0.37232712,0.18430921,0.045886844,-0.14189138,-0.4617363,-0.5019599,0.19740383,-0.16423798,-0.6348197,-0.19479588,0.03278628,-0.11997323,-0.48151737,-0.5497929,0.27540588,-0.09601519,-0.34172267,0.2514451,-0.023187712,-0.61923677,0.41156214,-0.3876219,-0.14182578,-0.13534254,0.60272694,0.60018903,0.46397793,0.7743425,0.49887156,0.11865833,0.305269,-0.0007427144,-0.21651684,-0.3122116,0.51145047,-0.29024863,-0.3056722,-0.6195502,-0.20021287,-0.13046311,0.05471706,0.19400303,-0.51695913,-0.3693552,-0.30184942,-0.115210086,-0.29304448,-0.20490184,0.53466266,0.21229003,-0.008912071,-0.19210155,0.6120879,-0.13813326,-0.654119,0.027931692,0.3490001,-0.10493493,-0.0016715297,0.1941901,0.40806657,-0.15936448,-0.3182946,0.023977537,0.31583416,0.057995457,0.51330054,-0.025113882,-0.5192042,0.06501653,0.14065832,-0.1116332,-0.34690177,0.30550155,0.35050476,0.09170097,-0.32442677,0.37359962,-0.54149103,0.037335325,-0.15124916,0.7127413,0.016589835,-0.13006993,0.30800974,-0.141216,-0.6474743,-0.21977927,-0.23479106,-0.29692584,-0.17989363,0.35389864,0.04911779,-0.4978237,0.20942383,0.15536375,-0.4357658,-0.043013263,-0.48861045,-0.66776556,-0.12987477,-0.34390676,0.12607668,-0.24182564,-0.030994179,-0.3162501,0.003886165,-0.44099158,0.036434956,0.04638987,-0.21222715,-0.014154596,-0.38265023,-0.30162287,0.22670712,0.36880642,-0.71191156,0.1493791,-0.25681558,0.1392588,0.14575014,-0.35779378,-0.64769953,-0.010386624,0.41953173,0.40842125,-0.66385734,-0.116670065,-0.4538194,-0.492943,0.38242733,-0.33907425,-0.1745209,0.25582847,0.77252495,0.20078018,-0.5190948,0.036478594,-0.62293065,0.1936346,-0.20433494,-0.21433306,0.20392498,0.26625344,0.5299465,-0.44508415,-0.024789905,-0.0032374223,0.1544502,-0.004724408,-0.106045574,0.22364096,0.5015692,0.044542897,-0.07932723,-0.8912004,0.01203414,-0.28851128,0.15664794,0.48937768,-0.47565642,-0.6500334,-0.24226528,-0.015849354,0.02247634,-0.38288584,0.18965116,0.48041266,0.19808361,-0.29592246,-0.72438955,-0.28617874,0.12078262,0.15249778,-0.061602034,-0.109918684,-0.028523758,-0.1573727,0.12075451,0.10862613,0.36898845,0.11790251,-0.34205368,-0.016469913,0.1712152,0.016892688,-0.15473595,-0.3110846,-0.043587018,-0.425666,0.6848434,-0.38795742,-0.17096263,0.16530262,0.28059226,-0.13098422,-0.49313796,0.12979983,0.8179293,-0.081390515,-0.32203943,-0.40415367,-0.12515332,-0.21560062,0.48089325,0.49444622,0.3993499,0.7425489,0.15305138,-0.20788845,0.4026329,-0.40919384,-0.17761107,-0.32828885,0.5855776,-0.2657139,0.0781202,0.08440232,0.6385598,-0.35565963,-0.19637823,0.66888446,-0.25810716,-0.13534671,-0.34709322,0.27449283,0.09831583,0.5731552,0.05983831,0.3208922,-0.2644112,0.2569201,0.4524969,0.28347754,0.54898924,0.5104927,-0.08488012,0.22980018,-0.19447246,0.10046452,-0.23755512,0.019740898,0.16805683,-0.43502843,1.2035302,0.30280286,0.07424604,0.019840894,-0.43851757,-0.14972125,-0.038453836,-0.13526936,0.1578185,-0.13494939,-0.18376984,0.9531037,-0.27365482,0.082878284,-0.21703433,0.10505827,0.082438804,0.04388259,-0.15224096,-0.19684282,-0.4035524,-0.31916323,-0.11246211,-0.18708129,0.07165625,0.5252673,-1.074708,-0.35853902,-0.02591619,-0.19041057,0.06503205,-0.5158546,0.067140944,-0.52691597,-0.5712478,0.53712094,-0.21793991,0.17229277,0.20367497,0.63729906,-0.42784187,0.2155415,0.22123909,-0.39489877,-0.23158936,-0.10598008,-0.35887936,0.14627448,0.5416314,0.12676579,-0.23003808,0.44233486,0.80059403,-0.06457042,0.45063686,-0.21636808,0.048998013,-0.24563886,-0.39463055,-0.50609475,-0.23380122,-0.449096,-0.28336495,-0.08391914,-0.16329773,-0.31656945,-0.3936345,-0.3267984,-0.03813323,0.23035112,0.22718054,0.17959127,0.67652893,0.3427616,-0.61844176,0.39690113,0.073541544,-0.39429197,-0.16051787,-0.08481052,0.13894938,0.13722923,-0.0041686688,0.098045014,-0.32908833,0.070706174,0.015829155,0.35818797,-0.24710676,0.060023535,-0.13310206,0.22233976,-0.01860319,-0.055018745,-0.18252285,0.5734377,-0.6065457,-0.29718837,-0.052677535,-0.006595139,-0.12625507,0.0,0,0,1,0,0,0,0,0,0,0,0,0,0,0,1,0,0,0,0,0,0,0,0,0.0,0.0,0.0,0.0
0.24144283,-0.7893791,0.9490008,-0.43824565,0.2596958,-0.4230607,0.49214005,0.42761064,0.058496524,-0.533463,-0.12549524,-0.20028025,0.060749415,0.21782805,-0.08573842,0.6386462,0.06260249,0.10873518,0.23814692,0.10911582,0.24695185,-0.08026044,-0.109507844,0.03396918,0.27574828,-0.08561243,-0.16974355,-0.17416097,-0.4713005,0.7181115,0.9258722,0.13857101,-0.4886513,0.36553562,0.061944403,-0.40945992,0.33411425,0.34494457,-0.28239253,0.14624877,-0.63284814,-0.5048567,0.60213834,-0.042139173,-0.55372447,-0.32635674,-0.056895338,0.022833927,0.0001436089,0.07463582,-0.5161947,-0.48357803,-0.59286547,-0.55395156,0.56439435,-0.12683342,0.274684,-0.7364015,-0.901228,-0.14809881,0.41942883,-0.8440881,-0.3479575,-0.36422026,-0.4057912,-0.073452726,0.48591262,-0.45419553,-0.21802309,0.43757838,0.16254582,-0.4510485,0.9900666,-0.10098496,-0.28263614,-0.14542525,-0.2933707,0.69129485,0.33509132,-0.32328826,-0.11833784,0.37806165,0.0755075,0.15954523,-0.11062612,0.48106965,0.4931969,0.3341055,-0.25243607,0.9847055,0.02646036,-0.97961175,-0.029350245,0.03398527,0.3139093,-0.6095142,-0.08308839,0.12238284,0.31463474,-0.46372163,0.30630305,-0.48364377,-0.24640279,-0.27787784,-0.1943433,-0.17005043,-0.08715827,0.0015658949,0.057873182,0.20173885,-0.34113446,-0.34854084,0.5182154,0.1438902,-0.003535369,0.19334298,-0.4572896,0.03121046,0.65680766,0.47637045,0.08668562,-0.09281624,-0.059969593,0.2067325,0.05899194,0.44595784,-0.49988723,-0.28728896,0.23885156,-0.022639312,0.59854233,0.12061195,0.008581862,-0.1460381,-0.015180648,0.12054405,0.31942242,-0.36204123,-0.12369828,-0.13504405,0.25057048,0.07175972,0.40954027,0.3720383,0.042398706,-0.41348603,0.0017354361,-0.48194304,-0.39797965,0.15883654,-0.42250192,0.093907446,-0.58119905,-0.43130222,-0.44478977,-0.14822021,-1.0340213,-0.13727723,0.14427106,0.3126009,-0.043332137,0.45090783,-0.27966434,0.25615698,0.56377774,0.56704515,-0.45405805,0.86864525,-0.08946188,-0.26506782,0.5481615,-0.19740266,0.3560881,0.18731043,0.09970162,-0.26441717,0.12888055,0.18377493,0.037143044,0.29411846,-0.4499652,0.5178624,-0.60845613,-0.27653554,0.37224278,-0.41172644,0.6408953,-0.20926183,0.2207132,-0.13351977,-0.13211392,0.1589786,-0.23996584,-0.5577147,0.19943054,-0.7566642,-0.05407136,-0.34258148,0.20843445,-0.6780865,0.5387945,0.043797463,0.35143062,0.21702524,0.23663668,0.3547602,0.04435146,-0.67404276,-0.15923591,0.41468903,-0.045676664,0.63229674,-0.29618552,0.28293583,0.16800243,0.3431809,-0.39235213,0.03312491,-0.28582695,-0.11447144,0.43428487,-0.55070955,-0.4557118,0.13183634,-0.26773068,0.7800242,0.3352056,-1.0431705,0.13276538,0.2289738,-0.49405143,-0.5758825,0.3976261,-0.36963543,-0.055883832,0.22297068,-0.4340668,-0.32890671,-0.22362223,-0.059789807,-0.50537664,-0.22542278,0.24143471,-0.016311644,-0.3302189,0.66075826,0.15437879,-0.6606356,-0.42261374,-0.10602693,-0.55546916,-0.66905016,-0.22005641,-0.1749061,0.080572344,-0.6979927,0.14654607,-0.44515732,-0.25485095,-0.30252394,0.38592738,-0.08424959,0.36076668,0.07803551,0.30666137,-0.012696581,0.5609893,-0.071038835,-0.011618645,0.52552915,0.16866256,-0.29665437,0.35567334,0.78110486,0.2155596,0.0005885584,0.39968255,0.16761221,0.120629236,0.0073277233,0.30744278,0.03428602,0.1046774,0.16316815,-0.58324313,-0.47354046,0.077538826,-0.060150184,-0.21234827,-0.26093295,-0.18535233,0.06345691,-0.3725436,-0.68116397,0.6596148,-0.23015805,0.11282613,0.37627208,-0.89046097,-0.4754707,-0.07470079,0.23735562,0.049791597,-0.5827395,0.50380224,0.547871,0.19978088,-0.48244953,-9.822543,0.18805987,0.47992858,-0.25539482,-0.04966768,-0.450164,0.2711713,-0.034891237,-0.68957824,0.115907475,-0.09410559,-0.2597543,-0.17789643,-0.07543644,-0.123396136,-0.3149482,0.34444827,0.19758804,-0.10310819,0.4367166,-0.50472367,-0.79008776,0.6648006,-0.4212311,-0.11546132,0.034496833,0.112944804,-0.012150625,-0.58132654,-0.6989384,-0.34013426,-0.005861121,-0.058544636,0.7864481,0.028952686,0.4937053,-0.31675977,-0.6496506,0.2875252,-0.099330455,0.66262823,0.0046288143,-0.2266019,0.009658425,0.90501326,-0.12554906,0.47668567,0.42715564,0.24958514,-0.24960218,-0.47868758,-0.12239539,0.2569239,-0.3169796,-0.21726069,0.5240619,0.7511657,0.9811615,0.122142546,-0.9006436,-0.49075532,-0.6241723,-0.85267913,0.65644044,-0.06576931,0.22184686,0.08155635,-0.14313932,-0.34289253,-0.40797138,0.15587038,0.07203296,0.42876062,-1.1352714,-0.13335206,-0.20190205,-0.25655627,0.29527617,-0.11532359,-0.48772582,-0.7650177,-0.7446238,0.3262258,-0.24825588,0.069067284,-0.3573743,0.63656694,0.46422917,-0.5557431,0.15950376,0.05775558,0.5261507,0.037939243,0.28461504,-0.15577318,-0.10732416,1.0846148,-0.35721764,-0.24654192,-0.023142697,-0.70204276,0.5297141,0.3123493,0.5917549,-0.3080727,-0.2002498,-0.29434758,-0.15499759,-0.061165266,0.09135179,0.5125151,-0.42648,0.24072857,0.735182,0.05025198,-0.5046255,-0.24074733,0.06478256,0.18683438,-0.50441325,-0.12633237,0.27691907,-0.6723681,-0.057286635,-0.14771992,-0.20420651,-0.51716346,0.32211486,-0.76301795,-0.12061505,-0.051841017,-0.19074282,0.033535272,0.02160981,-0.18598895,0.36319715,-0.27926812,-0.29701245,-0.20070153,0.06803455,0.3564162,0.8963996,0.031386916,0.17768846,0.045515224,0.7111459,-0.2665114,0.16002174,-0.21488108,0.31228027,-0.5679947,-0.7112909,-0.25912043,-0.6897805,-0.10316231,0.5807326,-0.1080401,-0.34849954,-0.09131766,-0.94351006,0.14390828,0.17244688,-0.097622216,0.5231075,0.08485406,0.486696,-0.3827129,0.15991305,-0.074363805,-0.26836005,-0.07123953,0.5466981,-0.04867767,-0.09230899,0.3931385,0.5992556,-0.26743412,-0.778923,0.003924213,0.4155877,0.38522634,0.61264664,0.29754105,-0.18313903,0.121865466,0.056042876,-0.26762307,-0.019738175,0.31225482,0.55137724,-0.16234116,-0.05372425,0.050884932,-0.41433483,-0.4001394,0.15545748,0.46904784,-0.77906144,-0.2262691,0.4313996,-0.27066985,-0.32977843,-0.22453113,0.09918499,-0.1659693,0.26782048,0.49209237,0.35746583,-0.02405306,0.21264358,-0.093615524,-0.31797206,0.061940793,-0.37359565,-0.5438278,-0.6336911,-0.29048982,-0.068492725,-0.3987919,0.52160025,-0.32257983,-0.22299778,-0.27879944,-0.16760692,-0.2815138,-0.13414887,-0.02540952,-0.08741332,-0.4281852,-0.070504576,-0.13998918,-0.52352315,0.1631423,0.09448793,-0.20342857,0.5018766,-0.4977039,-0.36465967,0.4420296,0.16229482,-0.1802445,-1.2215909,-0.03850673,-0.0138544105,-1.0193341,0.22953297,-0.57906264,-0.04877102,0.3646739,0.91943145,-0.11261861,-0.1942164,0.28090426,-0.55704445,0.4686418,-0.35758364,-0.07415866,-0.20285599,-0.0011247911,0.3571149,-0.55478996,0.11326481,0.04401529,0.06718163,0.118173935,-0.34670928,-0.0052286326,0.40970257,-0.24655735,0.1094752,-0.47806415,0.19221531,-0.15371948,0.17767122,0.28191194,-0.08957046,-0.55393654,-0.5734858,-0.37257797,0.3329236,-0.2764305,0.21576057,0.40088153,0.7712833,0.30148175,-0.5755036,-0.5161429,0.18313877,0.2063245,-0.0794138,0.1916877,-0.007300679,-0.10692978,-0.053510465,0.45651558,0.38098413,0.44505382,-0.37735394,0.13748056,0.50052714,0.2803678,0.12066592,0.083824694,-0.008654147,-0.36742035,0.66017526,0.13968082,-0.13339798,0.27109283,0.013409031,-0.30436614,-0.34419376,0.49963748,0.62852967,0.061996967,-0.3375166,-0.44330448,-0.06388379,-0.19076437,0.3779385,0.7599485,0.5927553,0.727905,-0.18309473,-0.62090135,0.2592731,-0.17175268,-0.1046527,-0.03760715,0.7069621,-0.57073176,-0.10756953,-0.028309703,0.29100966,0.029771913,-0.46436387,0.59062237,-0.1253636,-0.17651588,-0.04569387,-0.03234642,0.19314322,0.59390974,0.17573492,0.36689994,-0.052097127,0.17782742,0.44582748,0.45561767,0.59557784,0.39025044,-0.4395973,0.33323833,-0.050806236,0.0016323598,-0.027748136,0.19916618,0.45237637,-0.31436217,1.0826179,0.2147854,-0.050245885,-0.046542495,-0.326684,-0.28812224,-0.24010988,-0.046544038,0.2744531,0.26585025,-0.36873242,0.17113926,0.33426785,-0.004472177,-0.265464,0.14119759,0.17532006,0.063563205,-0.5048916,-0.23518617,0.19498861,-0.113117486,-0.15479654,-0.37846297,0.28952894,0.43440136,-0.7610809,-0.5942202,-0.0022557632,0.11210183,0.06194786,-0.47663277,0.24495143,-0.19402601,-0.21165852,0.37009475,-0.16667722,-0.062090203,0.07232241,0.22794275,-0.2808942,0.02442472,0.25446084,-0.048717692,8.174375e-05,0.00548162,-0.5135958,0.01155187,0.5434997,-0.19757839,-0.22473072,0.28136706,0.78750986,-0.17317942,0.3623796,-0.04964421,-0.03254441,0.08993311,0.2649002,-0.23388867,-0.40795985,-0.76211053,-1.032995,-0.053317297,-0.04062063,-0.24154527,-0.4632284,-0.48830906,-0.1385567,0.23249352,0.23061305,0.18779331,0.80823535,0.14483011,0.042159963,0.08541757,-0.024592156,-0.21137409,0.0515284,0.047761384,0.60908544,-0.15797007,0.054496422,0.20747451,-0.56034064,0.07924497,0.1521562,-0.13287705,0.08999637,-0.036281515,-0.4801581,-0.46905985,-0.27230212,-0.18805155,-0.5557263,0.0138494065,-0.15340951,-0.08476523,-0.41946277,-0.03841969,-0.69608766,0.25757575757575757,0,0,0,0,0,0,0,3,0,4,0,1,1,0,2,1,0,0,0,0,0,0,0,0.13636363636363635,0.0,0.0,0.0
0.035202652,-0.21205126,0.55401057,0.11925087,-0.08041048,-0.2192502,0.31455117,0.9893714,-0.06973261,0.043498777,0.1184062,-0.52985096,-0.054501094,0.21649261,-0.44739816,0.46820936,-0.4530204,0.01721574,0.37073854,-0.2703444,0.12953746,-0.3661396,-0.4757757,0.4884446,0.41445366,0.4221798,0.1984795,-0.026294898,-0.33400062,0.0045900242,0.9411774,0.030144187,-0.0417351,0.23130861,0.29276055,-0.5561085,0.16094948,0.05256189,-0.27349967,0.10274541,-0.09279451,0.08362627,0.33380878,-0.19326954,0.108485736,0.16129336,0.17642076,-0.039047834,0.44791698,-0.48353615,-0.42336708,-0.48607826,-0.31542096,0.028484693,0.90257174,0.06089418,-0.26122153,-0.36172333,-0.43698034,0.0023958478,0.23989174,-0.4092917,0.010103461,-0.34803256,-0.018557368,0.06868628,0.46962142,-0.4567877,-0.24160217,0.125884,0.1456389,-0.28809026,0.5640683,0.10822883,-0.04052329,-0.122487366,0.17485546,0.014458556,-0.41728976,-0.21873432,0.046525124,0.5670139,0.25555977,0.29871893,0.105393626,0.7232571,-0.0338466,-0.025028815,-0.45184016,-0.0386371,-0.04901074,-0.16157708,-0.26923257,-0.4339999,0.24025267,-0.5016898,0.22668354,-0.13436636,0.041726895,-0.17160054,0.22179316,-0.94685084,0.06176703,-0.6439913,-0.6210006,0.27281108,0.18011905,0.014903286,0.47421882,0.19347028,-0.086056344,0.14011544,-0.033847738,-0.32498127,-0.03653324,0.08962176,-0.17800891,-0.5386301,0.35588837,0.24190003,-0.11820138,0.028179668,-0.06461923,-0.13743123,-0.16551748,-0.013402138,-0.43432674,-0.18539356,-0.24796478,-0.032073148,0.46776175,0.16007833,0.33755058,-0.37478137,-0.29988563,-0.50294966,0.24876647,-0.29191762,-0.81445146,-0.19806057,-0.106445655,0.31021422,0.2538266,0.37983787,0.06443629,0.08060087,-0.2153507,-0.4986604,-0.15344897,-0.048552446,-0.14611153,0.17637496,-0.07592171,-0.49473163,-0.2698759,-0.02496624,-0.67646146,0.271863,-0.27332765,0.16494186,0.11343008,0.13216706,0.16988876,0.6168401,0.06274492,0.41867185,-0.26035497,0.29496694,0.34330276,0.054180726,0.10488361,-0.059031915,0.29495487,-0.380422,0.04846302,-0.25491485,-0.013632085,0.0019327649,0.20769686,0.47825432,-0.63912344,0.020115623,-0.33835968,-0.035191186,0.15154855,-0.031040933,0.71179634,-0.31970266,-0.07523829,0.29655,0.17579515,0.3089604,-0.34295216,-0.33286342,0.07211541,-0.24050227,0.0518883,-0.46717545,0.32505646,-0.15053178,0.007470853,0.11815537,0.38774547,-0.3141067,-0.34836066,0.36763903,-0.04317612,-0.07424429,0.010672978,0.47851285,-0.18917008,0.48609123,0.079320714,-0.14362082,-0.27422342,0.19457203,0.16078928,0.10711425,0.110174745,-0.26390898,-0.2134821,0.06416255,-0.6912883,0.42742193,-0.06515613,0.49571183,0.15866247,-0.28911078,0.32641694,0.034737013,-0.60232294,-0.72038126,-0.038271923,0.25054252,0.27685532,0.06719544,-0.42514613,-0.52179164,0.15445782,0.17899935,-0.13101426,0.1868536,0.40511477,0.38723785,-0.30387247,0.5623619,-0.031627968,-0.5827655,0.0014089857,-0.38694656,-0.4697894,-0.11215352,0.3039212,-0.032702748,0.36737576,0.058958378,-0.19716209,-0.50480455,-0.0843743,0.0060347985,0.037824076,0.2882402,-0.060240168,0.13667256,-0.06319448,0.10471126,0.6813158,-0.1365928,0.3849276,0.3330925,-0.09193939,-0.05380187,0.46217418,0.49646637,0.043375794,-0.28181455,-0.19780141,-0.11104853,0.12043383,0.23440285,0.36735195,0.20966919,-0.17182468,0.20841491,-0.21026577,0.043027237,0.022080814,0.14671947,-0.2968093,-0.053471085,0.27044517,-0.23959734,-0.11491744,-0.06374277,0.84500414,0.015975066,0.29048195,0.11685081,-0.3132179,-0.26617572,0.15381256,-0.17959481,-0.010832527,-0.34756753,0.26265407,0.29658613,-0.34815365,-0.4933527,-7.4466023,0.19631663,-0.030005967,0.3432057,-0.1701532,0.20885119,0.22935113,-0.13470262,-0.44258866,-0.2696331,0.07714133,0.05098863,-0.03537262,-0.5490939,0.52669597,-0.39308265,0.2846524,0.10911291,0.029058876,0.27475291,-0.3658624,-0.06904067,0.15381218,-0.08978251,0.11476476,0.36441615,0.15751258,0.038293887,-0.6921942,-0.2923498,0.022027265,-0.34617025,-9.605408e-05,0.08693368,0.084277146,0.34989417,-0.5132176,-0.68259984,0.48045313,0.06969582,0.08433351,-0.26852888,0.48141244,-0.35023335,0.49076682,-0.46066466,0.3116086,-0.24761696,0.2505349,0.2533791,0.016787494,0.12690501,0.3756233,-0.31601432,-0.24141045,0.13396914,0.46518952,0.8029834,-0.19356959,-0.6511643,0.26704127,-0.119808026,-0.29183993,-0.056868635,-0.280035,0.4266227,0.060622465,-0.22622757,-0.40943992,-0.47866198,0.36874503,0.07604775,0.38624012,-1.5400506,0.05183809,0.029138027,-0.46080777,0.29157242,-0.29922643,-0.23439904,-0.32083514,-0.6164533,-0.10930927,-0.19043423,0.12819636,-0.31924987,-0.17723991,0.109637804,-0.1792915,-0.13337065,0.28367713,0.47879,-0.10383498,0.21363038,-0.014978244,0.01893063,0.71546197,-0.271423,0.21839197,-0.0593274,0.20200165,0.6799025,0.21606676,0.76553786,-0.22721155,-0.009536478,-0.20695496,-0.4571737,-0.19682366,0.13242172,0.3205477,-0.7249145,0.20189948,0.15291026,-0.20542985,-0.42602962,-0.1665389,-0.5080101,-0.016450848,0.118742116,0.03324706,0.68603647,-0.12949288,0.004765109,-0.100170895,0.32602313,-0.70205766,-0.21167795,-0.4547547,0.07849924,-0.017423052,0.008304706,-0.22380447,0.2924781,-0.055737007,0.6127025,-0.29196498,-0.59942174,-0.29993114,0.31880042,0.16845787,0.5784454,0.09875819,0.28159872,0.18678047,0.5720893,0.023735788,0.011090355,-0.29644927,-0.021290466,-0.24959777,-0.33471787,-0.3875064,-0.28736383,-0.045673095,-0.19049367,0.14205813,-0.12198125,-0.19709547,-0.7510407,0.06862205,0.36247262,-0.08374388,0.80871385,0.046879143,-0.23149091,-0.3112713,-0.028529221,0.082206324,-0.14359613,-0.022963295,0.4122786,-0.41692185,-0.17704417,0.22563303,0.1878493,-0.343951,-0.15670958,-0.082542636,-0.14089577,0.08491455,0.30997235,0.5841134,-0.4185023,-0.27920026,-0.24422447,0.017705087,-0.058229428,0.18947192,0.48367676,-0.3165546,-0.32921368,-0.30156106,-0.25105903,-0.18004555,-0.2948334,0.32620153,-0.5717014,-0.1935244,0.30889666,0.08216606,-0.34498623,-0.15188695,0.08084219,-0.696339,-0.39559203,-0.027940549,0.49660528,0.12314337,0.13644038,-0.17940387,-0.20053595,0.23450968,-0.33799607,-0.44500512,0.36475563,0.24983186,-0.1879743,-0.5029898,0.39589816,-0.34595695,0.12699519,-0.14817937,-0.45303193,-0.3134783,0.1509546,-0.47001103,-0.22815438,0.049331527,-0.17831174,-0.42410615,-0.8672025,0.20256813,-0.32673213,-0.14257826,0.26882422,-0.37054604,-0.24783368,0.41244707,0.30637658,-0.09100153,-0.50028163,-0.28171906,-0.3225549,-0.62948227,0.07575279,-0.95646447,-0.07819359,-0.05085678,0.1262446,-0.029125197,-0.19181347,-0.0309862,-0.34217393,-0.15390608,-0.7212219,-0.08636227,0.4054879,0.2918404,0.5262706,-0.06070186,-0.23884895,0.16553953,0.19611429,-0.23292387,-0.5590851,0.25372148,0.12964779,-0.35540012,-0.3406694,-0.02617465,0.34752664,0.40859768,-0.08759946,0.33423752,0.055914592,0.027768213,-0.78079385,0.119323835,-0.64806426,-0.06847874,0.41565463,-0.07392825,-0.19555773,-0.38481605,-0.42826104,-0.28446004,0.87318444,0.07171412,-0.30186328,-0.113045245,-0.13267604,-0.43145162,-0.06624449,-0.26846683,-0.30327582,0.42150456,-0.18352097,0.0016095543,0.24403319,-0.14448853,0.019299328,0.07680254,-0.3799313,-0.6012471,0.16792667,0.5015032,0.060973,0.5044469,0.38050526,-0.15500367,-0.019392416,0.59916455,0.5522152,0.11591175,-0.19477743,-0.39013156,-0.3189215,0.16564736,0.17451537,0.2844671,0.21051034,0.6101909,-0.12831475,0.0215694,0.35841075,0.017481865,-0.47261977,-0.004835082,0.80144167,-0.26390764,-0.11618886,-0.45908478,-0.3652085,-0.039236892,-0.28256062,-0.12371934,-0.1602296,0.103955515,-0.17773004,-0.3699729,-0.09062749,0.50554293,0.52178615,0.5539191,-0.19249527,-0.12699471,0.19761732,0.31492627,-0.23478414,0.3927686,0.07634142,0.03673482,-0.036051527,0.35139507,0.32666767,0.012286432,-0.14907582,-0.43602973,1.1751938,0.7877112,-0.21421894,-0.29149655,0.19945358,0.03529041,0.22704786,-0.039678082,-0.3459998,7.279486e-05,0.29384673,0.037491187,0.33229554,0.10659954,-0.18327126,0.3816465,0.14597784,-0.41269466,-0.3564767,0.39318743,-0.10823159,-0.022765731,-0.08217801,-0.13299008,-0.29638153,0.7619882,-0.95649636,-0.35580012,-0.43550044,0.08261091,-0.3046869,0.00019388438,0.21803877,-0.1417865,-0.37523165,0.5619503,-0.2915384,-0.014749643,0.13669336,0.22167501,-0.22020108,0.008243177,0.07573254,-0.027162677,0.22487992,-0.3161107,-0.1386516,0.05956667,0.15274768,-0.14544196,-0.533292,0.12476597,1.1505741,-0.08324543,0.14403184,0.09957861,-0.33968353,-0.10565966,-0.16253915,-0.5126368,-0.5107623,-0.40969518,-0.2698871,-0.5195721,0.0830445,0.32621503,-0.69236356,-0.5222779,0.12451885,0.14171997,-0.054322995,0.2132131,0.39153236,-0.23429655,0.26806307,0.3035433,-0.13799457,0.061328746,0.051646903,0.040760975,0.23490539,0.011522986,0.15826729,0.35863286,0.016933609,0.07367466,0.18262523,0.4958997,-0.61049557,-0.3157281,-0.17419624,0.16617122,0.023840658,0.13415857,-0.57402265,0.102763034,-0.07574588,-0.104171984,-0.42130318,0.12877442,0.16254921,0.0,0,0,1,0,0,0,0,0,0,0,0,0,0,0,0,0,0,0,0,0,0,0,0,0.0,0.0,0.0,0.0
0.19293834,-0.21708648,0.95661145,-0.2527592,0.16051577,-0.15638596,0.12425142,0.39189088,-0.29137072,-0.59983426,0.22913139,-0.35792327,-0.09361867,0.7768402,-0.023924053,0.5615823,-0.18076737,0.4010799,0.19155747,0.22315319,0.08694691,-0.21809363,-0.5220473,0.3853866,0.035736088,0.22588105,-0.19985668,0.03320513,-0.29620296,0.14545575,0.85013753,0.022466183,-0.41471723,0.21516825,-0.16864677,-0.61809987,0.14118968,0.2455989,-0.42568615,0.20343025,-0.2255681,-0.09973555,0.46752533,-0.31624255,-0.13008729,-0.37817124,0.09452954,-0.115367346,0.09694316,-0.14070188,-0.56883353,-0.4985272,-0.4641118,-0.016653148,0.51708,-0.13447183,-0.50956774,-0.70324063,-0.7515304,-0.7515052,0.20915647,-0.60773563,0.35562277,-0.6625119,0.06238396,0.007539435,0.6889911,-0.33361748,-0.639465,0.5734671,-0.10026586,-0.22595586,0.2737282,-0.011608823,0.094771534,0.25156033,-0.08677762,0.20719975,-0.36866415,0.019078912,-0.15962312,0.3064181,0.102626525,0.15045698,0.10611757,0.39109036,0.36356452,0.17725687,-0.33228526,0.1558512,-0.123329096,-0.20791356,-0.025599761,-0.21888572,0.20423186,-0.4570696,-0.17755799,-0.10070312,-0.22508033,-0.17219329,0.41814014,-0.7305258,-0.30510828,-0.8429093,-0.4948254,0.24570675,0.06932212,-0.06081608,0.43301037,-0.15481474,-0.048164636,0.02947591,0.13840236,-0.4954988,0.006665271,0.1378418,0.08260932,-0.39315546,0.12705351,0.5017803,-0.07398154,0.30439088,-0.18976176,-0.07853026,-0.12829737,-0.008068285,-0.14352821,-0.36821482,-0.22933413,-0.44264352,0.50580174,0.13862501,0.09592434,-0.47646043,-0.33787325,-0.247051,-0.024251139,-0.4962149,-0.6816556,-0.5044207,0.13476357,0.038043365,0.3280727,0.40675437,0.23747982,0.19294946,-0.19820817,-0.14010665,-0.58341074,0.13557895,-0.3072327,0.24002455,-0.0193269,-0.30069008,-0.5101033,0.10191935,-0.9581766,-0.064346105,0.44665954,0.65969795,0.5464127,0.18417348,0.05313194,0.6928296,0.19952337,0.6001065,-0.40937576,0.5864904,0.18286258,0.006415803,0.26852855,-0.11921402,0.018775648,-0.34731305,-0.10260785,-0.05725241,0.1658032,0.08243334,-0.12372136,0.27691165,-0.62902045,-0.05486701,-0.43353844,-0.60017926,0.3490614,0.060636163,0.7938501,-0.28569663,0.08600963,0.36154845,-0.43906537,0.009755433,-0.085183956,-0.21998924,0.3648564,-0.14198157,-0.12266482,-0.33030674,0.4193906,-0.19867073,0.06329371,0.19911604,0.39067674,-0.16393186,0.20874332,0.25972372,0.1557444,-0.28219873,0.21106708,0.34247145,-0.5644112,0.37134647,0.23261064,0.0040834057,0.13160087,0.14134216,0.0679053,-0.03342795,-0.24095535,-0.14949708,-0.006041912,-0.035025727,-0.5253102,0.44026366,-0.13102822,0.8192082,0.22571802,-0.63764125,0.40036342,0.120212205,-0.61848027,-0.68501204,0.42246237,0.029602787,0.16048057,0.24965458,-0.24999638,-0.5620929,0.07622372,-0.18066436,-0.28536424,0.09741468,0.070661105,0.15533198,-0.45237815,0.82238317,0.12932236,-0.6999655,0.18667264,0.04531048,-0.51232904,0.11878252,-0.042825256,-0.103695594,0.46453956,-0.012519213,0.21922928,-0.5647593,-0.16364616,-0.30332664,0.10836647,-0.2619122,0.41535184,0.3571314,0.008635506,0.42213568,0.6514296,0.03865022,0.04113379,0.30306873,0.08255332,-0.44523987,-0.040477823,0.81858563,0.37502244,-0.1236343,-0.06944192,-0.13915128,0.2998023,-0.25760862,0.08473751,0.08345318,-0.23845692,0.064895235,-0.05587284,-0.43473467,-0.3431573,-0.07259121,-0.2889391,-0.40332273,0.13591327,-0.13822293,-0.3160827,-0.35180914,0.8337228,-0.15031618,0.33925638,0.36718026,-0.26600972,-0.17099182,-0.04769854,-0.17627595,-0.00026379433,-0.5910753,0.297837,0.7028033,-0.24912672,-0.27608505,-7.8803535,-0.06417083,0.32614583,-0.25434527,-0.001685835,0.25922623,0.64291686,0.07476858,-0.16719884,-0.12264971,0.03309874,0.008953157,-0.20844764,-0.47631085,-0.02214423,0.007176272,0.47493097,-0.029503427,-0.16580589,0.41170767,-0.7467254,-0.54354537,0.5944751,-0.28019923,0.14427449,0.11919116,0.38825765,-0.28268388,-0.34652886,0.02279714,-0.16675274,-0.36218727,0.00606372,0.4759957,-0.198286,0.4156116,0.15401663,-0.37859964,0.0043218243,-0.19280152,0.65124464,-0.39239416,0.17275403,-0.4215018,0.89833736,-0.43410552,-0.11995927,-0.082068436,-0.28018746,0.36830023,-0.279983,-0.03605165,0.5602778,-0.82667,0.3606546,0.37253475,0.20972604,1.0455815,-0.30476147,-1.0865813,0.029181236,-0.4146196,-0.5551819,0.0412013,-0.036792003,0.25557312,0.021623777,-0.24634814,-0.25822738,-0.82199293,0.19538097,0.046002354,0.48855388,-1.1968703,-0.3115221,0.08705023,-0.40823448,0.06018734,0.28159663,-0.13023731,-0.6785733,-0.6934082,0.06038354,-0.0170196,0.12151,0.17476082,0.41035423,0.012559992,-0.45706403,0.28104037,0.035366252,0.2623648,-0.20339131,0.6117985,-0.20448647,-0.053545803,0.90015197,-0.09445327,-0.018448822,0.17068167,-0.26877394,0.50574046,-0.07769156,0.38200998,0.046943706,0.064276285,-0.45102096,-0.35895917,-0.18707733,-0.24368805,0.31008866,-0.5906451,-0.09029845,0.50073266,0.065039925,-0.39125416,-0.20641953,-0.50113285,0.16554038,-0.31952602,0.32672834,0.58714586,-0.8866699,0.2303266,-0.26091328,-0.22480935,-0.65143436,-0.25377896,-1.0008861,-0.03592136,0.13494761,0.07674381,-0.013811849,0.54605013,0.2864413,0.8324084,-0.25267953,-0.6016614,-0.2230394,0.08948914,0.48355377,0.6950404,-0.2820989,0.33106068,0.46697262,0.4442682,-0.48493934,0.13076457,-0.397059,0.24704926,-0.08649489,-0.5600446,-0.3300265,-0.20945054,0.050326567,0.1948247,-0.050700467,-0.32111236,-0.40811503,-0.16513608,0.22579466,0.30858925,-0.14425848,1.0754592,-0.019198349,0.101373285,-0.60740453,0.591511,0.18452291,-0.27745706,-0.08620206,0.6100777,-0.15624687,-0.4569212,0.4667069,0.16009967,-0.3992475,-0.35014805,0.0754934,0.23245192,0.054219365,0.07350354,0.3219179,-0.60623795,0.11276287,0.25093663,-0.048768368,-0.13672847,-0.04345691,0.62247115,-0.63126576,-0.09971411,-0.11735884,-0.6294518,-0.0035790957,-0.2758623,0.5871933,-0.56690294,-0.28486165,0.38819835,0.015259753,-0.15389629,-0.34441724,0.014839922,-0.9180963,-0.15990464,0.00888512,0.72226405,0.09516448,0.037630565,0.23238365,0.01636978,0.18746048,-0.38136128,-0.48774287,0.006717369,-0.024705632,-0.31647757,-0.2798223,0.3251982,-0.34682944,0.11305358,0.03478353,-0.4379486,-0.4178892,-0.18880917,-0.19524974,-0.23957472,-0.43728915,-0.004425283,-0.33239675,-0.8290419,0.41506597,-0.41362658,-0.4595721,-0.17825598,-0.050076682,-0.13680468,0.31416208,0.50992876,0.02405688,-0.8520775,-0.16856895,-0.26042128,-0.69156164,0.4572685,-0.6636762,-0.16230033,0.21195924,0.60531676,-0.08317363,0.03669914,-0.05439363,-0.4740962,0.12367269,-0.39806414,-0.2720567,0.3082633,-0.070514895,0.3567066,-0.3346466,-0.29658833,0.12821579,0.20516928,0.15875848,-0.49959245,0.27025753,0.2540365,-0.26213866,0.008687046,-0.27579528,0.6134059,-0.11502704,-0.20009683,0.060093615,0.30932418,-0.036920503,-0.74842596,0.24422963,-0.55059224,0.10892936,0.14155829,0.026367292,0.19126076,-0.30576202,-0.6496229,-0.3221347,0.29254648,0.10220199,-0.3917947,-0.07045344,0.06960769,-0.5054434,0.22329885,0.15105556,0.23815215,0.35535774,-0.34465662,-0.09019407,0.47122157,0.10149038,0.18091828,0.051088292,-0.13643332,-0.18874668,0.55603915,0.45573053,0.06225648,0.18875997,0.26364008,-0.41573945,-0.031168079,0.14697355,0.25292438,-0.1584066,-0.6515729,-0.20633978,-0.33286884,0.343477,-0.030572271,0.30920318,-0.060323436,0.48759127,0.002502909,-0.63709223,0.64891416,-0.08452583,-0.32313356,0.0146276625,1.1880492,-0.12487749,-0.38912973,-0.3226577,-0.07022872,0.17156725,-0.22604166,0.40044573,-0.21636307,-0.016884452,0.30429786,-0.25239155,0.28625688,0.63743484,0.52782327,0.32336113,0.3086593,-0.5637105,0.33271548,0.5340743,-0.2884114,0.41544816,-0.035974845,0.29937243,0.16942805,0.04801305,0.24005555,0.32481554,-0.11791498,-0.52135295,0.9041648,0.7600217,-0.11240172,-0.070621595,0.035675094,-0.3818318,-0.23374392,-0.1933754,-0.22589783,0.10013291,-0.32058027,-0.09384609,0.3808838,-0.060673177,0.023431098,0.227939,0.35056937,-0.13356842,-0.43050003,0.24364692,-0.061391354,-0.08886207,-0.20554048,-0.27473387,-0.039329745,0.60974604,-1.0406283,-0.09855918,-0.2394923,0.4792838,-0.17238043,0.28902876,0.056980107,-0.107120104,-0.3326386,0.53918165,-0.20600164,0.1485249,-0.025063405,0.7080254,-0.0870967,-0.064452864,0.11323411,0.0630599,0.08976252,-0.19147997,-0.27648923,0.13059327,0.30833519,-0.36061525,-0.96840006,0.3273901,1.042356,-0.026405206,0.2951791,0.026733845,0.02135563,0.038736194,0.17654675,-0.13445559,-0.5550541,-0.35192248,-0.74784166,-0.01802697,-0.14629938,0.079317175,-0.5390813,-0.40996268,-0.15682432,0.18844397,0.31251323,0.7250679,0.69481355,0.38392675,0.006382473,0.47108197,-0.26173642,-0.22747566,-0.15086941,0.16251226,0.10472536,-0.025834354,0.3041508,0.10684758,-0.2667621,-0.09281448,0.44308123,0.113632865,-0.45466807,-0.36594507,-0.35819253,0.06377564,-0.19064756,-0.14654739,-0.5795369,-0.33110622,-0.2920722,-0.12243088,-0.11223032,0.31996652,-0.11566627,1.0,0,0,0,0,0,0,0,0,0,2,0,1,1,0,3,1,1,0,0,0,0,0,0,0.8,0.2,0.0,0.0
0.15326431,-0.37437722,0.7041454,-0.45939872,0.043203402,-0.32574686,0.11583123,0.37893435,-0.091637604,-0.83235544,-0.084806085,-0.008381785,0.026210986,0.74002135,-0.3935383,0.5717683,-0.33371547,0.056175336,0.04834594,0.110997155,-0.484783,-0.101715274,-0.7344469,0.0654258,0.35580432,-0.12589468,-0.3987517,-0.3245032,-0.8478882,0.6127105,1.3085343,0.017969588,-0.61143696,0.37512314,-0.21189371,-0.47716686,0.34819278,0.31599522,-0.9507383,-0.02100002,0.05967265,0.16487992,0.6248737,-0.27241316,-0.18174455,-0.32288855,0.14394619,-0.27930573,0.016352236,-0.17216009,-1.0795369,-0.83549076,-0.2343141,-0.03475545,0.54451966,-0.19577807,-0.54789436,-0.5502976,-0.573921,-0.29383734,0.29157576,-0.358443,0.16106884,-0.752985,-0.18219525,0.038168397,0.9447548,-0.2435588,-0.5514746,0.43093368,-0.30968365,-0.13009535,0.11286256,0.0655888,-0.18338045,0.0131187495,0.0074896286,0.44041538,-0.69508487,-0.09675243,-0.32424083,0.7124728,0.024261111,0.020042734,-0.21963897,0.6803777,0.11506203,0.096691824,-0.5192125,0.07714751,-0.27571929,-0.49129745,-0.19737722,-0.20816344,0.23465328,-0.28051412,-0.09157517,-0.014375792,-0.16591641,0.13739684,0.27293718,-0.9923416,-0.40404984,-0.9237012,-0.606999,0.39043772,-0.23984252,-0.116237395,0.3556498,-0.08654504,-0.2048373,0.30470732,0.08208021,-0.6668751,-0.13441901,0.010567453,-0.4446183,-0.32224151,0.055845167,0.17347805,0.0463938,-0.09974017,-0.1793361,0.041484278,0.27806962,-0.12015717,0.35821116,-0.35373676,-0.056666497,-0.3753954,0.2561144,0.07609486,0.340883,-0.18250546,-0.83920723,-0.08189539,0.08053453,-0.19630569,-0.6836711,-0.55450594,0.0023428285,0.08568733,0.48110247,0.3860811,0.115794174,-0.12495749,-0.077718504,-0.044442676,-0.30127043,0.2938099,-0.0872773,0.060764432,0.075009584,-0.22547302,-0.5761766,0.016272385,-0.6990707,0.26290914,0.25747797,0.840007,0.20884952,0.14043988,-0.40899152,0.53788596,0.026050128,0.809116,-0.5479791,0.6756761,0.7080361,-0.22040834,0.34789217,-0.38686895,0.031768873,-0.24588062,-0.3855094,0.31600124,0.056056842,0.046046928,-0.003974785,0.30146554,-0.6388624,0.2153204,-0.42376584,-0.672177,0.08663743,0.011247033,0.9094669,-0.17462716,0.20444013,0.6480122,-0.6239548,0.24478011,-0.08884979,-0.2640664,0.19762936,-0.16034763,-0.2702762,-0.33765876,0.065140896,-0.59209836,0.5160658,0.6311896,0.41109154,0.059006736,0.544259,0.4565568,0.17809787,-0.42633125,0.34008944,0.3784587,-0.43479988,0.43726385,0.10055209,-0.048902214,0.14441726,0.026457865,-0.047048125,-0.38749167,-0.09829871,0.024875797,-0.24455792,-0.36256632,-0.5715521,0.6367984,-0.59131026,0.5036511,0.11634247,-0.17457522,0.003298116,-0.023103334,-0.58829015,-1.171054,0.4685438,0.3411595,0.18307497,0.26847473,-0.37111977,-0.25191438,-0.016372332,-0.080462806,-0.2887961,-0.09141207,0.5232201,0.06688969,-0.13440827,0.9844738,0.016005237,-0.5330872,0.27214393,0.38985625,-0.5557105,0.12632445,0.06487022,-0.5376818,0.46605378,-0.0029747086,-0.271272,-0.25807416,-0.452361,-0.07379884,0.16991505,-0.06493166,0.36959064,0.40637338,0.2552135,0.07083928,1.2766461,-0.10252764,-0.37662098,0.16542886,0.01950438,-0.22243086,-0.16060168,0.8423404,0.049752936,-0.06842946,-0.109072395,-0.15649416,0.2422521,-0.09767347,0.3345009,0.1256114,-0.64925253,0.014099091,0.013010106,-0.0822667,-0.33518413,-0.048855294,-0.24124733,-0.22869296,-0.5058019,-0.30021828,-0.25311282,-0.2730563,0.9646389,-0.06809405,-0.016311115,0.6388883,-0.20103802,-0.5917645,-0.13936481,-0.39680478,0.23107108,-0.33720797,0.3041237,0.7092104,-0.23115234,-0.094519846,-4.904024,0.008523065,0.12965287,-0.16433139,0.24561854,0.15644012,0.5824187,-0.08126164,-0.5416725,-0.3456882,0.096883945,-0.15832919,0.115245156,-0.19568682,0.29312554,-0.4022649,0.5290107,-0.06951776,-0.41215438,0.31749284,-0.7464409,-0.5963083,0.52046984,-0.47198632,0.5593944,0.069474176,0.25862956,0.079731286,-0.60965735,-0.12953348,-0.17522585,-0.42771786,0.12279751,-0.08481374,0.059119448,0.2731589,-0.19300793,-0.3260851,0.4498948,-0.46555635,0.6756484,-0.50911874,0.15811536,-0.53807914,1.1766348,-0.36923093,-0.15959312,-0.39091188,-0.3004197,0.2737743,-0.3222752,-0.20812501,0.7798819,-0.4826322,0.006263362,0.4047474,0.007329862,1.0504847,-0.44695234,-0.761664,0.44027364,-0.13156122,-0.36964095,0.5855969,-0.013781298,0.48444948,-0.3878818,-0.13327791,-0.45131943,-1.0711001,0.41518134,0.73024553,0.64347494,-1.2016693,0.12484026,-0.22904211,-0.45853665,0.08597912,0.04708496,-0.38564608,-0.67393327,-0.23662552,-0.22651063,-0.46154204,0.098664,0.3570905,0.3462306,-0.31869075,-0.34175274,0.14174423,0.08025784,0.20330667,-0.0721345,0.6218143,-0.18913938,-0.1363796,1.3554384,-0.095587514,-0.09556908,0.14565173,-0.37037328,0.603578,-0.18723553,0.47023728,-0.39146698,0.1848835,-0.8337087,-0.6291762,-0.012120228,0.1056824,0.62074757,-0.47872254,0.19561861,0.50090444,-0.16009283,-0.28742704,-0.06014142,-0.7291784,0.27121785,-0.53133535,0.13073735,0.54592615,-0.58541685,0.28034762,-0.0016851533,-0.02194762,-1.0488209,-0.5427652,-0.8185713,-0.15955903,0.24409157,0.19862637,0.056877688,0.72706693,0.2979716,0.94018084,-0.4417578,-0.6623111,-0.25032768,0.13289458,0.58086586,0.7921768,-0.1303568,-0.06717989,0.16203131,0.8621647,0.03821002,0.09135174,-0.1738167,0.39635727,-0.115030244,-0.7656116,-0.40132138,-0.286303,-0.012847353,0.46163857,-0.024291309,-0.43075272,0.010274107,-0.28224668,0.12880184,0.53344387,-0.24052529,0.6556831,0.061795875,-0.079653084,-0.46319723,0.51370907,0.25567028,-0.6610244,0.13115738,0.52658856,-0.09985523,-0.22107773,0.5526607,0.043774914,-0.29946783,-0.6181322,0.069548205,0.20926256,0.08896527,-0.12339295,0.5001999,-0.71523166,-0.18270549,0.4701524,-0.22478637,0.108855814,0.13556536,0.7006828,-0.81332743,-0.11644829,-0.09762015,-0.3416837,-0.29956433,-0.23148142,0.52057326,-0.46946707,-0.34382102,0.22510196,-0.00042815684,0.21838303,-0.067344666,-0.24831463,-0.84291893,0.116532326,-0.07441538,0.550643,0.0068786903,-0.23025233,-0.13028167,0.21567725,0.0245273,-0.35415584,-0.1452606,0.19606906,0.0611454,0.23742265,-0.5853843,0.6616665,-0.5838452,0.1738541,0.16955876,-0.3065572,-0.3766883,-0.11306036,-0.13525783,-0.35339722,-0.42752352,0.07474561,-0.29488257,-0.4798578,0.43008024,-0.46788588,-0.34384724,0.10737984,0.040241014,-0.19064364,0.26355326,0.5711561,-0.17767006,-0.81217045,-0.31344682,-0.023639923,-0.7269639,0.12714909,-0.76587737,-0.20074452,0.10013174,0.78715837,0.4274188,0.08305216,-0.2043954,-0.6876072,0.3903351,-0.8662854,-0.085669756,0.22584768,0.21839887,0.8023106,-0.28938958,0.016796565,0.425238,0.40488988,-0.25489256,-0.42258388,0.20065951,0.42882597,-0.25952303,-0.1802114,-0.28597,0.8028767,-0.13374905,-0.20600289,0.34465182,0.38821888,-0.09539861,-0.64036125,0.008105579,0.09150643,-0.19241406,0.3283317,0.021430807,0.24075209,-0.4020498,-0.76172423,-0.092794105,0.21695083,0.26360205,-0.69210255,-0.27045056,0.28341854,-0.49374893,0.26504079,-0.011351741,0.30669558,0.23603693,-0.1165221,-0.1284879,0.6288398,0.23651403,0.21461748,0.3289998,-0.21628618,-0.3623576,0.6798563,0.43095204,0.08405029,0.46702072,-0.145658,-0.5318196,-0.22364506,0.5885529,0.45301008,-0.041027576,-0.71493506,-0.83542615,-0.80195403,0.07555748,0.18446541,0.5200643,0.007545505,0.5300904,0.10000182,-0.5015871,0.37820512,-0.29030806,-0.47858045,0.01543009,1.3384988,-0.16462101,-0.51366407,-0.14119054,-0.41651478,0.21402979,-0.07482163,0.36616352,-0.20746751,0.08341604,0.12992041,-0.49223754,0.26664183,1.0206457,0.73003316,0.26414454,0.3579521,-0.5353058,0.18355931,0.69197375,-0.50965697,0.32926205,0.064745404,0.4142307,0.48956984,0.10688572,-0.12016237,0.40486228,-0.053540405,-0.34109,0.60411334,0.9894846,-0.17550598,0.11555055,-0.12479732,0.15597473,-0.08200843,-0.39457703,-0.45608756,-0.0023269253,-0.4324644,-0.055689767,0.26321676,-0.3122451,-0.04176784,0.18172002,0.26633394,-0.046424225,-0.11453052,0.5578992,-0.20097451,-0.21606636,-0.3373234,-0.2369199,-0.17204857,0.5455176,-0.97155863,-0.57972205,0.016213661,0.5980643,-0.37051135,0.22257686,0.06592378,-0.36965257,0.07488408,0.6196385,0.10239143,0.18823737,0.29056245,1.0215983,-0.4844281,0.027431322,0.10071638,0.283762,0.16275622,-0.23001777,-0.30818862,0.12095075,0.031066688,-0.5695474,-1.2753934,0.3189123,1.2280865,-0.24334297,0.50349754,0.14135757,-0.22641169,-0.100019574,-0.10205699,-0.37401286,-0.7599574,-0.32115322,-0.52628595,-0.25316408,0.08795138,0.38914844,-0.94369525,-0.25040042,-0.0198181,0.28043488,0.2823987,0.58540964,0.4590614,0.12914458,0.22531761,0.8155836,-0.36907464,-0.1900829,-0.36342755,0.024548544,0.59631115,-0.0066697747,0.34926605,0.3483159,-0.46503174,-0.38205364,0.060308956,0.4265828,-0.5250332,-0.049351834,-0.053836323,0.036008414,-0.34280294,-0.15005845,-0.51359135,0.026345724,0.0433433,-0.081094585,-0.33992404,0.29397333,-0.09239007,0.2,0,0,0,0,0,0,0,0,0,3,0,0,2,0,1,0,2,0,0,0,0,0,0,0.0,0.4,0.0,0.0
0.015482586,-0.6104476,0.7074042,0.0951387,0.047857303,-0.3097598,0.15107842,0.7009727,0.02360319,-0.2715309,0.12404027,0.05439698,-0.008189283,0.29600933,-0.45733428,0.5682804,-0.03109157,0.15015636,0.3532858,0.080743425,-0.03156223,0.20540807,-0.89419734,0.26324686,0.09912472,0.11600258,-0.44683558,-0.27931458,-0.36191586,0.7445224,0.76249075,0.02447912,-0.5086784,0.2964719,-0.26127177,-0.30879432,0.27489042,0.21543506,-0.6741144,0.48006612,-0.032811016,-0.27461943,0.19015285,-0.19796735,-0.15784065,0.05516518,-0.17246264,-0.10037474,0.09889239,-0.5462297,-0.74747115,-0.8965008,-0.019461442,0.08400716,0.20709254,-0.059183404,0.0013393543,-0.48587877,-0.64635277,-0.32708734,0.26121265,-0.23512624,0.1615284,-0.65384585,-0.005025809,-0.00697603,0.7033896,-0.23803133,-0.29195556,0.39376897,0.17815557,-0.51633763,0.6537705,0.10835785,0.32713112,-0.02058099,0.025983214,0.53315973,-0.33811316,-0.21552111,-0.0076639587,0.41992137,0.07357285,-0.18247408,-0.17466334,-0.045613747,0.23045102,0.1882735,-0.35984516,-0.028336799,-0.26753485,-0.6629793,-0.44958836,-0.27889574,-0.025470156,-0.1524396,-0.24184848,-0.13885151,0.33605152,-0.5694765,0.13885847,-0.80434406,-0.28841633,-0.61644375,-0.50605255,0.03212327,-0.15151314,-0.14328447,0.5211635,0.09994449,-0.28080484,0.09407362,0.52587444,-0.47084075,0.010058135,0.2919478,-0.6361055,-0.42088732,-0.054695886,0.49429423,-0.110237084,-0.2563473,0.062088605,-0.17514668,0.039334055,0.08742823,0.046475984,-0.15629081,-0.28956065,-0.21260585,0.34827,0.07557695,0.25052574,-0.07743907,-0.37546802,0.1658568,0.12849255,0.08465059,-0.33460042,-0.5429743,-0.06322232,0.57140994,0.05280603,0.40437523,-0.01718826,-0.11578147,0.03608651,-0.010108176,-0.40550947,0.32588753,-0.39568985,0.14880784,-0.13577968,-0.34829608,-0.1900034,-0.1789021,-0.7820438,0.5771504,0.29996705,0.8661192,0.2121526,0.14817895,-0.11146685,0.26566958,0.21422012,0.5285612,-0.18452579,0.87808347,0.20691293,-0.2826896,0.5767109,-0.54466414,0.5155031,-0.17531836,-0.07433361,0.13862284,0.39604926,0.0005719387,-0.05919255,0.42313543,-0.83121073,0.48481002,-0.27949888,-0.25729603,0.4192799,0.019181574,0.48767915,0.16261761,0.38947368,0.23232791,-0.23479363,-0.058712956,-0.43335137,-0.25550306,0.1861907,-0.33985612,-0.05470057,-0.48028576,0.40871796,-0.48636562,0.38954276,0.40372005,0.5451968,-0.006518518,0.1278811,0.8302446,0.2610817,-0.51046926,0.066262774,0.44816872,-0.60595506,0.6687137,0.21535613,0.12935726,0.05868674,-0.052151002,-0.09101712,0.088384174,-0.041968986,0.08673647,-0.29303584,-0.60319763,-0.3237132,0.08019716,-0.47582287,0.62356466,0.33538395,-0.37474915,0.39487326,-0.061531305,-0.8445614,-0.6320566,0.15365678,-0.06450776,0.42201173,0.17589854,-0.41082817,-0.1504143,-0.037724655,-0.028858917,-0.5122157,-0.1719502,0.30065483,0.092172,-0.6064208,0.7163656,0.11790005,-0.90961933,0.15160787,0.022081818,-0.5806686,-0.1555856,0.16419461,-0.42642868,0.22804186,0.016223107,-0.24879889,-0.21049084,-0.070227966,-0.3124091,0.34405383,0.2334407,0.6432633,0.23359601,0.40310264,0.24821836,0.52718604,-0.08234696,-0.4236752,0.22461894,-0.040218372,-0.21782894,-0.053080313,0.51841223,-0.02504732,-0.37035835,0.34896064,-0.28277946,0.1122584,-0.2997263,0.20069875,0.15131624,-0.55701274,-0.14112596,-0.02898189,-0.15596728,-0.22553682,-0.38591573,-0.036926173,-0.22713989,-0.10053466,0.0025101202,-0.3585969,-0.42618987,0.72095674,-0.1352493,0.10441494,0.5866455,-0.01870839,-0.31974515,0.08314043,-0.09505121,-0.07852629,-0.18555926,0.2777134,0.71754473,-0.31377625,-0.0059799375,-5.8059893,0.20993161,-0.11796385,-0.12460739,-0.14971188,0.2692785,0.433151,0.024298495,-0.62535745,-0.041308403,0.3224621,-0.10313891,-0.29965252,-0.0041588945,0.0063292645,-0.3763683,0.26834044,-0.28001195,-0.056664865,0.45024887,-0.6243322,-0.9895025,0.60543317,-0.48556226,-0.15084565,0.4235907,0.35013744,0.29720065,-0.7924932,-0.2613907,-0.7201316,-0.19118267,0.06664155,-0.107005455,-0.22174333,0.38214627,0.096761376,-0.5135342,0.41163218,0.0031889977,0.612191,-0.052270833,0.14447418,-0.14798275,0.87255126,0.05257746,0.20035404,0.0238331,-0.4529647,0.21180134,-0.31993917,0.11609457,0.43857577,-0.54888487,-0.022957455,0.20621224,0.18476035,0.83852214,-0.20833784,-0.65463847,-0.07764573,-0.22899684,-0.059377164,0.4702636,-0.17438671,-0.09116787,0.01954327,0.011601676,-0.28088194,-0.43730512,0.09983922,-0.28317994,0.561068,-1.3377738,-0.07838362,0.02531312,-0.6044488,0.31968537,-0.01680157,-0.43195125,-0.97424674,-0.6890985,-0.051327307,-0.24953721,-0.1652772,0.039686207,-0.026284898,-0.29108265,-0.24822375,0.3742678,0.0021972186,0.36555684,-0.31623593,0.601164,0.101501174,0.2317702,1.171467,-0.12911345,0.17802155,0.38541362,-0.7124082,0.4533995,0.1350177,0.1747415,-0.16942729,0.06459814,-0.94042915,-0.38119805,-0.029165795,-0.24366955,0.089188315,-0.33895886,-0.0748046,0.3872705,-0.0155472085,-0.47979742,-0.15406746,-0.48279482,0.43729612,-0.47117692,-0.25381568,0.18228647,-0.5015699,-0.10888175,-0.080681086,-0.3910906,-0.4196794,-0.3489263,-0.6119774,0.45963067,0.15466125,0.04825542,0.30094615,0.06875009,-0.2374339,0.873865,-0.09204638,-0.2751625,-0.039549313,0.34587196,0.23671316,0.51483566,-0.01761469,0.09406067,0.3047644,0.4997581,-0.6803615,-0.051121786,-0.19652413,0.75964755,-0.068211265,-0.76279354,-0.0036408703,-0.51785886,0.007771245,0.17352735,0.18518524,-0.4764797,-0.012505154,-0.027313609,0.024837913,-0.12330552,-0.22971314,0.42447004,0.20493436,-0.23439285,-0.5412254,0.5518682,0.09442602,-0.45716372,0.67609847,0.46816957,-0.503659,0.09587848,0.40021384,0.12179503,-0.4844076,-0.79145056,-0.16866381,0.03621471,0.1544499,0.03295413,0.3965939,-0.6319163,0.1659244,0.4497737,-0.20989761,0.37913767,-0.08389177,0.9095106,-0.056289636,-0.34609336,-0.15625325,-0.295485,0.026662268,-0.21722715,0.5031018,-0.42916074,-0.55684525,0.3911245,-0.1228077,-0.159588,-0.09093049,-0.11035205,-0.5631167,-0.1836449,0.25529498,0.39844933,0.10559853,-0.014403123,0.034838416,0.22261038,0.17364894,-0.45160282,-0.58079785,0.060326766,-0.3253976,-0.08566225,-0.31418625,0.0375095,-0.62702185,0.12926157,-0.22927211,-0.28259763,0.076599844,0.0015422117,-0.22736019,-0.6219168,-0.41716972,0.05148874,-0.06742992,-0.13111004,0.32088515,-0.28870368,-0.07486151,-0.2669543,-0.07166631,0.108984336,0.15977971,0.49092564,0.0850654,-0.6466912,-0.2838483,0.31806263,-0.52290404,0.6322192,-0.50719225,-0.30001646,0.09291561,0.7670435,0.36031184,-0.05756908,-0.078937076,-0.93666077,0.20999457,-0.49233326,-0.22410354,0.2624009,0.28377452,0.30950668,-0.77510774,0.3531932,-0.03698952,0.04411036,-0.02232191,-0.29723942,0.24028577,0.6175707,-0.26156265,0.4720549,-0.38680875,0.41295335,-0.004807705,0.09177469,0.26578125,0.025782127,-0.5254344,-0.6035975,-0.14437473,-0.3285299,-0.038897566,0.2800786,-0.1726884,0.20914936,-0.5517973,-0.44295782,-0.249039,0.08805105,0.31884456,-0.34381938,-0.52732927,-0.11850505,-0.27539364,0.14481784,0.1742617,0.45703536,0.06687726,-0.33823517,0.07317095,0.28298604,0.0009940197,0.024178809,-0.18821734,0.025059791,-0.18896776,0.80216444,0.2739551,-0.15235956,0.2644497,0.34350166,-0.3237442,-0.46879986,0.1815269,0.39426833,-0.23764415,-0.64429384,-0.29604223,-0.16306795,0.21769318,-0.02560145,0.63721,0.056649324,0.5539422,0.37029493,-0.49618396,0.053793672,-0.065301344,-0.4905714,-0.016093384,0.86925536,0.20615731,-0.2707155,0.17132701,-0.08544904,0.50191134,-0.04455331,0.22587602,-0.13329972,0.13192855,-0.3201352,-0.017686933,0.31920674,0.5468665,0.6717764,0.19139554,-0.04924133,0.033026803,-0.08687085,0.41524246,-0.11564104,0.30587435,-0.019484652,0.19731438,-0.007831281,0.1648027,0.1683424,0.094793856,0.01033486,-0.1595585,0.67830116,0.75336784,-0.05476871,0.0087988395,0.1360814,0.012630699,-0.23569098,-0.6566972,-0.3755367,-0.08918106,-0.22451672,0.09995526,0.3702134,0.29670784,-0.09785735,-0.12391713,-0.14741766,-0.048304882,-0.2872577,-0.07556728,-0.21493575,0.16576464,-0.24580619,-0.19753224,0.013405512,0.9741662,-1.0403308,-0.22067031,0.122740574,0.40127128,-0.062328283,0.2194449,0.021668866,-0.34003684,-0.3120577,0.7912857,0.031110868,-0.07020264,0.3124374,0.5495073,-0.28107232,0.15627696,0.15765707,0.22209209,0.0313039,-0.36623934,-0.4326251,-0.037975103,0.12220222,-0.21441092,-0.66992015,-0.15514001,1.118545,-0.094963774,0.23850855,-0.032152247,-0.14704314,0.23978026,-0.5208966,-0.3822412,-0.37327358,-0.45252624,-0.7562028,-0.1800307,0.57301366,0.17506602,-0.727089,-0.38297963,-0.12303392,0.59313583,0.17300737,0.3474226,0.55343944,0.077000596,-0.018016104,0.6021612,-0.08308384,-0.13763219,-0.50888026,0.28901112,0.20514871,0.18493694,0.22692709,-0.2792541,-0.32158747,-0.3650116,0.37132823,0.112395726,-0.12567793,0.028056111,-0.003150743,-0.3265027,-0.37472168,-0.13206361,-0.35823137,0.111639455,-0.025213953,-0.24628863,0.19486053,0.106971,0.005019325,0.0,0,0,0,0,0,0,0,0,0,0,0,0,0,0,0,0,0,0,0,0,0,0,0,0.0,0.0,0.0,0.0
0.5878606,-0.009878492,0.2964657,-0.027488552,-0.28699273,-0.19984041,0.12985338,0.49836063,-0.06686285,-0.075432286,-0.1471156,-0.47798702,-0.18632393,0.33261055,-0.0758422,0.85455966,-0.19378088,0.35301852,-0.4964531,0.29885525,0.39695534,0.24831659,-0.035047077,0.17981043,0.72062653,0.048814025,-0.1188237,-0.17854364,-0.5024759,0.3248929,0.81471825,0.5412756,0.582604,-0.1768896,-0.15553054,-0.34872186,-0.288965,-0.18807632,-0.067734964,0.7558967,-0.47904256,-0.26158178,0.6078311,0.029994667,-0.016067736,0.25330183,0.032805793,-0.075609505,0.58225995,-0.6845124,-0.49581,-0.0515566,-0.11658171,-0.5314127,0.21459764,0.6833343,-0.24617134,-0.7242566,-0.34120208,-0.022959122,-0.07076129,-0.08127352,-0.17109263,-0.29961815,-0.3669762,-0.08715642,-0.1251777,0.45278826,-0.67217934,0.14649026,-0.17329377,0.6251639,0.17698525,0.31748414,0.11340309,-0.07774955,-0.23237847,0.84624237,0.29982537,-0.48968467,-0.047530122,0.5135328,0.19774014,0.6166949,0.6014228,0.060124233,0.53916013,-0.17589764,-0.5710865,-0.020381842,-0.26311526,-0.087565936,-0.21242273,0.05698992,0.7437749,-0.34146416,-0.39047796,-0.39968666,-0.1480025,0.0100474795,0.34918794,-0.015229354,0.15186371,-0.07099319,-0.4255482,0.0012194684,-0.3019669,-0.16023235,0.64458084,0.20432118,0.13987347,0.42711025,0.035566732,-0.6221075,-0.055912696,0.12395948,0.0581421,0.01432026,0.2896794,-0.087014936,-0.4079721,0.21630095,-0.31505248,0.19908005,0.08949713,-0.108578265,0.023782426,-0.46180782,0.122886315,0.4699341,1.0173583,0.4258437,-0.2233549,-0.4613935,-0.03956582,0.2917267,0.22860119,-0.13590181,-0.187882,0.095481396,-0.10578731,-0.5525328,0.17296477,0.39101437,0.56150013,-0.053999256,-0.36559346,0.14289282,-0.24391459,0.3971772,-0.26618895,-0.09083976,-0.72072023,-0.09050248,-0.054600734,0.07025797,0.069023035,0.30877662,0.5514669,0.2691911,0.45963722,0.15557969,0.17573628,0.31213382,0.34511733,-0.46811435,-0.16328771,0.06378414,0.08272533,-0.35797745,0.09054144,-0.66108537,0.05138745,-0.2023369,0.88729334,0.81299806,0.32813245,-0.06694098,0.046421543,0.68503106,-0.551819,-0.39321926,0.33750615,-0.15378672,0.48007566,0.018857434,0.43025035,-0.36971188,0.3970934,0.42619312,-1.1685305,-0.67117447,0.15776585,-0.41302505,0.43077546,-0.279527,-0.28717864,-0.30572602,0.514599,0.21674117,0.001013657,-0.17464575,0.2040742,-0.7305496,-0.44941455,0.4400093,0.033996683,-0.31406388,-0.32579505,0.23847248,-0.5130814,0.48278812,-0.26391864,0.27638602,0.120793216,-0.0464287,0.20608671,0.015692215,0.08951806,0.36339772,-0.2760002,0.46946767,-0.32479492,0.1000748,-0.008885188,1.3152434,0.24717017,-0.66465294,0.34688035,-0.054455172,0.09799395,0.20216085,-0.011225262,-0.43847615,-0.11260193,0.4981247,0.002176144,-0.41989106,0.16262294,-0.44837043,-0.37952283,0.5072273,0.3267172,0.079228885,-0.67082214,0.34224465,0.12338281,-0.45072007,-0.1143383,0.25603527,-0.07190116,0.18048932,-0.2123599,-0.2759343,0.20132802,0.10597232,-0.058109917,-0.40967557,-0.5983876,0.010752439,-0.061674505,0.082198516,0.2107281,-0.108918086,0.107027896,-0.48339805,-0.0034402811,0.07600464,0.36322406,0.20581749,-0.112282984,0.17782417,-0.07522468,0.66575617,0.27847654,-0.3093553,0.16861525,-0.09041326,0.34650138,-0.36728632,0.1443596,0.5681745,-0.15494846,0.053263497,-0.081844404,-0.29394156,0.14261353,0.20188248,-0.14585115,-0.031843133,-0.2518356,-0.22528787,0.07380745,-0.14609598,0.7365513,0.52970093,0.21295351,0.09436193,-0.5309812,0.19293478,-0.14292875,0.3065191,-0.12336581,0.05979536,0.27950707,0.009048251,-0.48330644,-0.48920387,-6.239037,-0.51659864,0.16768569,-0.11617559,0.29691553,-0.57514536,0.052331757,-0.07003026,-0.24086566,-0.4108008,0.017237807,0.02677204,-0.014702959,-0.44213808,-0.11098736,0.051187225,0.76405656,-0.0060759312,-0.005001513,0.5963856,-0.38958186,-0.290553,0.09195552,-0.120034054,0.243651,-0.008329699,-0.37975588,0.36632052,0.15147045,0.19703063,0.016199999,-0.25291646,-0.07950018,0.98816085,-0.8210256,0.02247819,-0.2267353,-0.48711506,-0.24096037,-0.38611618,0.006720409,-0.90414584,-0.303584,-0.0059162136,1.0615596,-0.56001586,-0.06885964,0.1446014,0.045031156,0.18597347,-0.10608422,-0.15132684,0.4882475,-0.4585144,-0.018712178,0.04505939,0.2823284,1.0140433,-0.35984847,-0.65094787,0.50283694,-0.12537538,-0.037685048,0.008426088,-0.14529853,-0.14942466,-0.75461096,-0.795678,-0.1600096,-0.39777297,-0.4742838,0.63423365,-0.035388544,-0.9825673,-0.33438352,-0.10237044,0.40936208,0.36710003,-0.03357868,-0.38956252,-0.63557965,-0.39506206,-0.2210363,-0.16282836,-0.4624794,-0.075308144,-0.056488972,-0.27069613,-0.44453862,0.32890812,-0.2460475,0.16512641,0.056979164,0.20691839,0.03754255,-0.28333205,0.39432067,-0.27121106,-0.26959243,0.1743713,0.31166044,0.0020246631,0.35527742,-0.58790326,-0.07186248,-0.01145387,-0.108023986,0.43967378,0.13809775,-0.260138,-0.08198462,0.13001342,-0.45227635,0.18272714,-0.38135448,-0.22044821,0.27492642,0.031369146,-0.06457208,-0.32510468,-0.20060544,0.272159,-0.55635166,-0.5180447,0.12412464,-0.13518281,-0.041505884,0.100135654,0.106805824,0.10495505,-0.33022526,-0.44601604,0.011456616,0.052255493,0.11331591,-0.5902731,0.08974146,-0.8795353,-0.38294616,0.14929932,0.11141351,0.2181323,0.3291294,0.11128486,0.20432886,0.06363725,0.27816728,-0.1356232,0.23272616,0.28106108,-0.38465667,-0.4048993,-0.31557065,-0.37258914,0.06770124,-0.18558419,0.33524272,-0.00031074628,-0.15116796,-0.22271784,-0.09746537,-0.28723845,-0.14880216,0.049371816,-0.21177661,0.01760707,0.14535868,0.007841909,-0.32511285,-0.6329407,-0.22145778,0.5393066,-0.1776044,0.080224104,0.031471424,0.29632136,-0.04551017,-0.30419245,-0.22955702,0.35177097,-0.048716307,0.4041166,-0.16170897,-0.21658528,0.36316502,0.18671389,0.14254281,0.15984914,0.5562818,0.23520952,-1.2452244,0.41368565,0.13853692,-0.29096615,0.3734594,-0.6133831,0.5043007,-0.37283164,-0.17354617,0.48537567,-0.6177673,0.26270115,-0.4932478,0.10754286,-0.45518458,0.27311206,-0.2575089,-0.01607678,0.20980623,0.26749724,0.08092903,-0.2680456,-0.29661494,-0.6935077,0.41375214,-0.37522817,-0.4887535,-0.47338304,-0.91686463,0.276302,0.027590375,0.09565072,0.16576774,-0.006170503,-0.65944016,0.21689029,0.0035462088,0.012203221,-0.3082714,-0.28539988,-0.0059219506,-0.87889403,0.63618284,0.30628723,-0.14407854,-0.12952405,-0.111177295,0.3781544,-0.45793945,0.0846283,0.10770145,-0.32824144,0.10487808,-1.0088927,-0.3256949,-0.0070908233,-0.5107127,0.49493787,-0.4498557,-0.34846932,0.31348354,-0.22474547,-0.091531456,-0.61379576,0.31209052,-0.66859955,-0.13254327,-0.3694158,-0.40312454,-0.17815235,-0.17129049,0.25044084,0.049882587,0.5113296,-0.1300901,-0.24872775,0.1904664,0.17022978,-0.47774655,-0.52279544,-0.21618837,-0.058082618,-0.13428791,0.53209597,-0.5350084,0.09057316,-0.7025509,-0.3154387,0.32142574,-0.53702515,-0.44940925,0.082113445,-0.011294621,-0.2539406,0.6918322,-0.23111361,-0.15697022,-0.16098852,0.034827698,-0.52345246,0.19853218,0.34629315,-0.13233356,0.2767425,0.14256306,0.7593628,0.20268147,-0.03547989,0.20854287,-0.018685825,-0.44965455,-0.26552865,0.2833465,0.011132516,-0.098966844,0.204788,-0.006023098,-0.23827323,-0.06171838,-0.16657585,-0.01038952,-0.046509005,0.6235633,0.7804425,0.16766414,-0.35423282,-0.6743279,-0.3398703,-0.630304,0.38574094,-0.6143184,0.18339752,0.49052387,-0.061672114,0.1840366,0.5457352,-0.1721132,0.06934822,0.027322182,0.4477053,-0.8187308,-0.15602264,-0.27173638,0.4939168,0.2481239,-0.10482687,0.37349698,-0.26241416,-0.12123763,-0.06347194,0.36516234,0.35893455,-0.6624235,0.61900586,0.20734458,-0.1739072,-0.38639522,0.32635623,0.3923889,0.098666124,0.10544903,0.19922796,-0.13432562,0.06563568,0.32607841,-0.110806614,0.2300855,0.14499933,-0.28501624,0.3758564,0.26138622,0.18828349,-0.22283025,-0.28480038,0.022910861,-0.09324683,0.2654298,0.10535607,0.40689737,-0.15074813,0.67122054,-0.4204203,0.28796276,0.07838088,-0.07437266,0.15433863,-0.17275034,-0.19899727,0.1489322,-0.28349936,-0.65410644,0.016784465,-0.4714008,0.06589074,-0.15378426,-0.4038253,-0.07416393,-0.28660887,-0.07861641,-0.4490516,-0.25417912,0.29938987,0.0060655684,0.3906017,-0.29237843,-0.11109248,-0.11578679,0.3660053,0.47481877,-0.078757055,-0.16630667,-0.15592463,-0.12869588,0.27915585,0.51841766,-0.05472183,-0.36080635,-0.40574825,-0.44543067,0.060938273,0.18948726,0.19129114,-0.13985735,0.4673041,-0.41830966,0.5807179,0.38828525,-0.4093734,-0.16650942,-0.34250867,-0.37643683,0.21805386,-0.6043921,0.19697666,-0.15170571,-0.23149319,-0.3368367,0.038197376,-0.1875316,0.020702245,-0.3668405,0.50998515,-0.008202171,0.15867823,-0.675178,-0.23543656,0.21294588,0.2692035,-0.16007225,0.38209656,-0.2283257,-0.052008495,0.26985362,-0.13987793,0.23415524,0.49418712,0.55662876,0.3132749,-0.5040287,-0.4484671,-0.013987243,-0.0313411,-0.64284486,-0.20630841,0.34702563,-0.41106045,-0.66527057,-0.64284545,0.023952773,0.060282502,0.0,0,0,1,0,0,0,0,0,0,0,0,0,0,0,1,0,0,0,0,0,0,0,0,0.0,0.0,0.0,0.0
0.15709472,-0.71984696,-0.01071975,-0.4516579,-0.10697719,0.027201165,0.21228383,-0.3391597,-0.29424012,0.06203907,0.16778387,0.0149130095,-0.008635086,0.28317842,-0.31135032,0.19761646,0.4764786,0.050686806,-0.26593393,-0.10051016,-0.27811015,0.79778403,-0.0030814325,0.01686575,-0.078160286,0.36027646,-0.20147505,1.0338832,-0.24453996,-0.35920104,0.6103079,0.5223729,-0.0250565,-0.2267321,-0.003173821,-0.44758725,-0.48229277,0.38485155,0.1813426,0.30055797,-0.36072186,-0.4697463,0.55156106,0.26810104,0.05141452,-0.70906585,-0.33244586,-0.005876795,0.36969516,-0.2338154,0.18186343,0.03271167,-0.027075373,-0.6566029,-0.034526605,1.0549481,-0.119927146,-0.26326585,0.012522332,0.18689959,-0.28848162,-0.08497854,0.0934489,-0.17959867,-1.0134957,0.22991602,0.14143029,0.51637983,-0.13647276,-0.44321704,-0.4247563,-0.17416641,0.29758957,0.10828167,0.04489163,-0.15322474,-0.4107066,0.68132454,-0.15106893,0.32890424,-0.41384152,-0.00028646924,0.13977093,-0.08921334,-0.0030933078,0.03293834,0.37511933,0.13250141,-0.4357522,1.2879279,-0.28222713,-0.2856771,0.14740267,-0.04874934,0.57717794,0.33538207,-0.42044216,-0.26884332,-0.3955154,-0.07255561,-0.41545528,-0.08110756,0.26891938,-0.43754357,-1.2548225,-0.43737593,-0.41333243,-0.34353292,-0.014093703,-0.024263885,0.24689259,0.06999348,-0.055344578,-0.79594195,-0.1755139,-0.0057170284,-0.45084172,0.60584646,-0.014425211,0.118981145,0.019555867,-0.47431064,0.41078678,0.3680764,-0.048152428,0.22471072,-0.46024516,-0.31076476,-0.1930101,0.5977836,0.37869778,0.45305997,-0.0727054,0.25782248,-0.5942293,0.06648867,0.20400642,0.1460098,-0.49410877,-0.27263734,-1.4937568,0.66799325,-0.59109545,0.3199188,-0.10602998,0.37645617,-0.54311144,-0.14585142,-0.06616901,0.0833728,-0.23944911,0.47014508,-0.4383649,-0.6628105,0.2731643,0.1811573,0.4187126,0.1532925,0.09484764,-0.3019037,0.13464668,-0.38036337,-0.12898736,0.15381587,0.31636107,-0.25484115,-0.29999247,0.41764772,-0.4440238,0.15967052,-0.03799672,-0.8106713,0.3799992,-0.27593908,-0.21724238,-0.058702696,0.16783182,0.26725128,0.40280345,0.43455818,-0.4654129,0.28987986,0.15740818,-0.50313807,0.82717985,0.41934502,0.19212486,-0.5249181,0.44373754,0.72218436,-0.99378365,-0.28960803,-0.44022465,-0.34943756,-0.10672631,0.026816575,-0.89085627,-0.45189425,0.4515004,0.014872559,0.5444534,-0.08693244,-0.15243463,-0.19739805,-0.3336898,0.43590203,-0.044711165,0.32402715,-0.76479506,-0.20732002,-0.5180477,0.15390879,-0.37837836,0.10821217,0.22752504,0.15286443,-0.45070526,0.20705189,0.607106,-0.46594182,-0.5333662,-0.0111283455,-0.16016285,0.1628055,-0.44527036,1.0146908,0.17486253,-0.40549973,1.0428288,-0.2770732,0.5928002,-0.63298154,0.02667772,-0.67352587,-0.17316103,0.71001893,0.3949104,-0.81757945,-0.37485096,-0.2594506,-0.18411975,0.5642531,0.31924075,0.156786,-0.39877078,-0.08784157,0.12618145,0.13695624,-0.6189838,-0.24192314,-0.4481043,0.75241333,-0.08477647,-0.25599748,0.29443982,0.0013534342,0.0023666245,-0.41546375,-0.38644984,-0.5800231,0.7749503,0.1572759,0.3894747,-0.15618993,0.18653238,0.06839676,0.43093118,0.30595034,0.19715568,0.022727624,-1.0138011,0.37599728,-0.3910507,0.81344706,-0.23676361,0.2454315,0.10074616,0.2578904,-0.10839109,-0.12112584,0.19638267,0.33042598,0.052959103,-0.39168614,-0.60511875,-0.53981286,0.3212489,-1.0509595,-0.3486763,0.01820551,-0.38091525,0.67746,-0.48840144,-0.25834528,1.2986689,-0.30052465,0.0064715473,0.7399396,0.14095867,-0.14113268,-0.33717874,-0.20269878,-0.18193294,-0.05042411,-0.04825124,0.031099636,-0.24892771,-0.2087835,-6.763741,0.15824218,-0.470765,-0.10002497,0.54312646,0.45421138,0.24678011,0.25802135,-0.20872761,-0.15943079,-0.35357296,0.26738063,0.0717622,-0.01588025,-0.63236415,-0.7805805,0.6066232,0.39276806,-0.10004289,0.56063324,-0.5313011,-0.6789865,0.39829078,0.55017453,0.78223604,0.27649602,-0.5313109,-0.018054845,0.27301833,0.10963119,-0.10626959,-0.5681762,0.12268827,1.205854,-0.023143103,-0.49879318,0.050594546,-0.32402885,0.032140978,0.5562828,0.48729935,-1.1024473,-0.80854,0.33872238,0.49501273,-0.4288342,0.34677815,0.39750996,-0.22555591,0.8205217,0.8781369,-0.45636588,-0.45149717,-0.44481656,0.25351578,0.48559135,0.4348202,0.78827894,0.021911018,-0.48485512,0.18861967,-0.3969269,-0.6144611,0.04025005,-0.2116524,0.13157745,-0.32963035,-0.27739543,-0.24948248,-0.030201895,-1.0888302,0.10354818,0.293651,-0.7049191,0.1023751,-0.029771887,-0.39870304,-0.42596766,-0.55454713,-0.3436839,-0.85910624,-0.5038904,-0.42110527,-0.2715385,-0.6363393,0.17947488,0.006297712,-0.07507484,-0.10440497,0.8714597,0.29059434,0.1546186,0.2243257,-0.43830958,-0.13135266,0.33418804,0.4138966,0.1318846,0.6167912,-0.31728455,0.19080736,-0.40102005,0.1088323,-0.8007101,-0.01923268,-0.44354728,-0.12211695,0.09958863,-0.011397222,-0.7260945,0.049804635,-0.17586952,-0.32253766,0.04848747,-0.48611346,-0.64306885,0.45714062,0.23964804,0.093802564,-0.43801597,-1.2607565,0.38625327,-0.6230999,-0.6819453,-0.19913788,0.8679588,-0.28802758,0.32501155,0.15569037,-0.25762683,0.011138117,-0.66617906,0.1036458,-0.11274584,-0.08305459,-0.21635921,-0.5517368,-0.5082527,-0.9474926,0.017401423,1.1958581,0.03937886,-0.1435528,0.49287346,0.046785146,-0.08749285,-0.2659244,-0.18104929,0.37550813,0.45911735,0.016407736,-1.221546,0.8093725,-0.59689426,0.32009277,0.9017759,-0.18757853,-0.4290548,-0.35212576,-0.70183545,0.59209186,-0.45238167,0.24199562,-0.35822788,-0.34395254,0.33960015,0.39607555,0.5004966,0.2526065,-0.6377243,-0.59602475,0.112378486,-0.09963302,0.32336408,0.02498672,0.5992601,0.21350566,-0.17928232,-0.117261864,0.74574965,0.408492,0.46174255,0.29919487,0.12014164,-0.19505465,-0.2697184,-0.44306964,0.07203486,0.37884998,0.12347637,-1.1142801,0.15070622,0.49366572,-1.0631001,-0.04063501,-0.70508814,-0.10434725,-0.12060475,-0.38830364,0.6924579,-0.35667518,0.23598251,0.2827225,-0.27457148,0.06406165,0.087956436,0.32735574,0.16572061,0.41962254,-0.39883614,0.24291,-0.2788402,-0.24686147,0.3885899,0.053898536,-0.31801668,0.16588505,-0.5900928,-0.2319691,-0.64466125,-0.122202225,0.11016307,0.4949604,-0.34197927,-0.36173373,-0.39232948,0.12012522,-0.39921033,-0.87205946,0.5065541,-0.07852162,-1.5407991,-0.10455776,-0.42341655,-0.4580908,0.11951732,-0.08964943,0.17889602,0.22724834,0.6475731,0.14444315,-0.45506382,0.19239458,-0.0072591775,-0.031751655,0.191068,-0.18766752,-0.09064947,-0.5695398,0.61535835,-0.41814393,-0.20963551,-0.018333739,-0.39312977,0.31099257,-1.2936586,0.2691497,0.42656764,-0.59152454,-0.057868253,-0.34906915,0.27013353,0.22953287,0.07325718,-0.58650225,-0.2127461,0.030023556,0.32704356,0.06063415,-0.94594175,0.27579343,-0.1780917,0.47390622,-0.124628305,0.11707406,0.25004253,0.23324427,-0.89185244,-0.022641145,-0.957386,0.17649074,-0.69666886,0.3291763,0.012471311,0.26811352,-0.20664126,0.22717802,0.11759633,0.056888323,0.2827736,-0.0016624572,0.4763053,-0.14617091,0.13469885,0.10812612,0.47062448,-0.009927749,0.08080148,-0.59175575,0.5332772,0.01596832,0.16031824,0.4189874,0.36524865,0.057330206,0.2726287,0.11437252,0.060461093,-0.23160946,0.27422175,-0.765153,-0.8768627,0.43272027,0.7991217,0.7358519,0.37780082,-0.70503396,-0.17971677,-0.056148812,0.010878703,0.0939768,0.61320937,0.34491053,0.19828159,-0.08075112,-0.5427959,-0.10916903,0.0068003326,-0.101937674,0.936169,-0.019324284,-0.2487146,0.34409323,-0.075400725,-0.19951549,-0.2730077,0.12674457,-0.068764195,0.33112204,0.15284674,0.033429105,0.010643355,1.077031,-0.04775568,0.08369813,-0.092690185,0.0389076,0.011448541,0.27084064,0.20429312,0.21255924,-0.5142656,0.8152261,0.4953976,0.393101,0.28425264,-0.20402996,-0.60392714,0.5419883,1.1810019,-0.12531738,0.2945599,0.27445886,-0.4802121,-0.669168,0.39377707,0.6970011,-0.01645582,-0.12648687,0.20792657,0.10522131,-0.39089862,0.52425075,-0.024633989,-0.12332204,-0.007402312,-0.4778397,-0.0036133484,-0.2897438,-0.0068564652,-0.8064302,0.43622068,-0.22292425,-0.45534852,0.113839485,-0.14425072,-0.27965665,-0.44974425,-0.5785963,-0.2254346,0.09345229,0.14130315,0.52254874,0.029218495,-0.2076099,0.15676521,0.07259121,0.04369874,0.85005736,0.35808703,0.17023867,-0.07896575,0.2072467,-0.38397357,-0.45671508,0.09698746,-0.19253893,0.52265096,-0.764263,-0.5286908,0.49204934,0.0817262,0.111378215,0.49189326,-0.1226803,0.05741498,0.4228693,-0.87294596,-0.33777636,-0.25217894,-0.41320747,-0.9160845,0.40997306,0.23344868,0.07954557,-0.45195234,-0.0048306296,-0.109484814,-0.60661405,-0.23714024,-0.051085725,0.03163556,0.29628488,0.8148806,-0.26320913,-0.02578074,0.07860024,0.3124703,0.13513684,0.31484956,0.98929876,0.19281682,-0.44591603,-0.16831428,0.07176336,0.20524728,0.20233858,0.03827262,-0.13680905,-0.22343716,-0.2460154,-0.59940946,0.21656916,0.002055602,0.27824596,-0.23781434,0.23976344,-0.13805236,0.18872818,0.031669304,0.0,0,0,1,0,0,0,0,0,0,0,0,0,0,0,1,0,0,0,0,0,0,0,0,0.0,0.0,0.0,0.0
0.5003616,0.032302264,0.7659727,0.051270995,0.58154875,-0.1412989,-0.25865245,0.39914763,-0.4427725,-0.09560232,-0.10588761,-0.0077742874,0.03243572,0.30256996,-0.10057936,0.5543549,0.0869513,0.31326875,0.145958,0.23021734,0.43098086,0.07479851,-0.087971136,-0.0413855,0.46450368,0.16161579,0.20895624,-0.34492588,-1.1830221,-0.41945228,0.44554836,-0.067882456,0.06436853,-0.041048836,-0.35424957,-0.54340315,-0.24011934,-0.29021323,0.53362334,0.2837619,0.14526747,-0.3885121,-0.09644546,-0.15916805,-0.26793632,0.2766803,-0.017382631,-0.18247671,0.0701574,-0.60548854,-0.7500566,-0.15846704,-0.052995108,-0.3392457,0.03882417,0.24785575,0.23568682,-0.55252475,-0.2573783,-0.27492923,-0.025546085,0.13672683,0.14485508,0.048177134,0.056665663,-0.16359572,0.075407535,0.82642764,-1.0857986,-0.072075665,-0.036134552,0.15559573,0.13816729,0.19749929,0.11253203,0.19401632,-0.28971234,0.52137256,0.41662976,-0.40476295,0.231894,-0.15059443,0.63190794,0.094609186,0.3057176,0.29670054,0.09594865,-0.05894515,-0.40766633,0.8471394,-0.14507742,0.11551768,-0.21947746,0.07835796,0.8094803,-0.40260696,-0.2599923,-0.20896994,-0.02840403,-0.22201563,0.20224549,-0.60677874,0.16738705,-0.12098095,-0.092686795,-0.119083904,-0.59991026,-0.074858524,0.15225497,0.15668574,-0.0013362966,0.20880699,0.19508995,-0.57306933,-0.061509285,-0.0730031,0.18106513,0.33629552,0.21019505,0.2074111,0.06272804,0.28193185,0.37692943,0.10881738,0.6464184,-0.006383568,0.021876864,0.04620532,-0.10153921,0.43602812,0.8357927,0.17156368,-0.23286167,-0.25416088,0.056344565,-0.18933053,-0.16588159,-0.08125101,0.3490186,-0.06657988,-0.1988688,-0.2955871,0.04342467,-0.16424827,0.290099,-0.332998,-0.40500107,-0.14627057,-0.28660148,0.2787559,-0.16915998,0.0012714496,-0.16368322,-0.12386633,0.22678673,0.07123779,0.044294152,-0.22464138,0.04132126,0.07797401,0.28129113,0.035277404,0.16905344,-0.1206901,0.1678565,-0.114272684,0.24145359,0.35832334,0.09857181,-0.19363862,0.010632961,-0.6725868,0.833703,-0.1578112,0.22108226,0.47703207,0.12129076,-0.12568982,0.060752414,0.97280425,-0.58656466,-0.03662712,0.3635769,-0.39881378,0.121745475,-0.24118866,0.21080571,-0.868835,0.70728636,0.16736941,-0.40153062,0.11771372,0.13323747,-0.64906776,0.48981598,-0.22027129,-0.14763732,-0.5172332,0.42806786,0.10803297,-0.09329121,0.17963894,0.39323243,-0.27895546,-0.4396745,0.5580524,-0.059903096,-0.26731795,-0.34827685,-0.020866375,-0.23456852,0.57560945,-0.12098214,0.33281434,-0.38976762,-0.098354824,0.17798464,-0.087071076,0.09637533,0.23344298,-0.5165916,-0.5411901,0.32107082,-0.029383574,-0.065850265,1.0501574,0.007451178,-0.41661805,0.6225435,0.17641427,-0.21413635,-0.23828502,0.23854248,-0.37831426,0.34039813,0.5926865,0.0012988221,-0.17580514,0.21487667,0.24940681,-0.29364464,0.41864476,0.1751427,-0.13043505,-0.31271267,0.13991508,0.07665766,-0.570951,-0.20608011,-0.10809415,-0.040713586,0.11803719,-0.29069903,-0.17023277,-0.05614912,-0.36452255,0.14128686,-0.12592515,-0.084273666,-0.23737206,0.009830789,0.0068327407,0.44543135,-0.21800238,0.13426544,-0.3052966,-0.15519568,0.15461604,0.66073066,0.23186125,-0.15493575,-0.30103046,0.009154682,0.6686363,-0.08515427,-0.2933709,0.36005512,-0.03582414,0.015085402,-0.50369966,-0.19246477,0.35101104,-0.24106866,-0.3444958,-0.26955062,-0.28735322,0.5373938,-0.24238537,-0.2090197,-0.04901435,-0.16707355,0.035064247,-0.30614448,-0.023376174,0.95625037,0.34091157,-0.15360796,0.32862127,-0.46973544,-0.28742525,-0.1771668,-0.1595558,-0.004160781,-0.45280993,0.099092185,0.14708422,-0.5316,-0.2694461,-8.585274,-0.22364193,-0.3007437,-0.09973962,0.262254,-0.18017158,-0.084377706,-0.12302067,-0.23360367,0.0006977801,0.2585992,-0.17679904,0.15498573,-0.23660263,-0.079685174,0.007021466,0.37077036,0.117616415,-0.39525113,0.5660394,-0.4271295,-0.38216028,0.44982865,0.15350626,0.8640628,-0.17185341,-0.30346438,-0.2265561,-0.16401583,-0.33360332,-0.26119488,0.11137301,0.015980944,0.90105367,-0.039649323,-0.2150572,0.30854267,-0.3332556,-0.1646464,-0.22731932,-0.03806239,-0.14920229,-0.10852081,0.14907736,0.79402316,-0.30537587,-0.42230958,0.0010390976,-0.07348536,0.27367124,-0.008167945,-0.17347065,-0.25768903,-0.5349462,-0.2780065,0.19757918,0.15668248,0.7409224,-0.250275,-0.058250353,0.5801801,-0.376148,-0.233985,0.0063731684,-0.24587986,0.12391487,-0.9131311,-0.5483598,-0.36390266,-0.19724317,-0.4124697,0.08753237,0.22250517,-0.99302244,-0.036962625,-0.4815542,0.25510886,0.049737338,-0.17146344,0.08454661,-0.36185467,-0.47976288,0.007748318,-0.2473217,-0.51418513,-0.056306496,-0.10493557,-0.5708659,-0.63348824,0.21894298,-0.04518294,-0.14229439,0.2763972,-0.17221159,0.120515816,-0.08823842,0.56415063,-0.086879864,0.15518908,0.22819069,0.33854744,0.114203155,0.49360234,-0.426512,-0.34480262,0.005924154,-0.6639036,0.42321247,0.10361205,-0.24528407,-0.24955744,0.04634239,-0.51147515,0.095384166,-0.39494532,-0.5258094,-0.12193445,0.3374918,0.2578664,-0.48757336,-0.19639729,-0.010783259,-0.4035684,-0.76257414,0.14238064,0.08330434,-0.13780786,-0.072453335,-0.14893106,0.1071937,0.053350892,-0.094273366,0.0597516,-0.41083688,0.09665329,-0.016926102,0.04312674,0.09859083,-0.35757565,0.16518277,0.5450408,-0.020680867,0.5108251,0.16239938,0.17147127,-0.14678626,-0.04112118,0.35096022,0.028764928,0.07454751,-0.069117606,-0.40880445,0.24208738,-0.16229016,0.37925166,0.14627571,0.7870626,-0.34073994,-0.2944339,-0.6364583,0.45811763,-0.05378437,-0.11784063,0.3666024,-0.28412974,0.23394896,0.5928146,0.23558578,0.30483514,-0.44017333,0.24267624,0.4223096,0.028358784,0.18611133,-0.051100206,0.34884816,0.48515376,-0.46991855,0.042286944,0.7496188,0.108928055,0.027876616,0.22847474,-0.23859929,0.15477335,-0.26467085,-0.073399335,0.6049844,0.1592496,0.29247072,-0.49737698,0.5259295,-0.049356833,-0.08238712,0.36880687,-0.69098383,0.25157526,0.06631971,-0.3451312,0.583627,-0.2522329,-0.11797054,-0.36315396,0.10433146,-0.26406682,0.15425184,-0.21445315,0.274785,0.5640268,-0.009629123,-0.13746467,-0.63186735,-0.6496132,-0.18019241,0.20987566,-0.3740908,-0.27568188,-0.14414278,-0.55467534,0.10673793,0.240372,0.16189454,-0.014971849,-0.18901138,-0.31143332,0.4271126,0.017817616,-0.53988934,-0.031359047,-0.17702974,-0.07341171,-1.6382021,-0.041890945,-0.014858647,-0.18714271,-0.34214917,-0.15253003,0.003994907,-0.10063319,-0.34374875,-0.13830183,-0.6223533,-0.101688795,-0.8442147,-0.11465409,0.35373425,0.059728723,-0.30581003,-0.20778042,0.41198045,-0.10703297,-0.30211675,0.1543178,-0.20325144,0.5544723,-0.6481386,-0.22077265,-0.0019380981,-0.0765615,0.6292099,-0.13900247,0.11295165,-0.060114704,0.16009203,0.07487985,0.15897842,-0.15200195,0.22371083,-0.49369678,-0.7528232,-0.3730804,0.051261205,0.09382746,0.280963,-0.12799726,-0.2750823,-0.25187406,-0.5005615,0.5107075,-0.21757801,-0.63523304,-0.16272168,0.17755632,-0.010440038,0.3116852,-0.056429267,-0.2766479,0.2859904,0.22261702,-0.070217796,0.3544553,0.68977773,-0.45577502,0.10119012,-0.33226344,0.3416097,0.051674932,0.027313698,-0.103755675,-0.16895719,-0.44675052,-0.23461775,0.5024476,0.1855451,-0.0715104,0.20094122,0.0130683435,-0.028517466,0.08033004,-0.4303745,-0.34273845,-0.21066666,0.19389896,0.61465573,0.42670864,-0.16690528,-0.7061455,-0.22638267,-0.2863554,0.14283329,-0.19984388,0.1216443,0.8972425,-0.102314815,-0.0017030099,-0.22873223,0.16648288,-0.039472956,0.016774785,-0.0797725,-0.48721722,0.26739547,-0.0016093248,0.3444906,0.24097781,-0.31443155,-0.29261214,-0.31805506,-0.3635157,0.33307242,0.110170215,0.5673667,-0.4353263,0.053700104,0.052108265,-0.25412673,-0.50632256,0.025738467,0.21014372,0.26182345,-0.10934763,0.2903626,0.043751765,-0.10834503,0.44475055,-0.33973658,0.18794446,-0.16360803,0.012814127,0.4208993,0.5487024,0.1266251,0.0885736,-0.38968483,-0.08183215,-0.19804578,-0.03752058,-0.011030715,-0.020576764,0.3437493,0.2922982,-0.72585523,0.17706737,-0.15782124,-0.0012923701,-0.04620922,-0.058774706,-0.18622908,-0.27764562,-0.09495343,-0.6027555,-0.19516638,-0.36787292,-0.09354507,0.17266159,-0.3257847,0.101803,-0.15467535,-0.32217214,0.14973347,-0.39822146,0.3481332,0.2604648,0.067768484,-0.18368334,-0.45349866,0.21134703,0.057225537,0.7321418,-0.09694716,0.2502643,0.2893592,-0.23002833,-0.11458185,0.28099915,-0.20437266,-0.09542756,0.44665065,-0.31241396,-0.21900435,0.48099822,0.18142723,0.0711644,0.3253157,0.17219807,-0.01873678,0.61577475,0.014012703,-0.35738772,-0.27772158,-0.27449965,-0.5385088,-0.11071562,0.30532447,-0.005076068,-0.09521242,-0.09641207,0.09747179,-0.0071192,-0.0038641652,-0.4829266,0.0056888456,0.30698124,0.0010229894,-0.52614135,-0.4209913,-0.13187777,-0.02962807,-0.18593146,0.009483269,-0.05056044,0.120976985,0.2082499,-0.16216879,-0.2238443,0.07272257,0.37534222,0.268781,-0.7826386,-0.42331305,-0.05132637,-0.20901082,-0.2873436,-0.10738734,0.09151497,0.024759606,-0.48644593,-0.34054443,-0.29875067,0.35274327,0.0,0,0,1,0,0,0,0,0,0,0,0,0,0,0,1,0,0,0,0,0,0,0,0,0.0,0.0,0.0,0.0
0.51155305,-0.15597245,0.47349387,-0.49025157,0.2874312,-0.10497145,0.35455808,0.35706857,-0.123883784,0.07997941,-0.47383636,-0.086589634,-0.019743819,0.059519444,0.034047157,0.3636154,-0.19162206,0.41566056,0.03414451,0.4254866,0.39971125,0.3046993,0.05564961,-0.016844893,0.3540385,-0.2680381,-0.02227018,-0.09197555,-0.48883143,-0.31069,0.15205467,-0.22885187,0.19045414,-0.26187795,-0.11865091,-0.8208634,-0.43008673,-0.27613044,0.3315778,0.7910628,-0.0383208,-0.37750491,-0.17952791,0.031501744,-0.16025978,0.038059246,-0.13178226,-0.20537695,0.15987188,-0.16860811,-0.46711376,-0.031537257,0.06858466,-0.41233218,0.26781997,0.64571524,0.30432233,-0.7652384,-0.37968168,-0.050550397,-0.060634974,0.011933794,-0.13850836,-0.18944718,-0.051760346,0.14896688,0.017249215,0.5390128,-0.872776,0.12582709,0.40808704,0.27767143,0.09929386,0.45142546,-0.14067636,0.25799844,-0.24283907,0.7083444,0.38930562,-0.10200371,0.0862858,0.29838136,0.31936765,0.41017917,0.38632816,-0.021210218,0.31152505,-0.056392062,-0.42352745,0.2790028,-0.062167265,-0.102125585,-0.043323334,-0.08005844,0.86714643,-0.60028493,-0.44580325,-0.18230863,-0.38023552,0.054748893,0.3055719,0.029708555,-0.4136656,-0.266278,-0.3948404,-0.08787298,-0.4126309,0.005493764,-0.055794224,0.1594968,-0.086156584,0.4582922,-0.14687605,-0.4522141,0.101175986,-0.032731038,0.26708016,-0.03224797,0.13807274,0.06124296,-0.076761395,0.26348436,0.14708811,0.1729073,0.3478088,-0.11626043,0.14645985,-0.33608168,0.09353223,0.19877371,0.75697064,0.3472517,0.18074474,-0.52561,0.46777824,-0.122273535,0.017036395,-0.2904122,-0.07068849,-0.28991172,-0.24812835,-0.09580128,0.14056124,0.059250735,0.3881596,-0.03143774,-0.23226643,-0.04483693,-0.51483643,0.18695043,-0.44306085,-0.20975517,-0.35116395,0.07635666,-0.16870844,-0.11933364,-0.01337265,-0.12803681,0.34757698,-0.08733669,0.24220328,0.23572303,-0.033900395,-0.009197446,0.19136593,0.07700505,0.2551033,-0.034977052,0.13317703,-0.29466653,0.037079558,-0.6815869,0.035803374,0.14569314,0.45733768,0.56029934,0.15268053,-0.2226386,0.11162237,0.74205977,-0.53587246,0.059130307,0.31038022,-0.50589013,0.0065341755,-0.03700044,0.7265939,-0.3303616,0.33645034,0.28750822,-0.60473615,-0.078756236,0.1241183,-0.17896204,0.49293813,-0.07976147,-0.5808368,-0.35008147,0.06338603,0.12478831,0.055503532,-0.29863957,-0.046683446,-0.18119022,-0.7534942,0.27623227,-0.026541745,-0.34891412,-0.38785788,-0.19337949,-0.34255952,-0.13904685,0.12311609,0.45831856,-0.04732846,-0.24268323,-0.009981234,-0.5732597,-0.03061197,0.094343804,0.007684568,-0.23702817,-0.31087437,0.19425938,0.17563818,1.3245811,0.24804033,-0.54321146,0.8625851,0.14925945,-0.42832997,-0.10255392,0.1890318,-0.0040907664,0.42735484,0.6830715,-0.007682883,-0.84646624,0.048227724,-0.2852981,-0.23805092,0.3388334,0.5003189,-0.043906074,-0.18561907,0.40037373,-0.13357234,-0.423116,0.06493169,-0.003877111,0.09621584,-0.068141505,-0.59860003,-0.35024387,-0.27322635,-0.13429102,0.032591306,-0.22702931,-0.41589382,0.1342624,0.2757051,-0.2137755,0.076397344,0.09972249,-0.025412716,-0.16557474,0.33753186,-0.11659479,0.6197666,0.10865001,-0.15513602,-0.14911897,-0.023019994,0.8282566,0.22013032,-0.09862334,0.13155362,-0.039484452,-0.17918894,-0.38006616,0.31972572,0.23180498,0.10271239,-0.049218804,-0.32331783,-0.08944178,0.23682174,0.1387616,-0.3723567,-0.0486361,-0.50163877,0.31142628,-0.20708059,0.18911724,0.62151253,0.48090965,0.36078674,-0.035356954,-0.24076489,-0.055102564,-0.031836413,-0.21499677,-0.18904066,-0.08893117,0.120270275,0.4529583,-0.2750773,-0.40069753,-6.6862793,-0.32450742,-0.35159206,-0.18987122,-0.28068542,-0.4615568,0.0925696,-0.15408655,0.22684295,-0.0825367,-0.30780265,-0.13836756,0.27593577,-0.28425658,-0.082321584,0.43390915,0.7120457,0.12582466,-0.14106143,0.5093776,-0.5371254,-0.16660765,0.30907312,-0.12795892,0.64538735,0.10908366,-0.07529673,0.31550688,-0.010717032,-0.31342992,0.1684021,-0.26968777,-0.16147469,0.8178665,-0.31527653,-0.24330808,0.004668174,-0.41112658,-0.10125815,0.120894395,-0.042310726,-0.23738754,-0.40414178,0.011687672,0.8928247,-0.66989815,-0.35634708,0.10503071,-0.080892295,0.034539625,0.10225273,-0.5510879,0.08889844,-0.33372453,0.14463346,-0.34250587,0.19531265,0.80560416,-0.4256259,-0.33477458,0.74407524,-0.32120925,-0.03166435,-0.08675697,-0.27608126,0.0032629715,-0.6457745,-0.94409704,-0.41072667,-0.05851281,-0.4426949,0.60490113,0.28840962,-1.0684333,0.07397503,-0.31020612,-0.044680856,0.33872876,-0.518753,-0.1456995,-0.3666033,-0.30292737,-0.025414644,0.27061433,-0.66163933,-0.33037457,-0.00930624,-0.3469241,-0.68159837,0.40379798,-0.21605223,-0.1089691,0.42744762,0.30785984,-0.009475568,-0.3192654,0.7397483,-0.34501293,0.1370185,-0.03430002,0.50103325,0.3204611,0.26536888,-0.4576857,0.036093198,-0.20854965,-0.43010408,-0.011662726,0.28001264,-0.4106818,-0.10911111,0.12865,-0.5459469,0.16353837,-0.2806679,-0.49376115,0.25842372,-0.065525755,-0.0904916,-0.47299463,-0.5099101,0.09186813,-0.56055564,-0.5855781,0.32202762,0.21003404,-0.4810106,-0.19097702,-0.28746802,0.0128104715,-0.05861623,-0.34579778,0.0669061,-0.20266779,-0.0326697,-0.47829682,0.05137896,-0.29639274,0.16716737,0.21658646,0.36141166,0.50089014,0.18761368,-0.20833804,0.24064024,0.09469948,0.05547453,0.15251318,0.15831567,0.16419743,0.012133861,-0.79486555,0.11254768,0.005651468,0.39418495,-0.07861278,0.12854744,-0.27845657,-0.24515831,-0.28054407,0.09192184,-0.51051354,-0.033638325,0.41721776,0.22809422,0.022108683,0.33052102,0.22778559,0.13369532,-0.67465556,-0.2496876,0.15981583,-0.19714987,-0.0251575,0.13603672,0.25766355,0.37599334,-0.49079034,-0.0016591346,0.22148375,-0.29678735,0.10544464,0.00492146,-0.14116697,0.27805516,-0.14827038,0.22052324,0.013499414,0.31316838,0.6997,-0.49081567,0.27236718,0.07418232,-0.45413244,0.12877426,-0.76757264,0.8518584,0.0027413594,-0.22070505,0.6575674,-0.43246517,0.013535906,-0.5744944,-0.064266704,-0.05773962,-0.27774045,-0.2574282,0.1681769,0.54544604,-0.12656954,0.08499738,-0.3430251,-0.14941306,-0.3212972,0.2337032,-0.010716652,-0.28717598,-0.25459,-0.41183892,-0.25877804,0.010021943,0.2955482,0.3138231,0.059945554,-0.43883225,0.25210816,-0.05138377,-0.110869735,-0.2580251,-0.27225164,-0.118236445,-1.1477556,-0.054359816,0.14383692,0.045574732,-0.29424965,-0.29835948,-0.21693923,-0.08746443,-0.5470823,-0.4129032,-0.6099381,-0.012736356,-0.6773445,-0.20240858,0.5528892,-0.55219233,0.19784948,-0.39069968,-0.1004188,0.46577522,-0.42057776,0.04521913,-0.48341075,0.5325484,-0.43689805,-0.29792953,-0.045178987,-0.15373188,0.08523657,0.031661693,0.082532555,0.29171667,0.056270663,0.16771233,0.2520851,-0.047606487,0.17636837,-0.093263775,-0.5146358,-0.62411773,0.058250293,-0.09942473,0.13028608,0.2677721,0.1331574,-0.5240185,-0.4986351,-0.18681274,-0.70544726,-0.378385,0.064765565,0.29426172,0.120644495,0.6898067,-0.1699355,0.23597,0.21493185,0.11282965,0.34199604,0.14102733,0.34631115,-0.19500929,0.054986734,-0.050802268,0.42588872,0.60902685,-0.0663306,0.19140907,0.11892234,-0.12001703,-0.1331227,0.635986,0.5135955,-0.07368235,0.07110813,0.033062354,-0.22730148,-0.056741867,-0.29141268,0.075985655,0.040002093,0.7929187,0.8197435,-0.03294915,-0.5550549,-0.82646865,-0.25599456,-0.4959108,-0.19636537,-0.20908722,0.21919432,0.33418393,0.088590905,-0.4826546,0.014919209,-0.22404961,0.20888934,0.21890526,0.20369607,-0.5967488,-0.22281608,-0.07356656,0.44896388,0.41303495,-0.2962335,0.10251704,-0.063006,0.051745187,-0.089511186,-0.13134605,0.6894854,-0.22390586,0.3846017,0.06006912,-0.2543394,-0.24153483,0.07071532,0.41205856,-0.022076316,0.07493939,0.32684126,-0.12397129,0.22962187,-0.11809336,-0.21239987,0.19248493,-0.19058739,-0.22149837,0.48408386,0.34630173,0.19797191,0.11709598,-0.2940455,-0.18458939,-0.0584632,0.25782827,-0.3928571,-0.022718787,-0.05535565,0.4358195,0.2859391,0.19557406,-0.040893212,-0.1294622,-0.07522637,0.16155711,-0.35524413,-0.39745894,-0.19182423,-0.2952606,-0.027622622,-0.49294567,1.2785495e-05,0.3949833,-0.30617452,0.025835996,-0.20883912,-0.17554529,-0.45352605,-0.4067172,0.260406,0.44858846,0.03930469,0.0866735,-0.28978986,-0.19501841,0.17976032,0.58473474,0.07896202,0.1452077,-0.11423857,0.012817252,0.43451104,-0.38134843,0.023931708,-0.055800155,0.052141637,-0.28218365,-0.13495666,0.25284415,0.13780998,-0.053625204,0.5611645,0.44835636,0.4146911,0.4923769,0.037933692,-0.47366056,0.012459393,-0.22210538,-0.34499836,-0.18441223,0.3733138,0.06127732,-0.83076525,-0.46051255,-0.07258022,-0.1649039,-0.011653303,-0.2404961,0.3144345,0.3613826,0.23103142,-0.41331002,-0.2090847,0.27980185,0.34768635,0.16619098,0.16866273,-0.41791943,0.07767365,0.14772029,-0.04739954,-0.17174643,0.46987465,0.22598293,-0.14247209,-0.70476454,-0.66640663,-0.016136954,-0.069955565,-0.5448456,-0.56300616,0.27718404,0.22199625,-0.4426235,-0.5563681,-0.096219175,0.2528447,0.0,0,0,1,0,0,0,0,0,0,0,0,0,0,0,1,0,0,0,0,0,0,0,0,0.0,0.0,0.0,0.0
0.47154805,-0.24983753,0.5044528,-0.03769304,0.28142047,-0.5376207,0.12557206,0.3587262,-0.42348275,-0.09469678,-0.46648628,-0.22174272,-0.11013934,0.31902942,-0.36427402,0.6137425,-0.38245648,0.41846722,0.1778442,0.41364273,0.4380421,0.27321246,0.079255596,0.013399608,0.22089891,-0.27341974,-0.016658194,-0.1892125,-0.71696645,-0.2398527,0.43543062,0.15272558,0.19510712,-0.05308412,-0.2863163,-0.7891917,-0.3437807,-0.12749363,0.17497091,0.49234933,0.1571498,-0.24195349,0.17179734,0.11412103,-0.10417808,-0.09174095,-0.23455018,-0.06920081,0.16011819,-0.02280164,-0.3512045,0.0846512,0.1455314,-0.23113358,0.04424897,0.49082303,0.30847403,-0.7312292,-0.36635643,0.057447873,-0.08358574,0.12144055,-0.06372739,-0.18230274,0.06912695,0.16917317,0.022081127,0.74519247,-0.752915,-0.13835298,0.32109943,0.30323446,-0.0030135924,0.3606663,0.235081,0.43891853,-0.2749015,0.7656531,0.4210696,-0.16434914,0.13585427,0.19690305,0.18048277,0.30387157,0.25931105,0.10267534,0.15140347,-0.006910064,-0.4612968,0.46276328,-0.07930159,-0.21955377,0.26172084,-0.13274641,0.42134622,-0.3379567,-0.49667016,-0.19431643,-0.07739698,0.24713968,0.24098492,-0.11423929,-0.25594023,0.11459547,-0.44460613,-0.15065709,-0.51566607,-0.046096943,0.063376464,0.036618527,-0.32462493,0.21580757,0.09936129,-0.42161223,-0.12392879,0.10020538,0.035066105,-0.15419002,0.03998007,0.0815585,-0.3597139,0.45747784,0.073921,0.32809648,0.48878387,0.17929852,0.17312062,-0.30190322,0.34309524,0.3051902,0.7389804,0.6289509,0.12203339,-0.5140439,0.6532978,-0.25725463,-0.08254921,-0.32162777,-0.17431277,-0.24499418,-0.125104,0.014416436,0.21793672,0.14249556,0.33361107,-0.112805255,-0.43304703,-0.22863825,-0.37859792,0.19619867,-0.44341493,-0.25318345,-0.35422948,0.1321413,0.026580447,-0.045581907,-0.13993044,-0.47521532,0.42388302,0.013242887,0.16092785,-0.08028831,-0.50261855,-0.08369548,0.039516743,-0.3642386,0.12372603,0.30033687,-0.060625598,-0.23313957,-0.057820536,-0.4122497,0.24361885,0.31915873,0.31099644,0.21666126,-0.13307151,-0.30755574,-0.17005622,0.8097043,-0.5542403,0.055782646,0.14967796,-0.45070162,-0.020955512,0.32420358,1.0633514,-0.24654612,0.45763454,-0.1658373,-0.37412885,0.06854269,0.16157307,3.113985e-05,0.4863121,-0.0830375,-0.22477162,-0.30926728,0.32340327,-0.1559709,0.23810358,0.11351534,-0.022276323,-0.18765952,-0.8618213,0.15153608,0.21825,-0.49222568,-0.34606925,0.0053083813,-0.44068757,0.066829845,0.30554652,0.3206543,-0.001497646,0.03657825,-0.1320234,-0.50151896,-0.21409436,-0.021509206,-0.17681734,-0.5009012,-0.02590939,-0.018341113,0.15944968,1.3265387,0.023961019,-0.025272045,0.64690256,0.091653526,-0.36283615,0.09336829,0.20456858,-0.099035054,0.07645677,0.3595975,-0.11009633,-0.68203825,0.0048982976,-0.3922956,-0.23963644,0.2369194,0.71063495,-0.074849784,-0.10983124,0.27540043,-0.1958353,-0.60147095,-0.0052287215,-0.32248744,-0.024103627,0.034457266,-0.6103575,-0.45064992,-0.12802136,-0.2064591,0.30098394,-0.56345695,-0.4689421,0.1937706,0.15033421,-0.42111024,-0.05294187,0.35029644,0.059768833,-0.23822282,0.43623772,-0.16672255,0.6706891,0.025962543,-0.20410988,-0.47616073,-0.042310823,0.38877422,0.06106904,-0.112751305,0.22125907,-0.23188786,-0.076275446,-0.662229,0.10434157,-0.0010699966,0.019836895,-0.3349079,-0.39989564,-0.086764544,0.19382143,-0.05500972,-0.40960392,0.03775483,-0.56298316,0.15065739,-0.0825786,0.07817462,0.66327024,0.42643932,-0.11996308,0.12551221,0.0009713134,-0.3542472,-0.21390672,0.061617166,-0.49407145,-0.16536105,-0.26327068,0.1181466,-0.6071572,-0.21340133,-9.305908,-0.5322138,-0.23572975,-0.19736826,-0.13937849,-0.40538466,0.118534416,-0.31013736,0.17625923,0.041704558,-0.29662475,-0.17976971,0.16515332,-0.5412147,-0.20689371,0.31204924,0.58254504,0.15186809,0.05910202,0.40092236,-0.4169085,-0.39379048,0.4085843,0.030880151,0.58560145,0.0932012,0.038191926,0.17532606,0.17844096,-0.3481851,-0.039042298,0.14050022,-0.26045093,1.16884,-0.13123995,-0.13007595,0.11070241,-0.48575264,-0.06176157,-0.22649817,-0.10514546,-0.025719259,-0.24809748,-0.14777428,0.83819544,-0.6416798,0.00029440247,0.22099514,-0.08597645,0.0881145,-0.08837176,-0.6616465,-0.16439235,-0.06346502,-0.08799907,-0.07715071,0.16234875,0.59112716,-0.29371455,-0.67588747,0.659842,-0.31237102,-0.2843896,-0.007859136,0.02097858,-0.13396843,-0.47348133,-0.79844683,-0.103765145,-0.086473845,-0.5189898,0.71681535,-0.024502244,-1.1252594,-0.15822817,0.05036983,0.12262703,0.05380169,-0.66891724,0.114716075,-0.89248604,-0.039873876,0.033132803,-0.07636482,-0.7863843,-0.48376667,0.17845812,-0.4613766,-0.7341243,0.086432695,0.046932925,-0.24394602,0.39252934,0.40721706,0.0016843646,-0.1009999,0.9807003,-0.25339934,0.1702398,0.083624095,0.46437538,0.30706424,0.27685946,-0.36167154,0.055248376,-0.27305615,-0.17884356,0.13429637,-0.0043506203,-0.3604965,-0.037370764,-0.0046629007,-0.3124503,0.20261568,-0.2755543,-0.4749923,0.5245346,0.30598974,-0.016004527,-0.3586462,-0.4993755,0.25815168,-0.7378706,-0.46228677,0.2772571,0.08941267,-0.36253354,-0.17857283,-0.026611457,-0.016641557,0.2457242,-0.49271792,0.18437208,0.011735256,0.09566341,-0.39056695,-0.049716603,-0.33677197,0.23851536,0.10939244,0.18276331,0.38522553,0.15876913,-0.07268207,0.2142936,0.04873518,0.1086024,0.17535394,0.06574542,0.1581029,-0.21821927,-1.040728,0.37741992,0.0132834315,0.5185301,0.013441873,0.25494584,-0.28504845,-0.19438997,-0.33335885,0.1453115,-0.4110197,0.27743304,0.43371746,-0.1690803,0.123209275,0.56910557,0.38334113,0.109504364,-0.45244923,-0.18007204,0.5948828,-0.43369138,0.37398875,0.2592991,0.15278386,0.20565668,-0.18274717,-0.0487025,0.28686583,-0.14442225,0.28691968,0.442596,-0.078708686,0.21726862,0.0964395,0.048690382,-0.036850728,0.4320391,0.71716046,-0.43329105,0.54955065,-0.10391487,-0.48393986,0.45588624,-0.46995318,0.7011893,-0.104537375,-0.28328755,0.77259994,-0.19595625,0.12267401,-0.32456142,0.024081506,-0.34505767,-0.03279151,-0.104548156,0.22668678,0.277013,-0.26770955,0.024653556,-0.35711583,-0.49075723,-0.34741253,0.19002752,-0.22036387,-0.07919028,-0.15168403,-0.38046375,-0.16251767,0.059345927,0.055370416,0.32582074,-0.05753185,-0.21983235,0.3246226,0.2253685,-0.45691025,-0.07419607,-0.09338834,0.048722163,-1.0895905,0.062295303,0.07956786,-0.24109112,-0.109183796,-0.36208886,-0.13985734,0.26620254,-0.4733214,-0.42890373,-0.62110895,-0.50687104,-0.60460466,-0.17766659,0.4489149,-0.48936173,0.34143943,-0.21891394,0.042122334,0.28860834,-0.14187035,0.15337355,-0.19912797,0.15900436,-0.6023338,-0.1726795,0.26909554,-0.035191964,0.15167686,-0.13953412,0.10115337,0.49208507,0.020277526,-0.14615932,0.049039215,-0.07046007,0.55085385,-0.5323379,-0.19613764,-0.56618285,0.030314172,0.07011679,0.47474,0.21359526,-0.15322249,-0.22322273,-0.49197417,-0.2126177,-0.38217404,-0.18214792,0.18817815,0.31339166,0.12640363,0.29021135,-0.24475473,1.9245297e-05,0.7154983,0.27688578,0.139814,0.2480373,0.4570684,-0.44970992,0.188212,-0.012846989,0.59660256,0.60223657,-0.33481732,0.4333729,0.028338758,-0.4460556,-0.33782098,0.4971484,0.2643799,-0.058048144,0.08797801,0.3003371,-0.21823555,0.1364126,-0.20665525,0.02290992,0.01231485,0.48478946,0.76204544,0.09054185,-0.19749144,-0.6390579,-0.21120353,-0.6234641,0.13924584,-0.13784984,0.26699987,0.4263067,-0.07938716,-0.25218123,-0.07421451,-0.03244836,0.084054776,0.16102104,0.022613328,-0.58395433,-0.26839814,0.067111656,0.4511234,0.4140209,-0.6411803,-0.16237763,-0.021126732,-0.28724065,-0.019664027,-0.15089037,0.24368568,-0.45587918,0.39495355,-0.0031433178,-0.09585025,-0.27324238,0.042142414,0.20490849,0.22436436,-0.07004455,0.34734315,-0.23385721,0.46221608,0.19297448,-0.18800707,-0.015111479,-0.010909608,-0.023325067,0.64779204,0.47999474,0.12342629,0.042963844,-0.36987865,0.03920003,0.31092504,0.08220107,-0.2054032,0.061174594,-0.21043551,0.48154724,-0.12722954,0.086569555,-0.13084127,-0.3151585,-0.15548846,0.03425835,-0.36590764,-0.7912023,-0.2159017,-0.112510554,0.19540955,-0.32199436,-0.2061087,0.42691004,-0.28439125,0.03268754,0.14392203,-0.118714035,-0.3027692,-0.5688856,0.28644818,0.29971203,-0.008770182,-0.16146421,-0.09421237,-0.060902532,0.3391421,0.24438505,0.13985969,0.077107616,-0.35578796,-0.012576032,0.09513515,-0.15700243,-0.1778007,-0.3204173,-0.024430508,-0.43414447,-0.007209802,0.389696,0.30075338,-0.0019121456,0.5407354,0.24453877,0.31485397,0.39042127,-0.14823602,-0.3284802,0.047801223,-0.4207721,-0.51307064,0.16161993,0.18012251,-0.092385605,-0.9261142,-0.1396577,-0.034204908,0.015125152,-0.12192746,-0.44668895,0.27748966,0.37774286,-0.054917466,-0.5002867,-0.09405305,-0.19129227,0.37439305,0.25037968,0.22457884,-0.29657593,-0.07318655,-0.087871715,-0.14147007,0.25801352,0.32987788,0.42263672,0.24335533,-0.91334224,-0.60521024,-0.16814063,0.047414184,-0.45533124,-0.42663726,0.3660208,0.21770585,-0.3949877,-0.44723797,0.17634049,0.24828395,0.0,0,0,1,0,0,0,0,0,0,0,0,0,0,0,1,0,0,0,0,0,0,0,0,0.0,0.0,0.0,0.0
0.3241917,-0.18285042,0.46020484,0.17805462,0.4142779,-0.1687159,-0.25470197,0.25756982,-0.3316238,0.29874256,0.0050835507,-0.7755783,-0.0130348215,0.61957115,-0.10239796,0.5533582,-0.25482252,0.48540923,-0.036099862,0.0032174904,0.04472028,-0.2436162,-0.16955143,-0.042191576,0.27937707,0.14502564,-0.002021715,-0.021500085,-0.8086438,0.036017966,0.75691247,0.1383434,0.27836072,0.09461637,-0.1885677,-0.2874543,-0.5080736,-0.25875223,-0.1646525,0.45292133,-0.029523103,0.03767124,0.26285362,0.40066615,-0.020627523,0.49258536,0.07508338,-0.42128363,0.34074664,-0.39125487,-0.61728716,0.25297472,-0.20369324,-0.5994938,0.16348869,0.5973003,0.7370846,-0.9302071,0.2283372,-0.07817686,0.07630952,-0.31753463,0.30310053,-0.36418182,-0.3132875,-0.54381996,0.21097763,0.6067414,-0.7339965,-0.026045404,0.11278525,0.097076744,-0.07237944,-0.19660784,-0.15288647,0.46619138,-0.003183135,0.51793,0.09666992,-0.36520854,-0.13130589,0.2442668,0.2963994,0.30156928,0.12342903,0.2005578,0.0013770291,0.0007611373,-0.36602142,0.5536057,-0.25514072,0.10115154,0.33543843,0.22550884,0.24759196,-0.42273322,-0.63930565,-0.0031336767,-0.17162105,0.014490097,0.51507574,-0.32619512,-0.0020704644,0.0967972,0.050081234,-0.020459658,-0.36714584,-0.007583437,-0.0039666006,0.08095162,0.26423624,0.35871366,-0.1324005,-0.5046074,-0.2290229,0.2690873,-0.378467,0.20620781,0.25565055,0.033896677,-0.08148544,0.48561442,-0.06590735,0.19189337,0.45106357,0.16816369,0.39790517,-0.03623923,0.34177956,0.4245273,0.29362625,0.6311611,0.20650128,-0.20984736,0.059379652,0.25857687,-0.04922593,-0.33484632,0.20600319,-0.34496602,-0.24584995,-0.52547365,0.16700079,0.11279538,0.55878353,-0.31220436,-0.23666926,0.20187071,-0.12414824,0.40469605,-0.35657966,-0.11249516,-0.34270877,-0.2405132,0.37187165,-0.18273053,-0.11827833,-0.66015595,0.36442187,0.27143112,0.38722906,-0.068103015,-0.34168103,-0.24530481,-0.06887566,-0.08747298,0.04530028,0.56786567,-0.22972979,-0.10116902,-0.03471996,-0.5337619,0.36308333,0.10007287,0.5699761,0.50932235,0.09788552,-0.40594438,0.25096637,1.1173444,-0.41005126,-0.04419853,0.43514848,-0.15212482,0.13179165,-0.24555527,0.7029538,-0.3838744,0.67374045,0.07838611,-0.1259396,-0.38041785,0.20918892,0.09306379,0.25382483,-0.26769316,-0.14421256,-0.120059595,0.6661407,-0.18243796,-0.099303745,0.5309137,-0.0916445,-0.29773527,-0.2722357,0.35994405,-0.20185442,-0.5022121,-0.61607534,-0.08859668,-0.28746688,0.7130959,-0.24133646,0.067474455,-0.0041944464,0.3116935,-0.12311775,-0.23995753,-0.27510005,0.09405963,-0.6025193,-0.3279889,-0.07285911,0.211208,-0.18365456,1.4142076,-0.16490506,-0.3410204,0.33537742,0.09896037,0.2890667,0.06648855,0.11012704,-0.4088877,0.15702623,0.20584726,-0.15290046,-0.52731824,0.09237463,0.11525501,-0.3758151,0.51403487,0.1614828,-0.0385071,-0.030847458,0.3609729,-0.19118582,-0.17646359,-0.54843694,0.23546156,-0.33016494,-0.104758404,-0.3794957,-0.34760478,-0.012287004,-0.40533888,0.0036223659,-0.08739166,-0.3229681,-0.039187666,0.25069055,0.2202493,0.11140935,-0.18725604,0.009277755,-0.45254502,-0.3256525,0.095967874,0.49265498,0.04931526,-0.14877869,-0.24582326,0.0026554107,0.5427919,0.34183106,-0.39645097,0.21515171,-0.46629784,0.21275212,-0.49814758,-0.17666109,0.6072643,-0.63491696,-0.07491908,-0.5402617,-0.16838707,0.65599144,0.085063994,-0.027987394,-0.14689805,-0.12069192,-0.31397972,-0.29358828,0.27551672,0.67160475,0.2973699,0.1185094,0.37313566,-0.36468324,0.27004936,-0.19887668,0.04817751,0.028832033,-0.23533686,-0.12099848,-0.13916951,-0.25643256,-0.38312015,-9.312471,-0.005490942,0.1997439,-0.30083245,0.04403849,-0.24292843,-0.22326693,-0.2531871,-0.48829255,0.19803748,-0.18311867,-0.49832723,0.15899022,-0.28988707,-0.16357462,-0.4890356,0.44780576,-0.04086518,-0.20097964,0.38584447,-0.6011686,-0.42826337,0.24524775,0.22493017,0.38818672,0.13921879,0.032803997,0.09602961,0.3287537,-0.55726475,-0.5054863,0.12891318,-0.10595996,1.0856279,-0.37007412,0.12918481,0.091628,-0.55788684,-0.14832474,-0.12478867,0.13105172,-0.26309484,-0.28297734,0.29867175,1.2624466,-0.36058152,-0.48323882,-0.1320957,0.06367831,-0.40660962,0.05254024,-0.55660474,-0.12193488,-0.017085718,-0.036906645,-0.32672784,-0.24265905,0.4467588,-0.25382972,-0.39991936,0.6789869,-0.27028292,-0.35185197,0.30920398,-0.17651634,-0.08292391,-0.9055191,-0.51007015,-0.120527655,-0.2725308,-0.2004574,0.50567853,0.035052948,-1.3011751,-0.09919448,-0.053482205,0.23474018,0.086746395,-0.36276662,-0.31427124,-0.8752138,-0.31890422,0.30826095,-0.15167813,-0.3705439,-0.8636843,-0.08765865,-0.2694166,-0.25832045,0.40372688,0.100337125,0.20309947,0.20947306,0.32363662,-0.15670738,-0.07030424,0.5241967,0.16801487,-0.05769551,0.6090439,0.07958361,-0.20894714,0.7035751,-0.3339055,-0.31368253,-0.049772978,-0.1979635,0.37164262,-0.29938075,0.07346449,-0.14502661,0.204246,-0.5044178,-0.008105954,-0.008927414,-0.21673048,0.14309317,0.59483606,0.08452861,-0.77098936,-0.068051055,0.24269947,-0.22656837,-0.6126435,0.32552034,0.006715708,0.00055984006,-0.012357955,0.21853836,-0.029545816,0.13690571,-0.20635739,-0.039084967,-0.34657338,0.44291833,-0.27242616,-0.14414568,-0.31188744,-0.26099885,0.41887417,0.22964261,0.23247337,0.3450941,0.086217426,0.3461446,-0.092003435,0.41066578,0.1571404,-0.006412512,0.45908284,-0.7233213,-1.109647,0.28445137,-0.08756804,0.24100733,0.47780442,0.36045974,-0.30844197,-0.13924372,-0.29474792,0.19205229,-0.031280555,0.08973363,0.047666356,-0.41470718,-0.020666113,0.16278183,0.298272,0.03430188,0.02829952,-0.13972901,0.7832598,-0.05383698,0.03540812,0.3134977,0.33809748,0.3570589,-0.2710241,-0.25182667,0.82019365,-0.09870488,0.3572828,0.068361714,-0.11247518,0.41958526,0.0957552,0.27706468,0.24077483,0.18735886,0.2888782,-0.60650736,0.49499404,0.010422697,-0.25115564,0.11724605,-0.33241165,0.42132893,-0.15567262,0.076077774,0.21291563,-0.25164762,0.04631661,-0.41587234,0.051940832,-0.39923733,0.12994988,0.05026236,0.5147109,0.14755204,0.2743664,0.30238673,-0.4183465,-1.0475211,-0.5036208,0.43697035,-0.60112906,-0.40101624,-0.54011744,-0.79964846,0.26304892,-0.2816144,0.18676315,-0.11463643,0.17375319,-0.12031429,-0.17169371,-0.098057926,-0.16690288,-0.05062802,-0.31498095,0.10024673,-1.6246324,0.38793418,0.0958484,-0.23260584,-0.18346277,0.061886124,0.02966112,-0.04885272,-0.2799021,-0.14706333,-0.668891,-0.28965655,-0.47289154,-0.1621668,0.18009143,-0.2964773,0.26249278,-0.53873914,0.021161234,0.28018185,-0.028013272,-0.29812345,-0.3426451,0.16231573,-0.92815393,0.04471346,-0.33716723,-0.035005726,0.23988296,-0.36252508,-0.19657248,0.08319066,0.15038894,0.021627419,-0.046508487,0.24480072,0.4227578,-0.39021066,-0.12408807,-0.1261701,-0.3800116,0.15104331,0.19986454,-0.344853,-0.04869247,-0.33207378,-0.812081,-0.022364104,-0.26633546,-0.51380724,0.22201833,0.15890923,-0.15046415,0.38867787,-0.27174896,-0.1270879,0.42738983,0.31272745,-0.109580494,0.07481361,0.602874,-0.24349934,0.19023445,-0.1732522,0.48784387,0.43784344,-0.013898978,0.11462177,0.05685898,-0.4035527,-0.5743542,0.5172495,0.47279358,0.056302126,0.10557587,-0.069483,-0.120582275,-0.13451631,-0.50559616,-0.36730832,0.05169593,0.58191836,0.08604561,0.31251144,-0.33903342,-0.3705908,-0.37119344,-0.33813435,0.27007797,-0.22953951,0.13441063,0.7448499,-0.3661383,0.22660533,-0.07476986,0.43867373,-0.023851268,0.17572214,0.031221127,-0.30764222,0.12573914,-0.024171328,0.17571406,-0.105910905,-0.5737515,-0.13944167,-0.27367792,-0.52388173,0.1509954,0.38519466,0.16543245,-0.42545336,0.43973935,0.123946056,-0.18749748,-0.14260802,0.45667052,-0.039653733,0.41968825,-0.45766926,-0.11926794,0.12448828,0.16809061,0.62927365,-0.39183626,0.072904885,0.36465508,-0.16209,0.3174585,0.08624598,0.18551189,0.1343673,-0.42885998,0.31609604,0.19799957,-0.2057904,0.29470038,0.43751666,-0.12826453,0.22321586,-0.1639863,0.05243519,-0.29624468,-0.032081973,-0.3130563,0.20529616,-0.011291431,-0.34112158,0.1978633,-0.27799058,0.1738461,-0.29149047,-0.08989205,-0.17494622,-0.17438725,-0.1444483,0.08642356,0.08472412,-0.45045048,-0.41450515,0.46179265,0.115405686,0.18842311,-0.48735487,-0.09355058,0.43218744,0.2216317,0.26518613,0.15913731,-0.015271111,-0.12254827,-0.06477442,-0.10823212,-0.32532015,-0.28272888,-0.55776584,0.09092481,-0.41590196,-0.2738484,0.32799527,0.16140524,-0.0006849503,0.32571185,0.17150918,-0.07718661,0.33312693,-0.19243138,-0.44562203,-0.09726573,-0.3782077,-0.41814914,-0.042047467,0.43790185,-0.10954395,-0.10838468,0.08330107,-0.27458453,-0.093183234,-0.099233344,-0.68760926,0.44952366,0.17056717,-0.080178455,-0.44063503,-0.1681411,-0.15443371,0.20519221,-0.12268607,0.047699496,-0.28405964,-0.108247936,0.15278754,-0.5142105,0.086048156,0.5031309,0.020335529,0.13020726,-0.5239648,-0.41377464,-0.131811,-0.12481813,-0.3215437,-0.2638575,0.39920938,0.032515444,-0.17412664,-0.121871196,0.06541525,0.10980228,0.0,0,0,1,0,0,0,0,0,0,0,0,0,0,0,1,0,0,0,0,0,0,0,0,0.0,0.0,0.0,0.0
0.40802398,-0.27918813,0.3638473,0.21201782,0.44587597,-0.15518214,-0.2405175,0.47162005,-0.35764518,0.22498816,0.044048622,-0.6741793,-0.17936653,0.53031045,-0.07575309,0.43237382,-0.49644378,0.6087548,0.098023765,0.04782947,0.010191145,0.07655834,0.06410107,0.040321894,0.2586962,0.088289015,-0.13279252,-0.13377948,-0.85063887,-0.12720561,0.6214236,0.23838304,0.24778365,0.0070126713,0.10603594,-0.43717235,-0.4121517,-0.17917864,-0.090038754,0.35415146,-0.11405372,0.00980147,0.3312969,0.13810772,-0.079539396,0.5464458,0.06192739,-0.24403107,0.3989288,-0.43962964,-0.7848448,0.20341656,-0.28798583,-0.570355,0.24933963,0.48867756,0.65147203,-1.0036151,0.4210664,0.015673317,0.037830427,-0.20884363,0.14284866,-0.22903772,-0.30720416,-0.37066007,0.22369725,0.622524,-0.84068716,-0.31444728,0.19154724,-0.15674613,-0.34026054,0.0055778977,-0.04585261,0.3599157,-0.13741562,0.5352832,0.15530135,-0.33673397,-0.12983912,0.46584284,0.3329917,0.38743684,0.15375881,0.32300878,0.028766919,0.21021113,-0.10542379,0.37841672,-0.1133556,0.10609317,0.38035238,0.068557255,0.22733165,-0.30245686,-0.78053826,-0.029350186,-0.08111861,0.20583336,0.4896334,-0.3207448,-0.26909935,0.11689585,0.016769709,-0.09132144,-0.32161,-0.009073746,0.16033235,0.1843284,0.25125387,0.27478608,-0.07736858,-0.49781,-0.14378934,0.3603341,-0.20660248,0.23737639,0.25362548,-0.06159827,0.051462706,0.6413884,-0.05952485,0.34022436,0.35917333,0.26857683,0.26174387,-0.11237838,0.4364807,0.4439895,0.22609921,0.536889,0.018855186,-0.15329725,0.109838545,0.44034225,-0.01769434,-0.35735077,0.24745381,-0.6161986,-0.40994483,-0.6161774,0.040518217,0.35030144,0.34585613,-0.10011894,-0.3897468,0.23707676,-0.04223274,0.4846247,-0.5223959,0.07513587,-0.36097252,-0.097202085,0.45685866,-0.17257397,-0.16179058,-0.5938275,0.33600518,0.46467087,0.25376984,-0.030384459,-0.29968104,-0.17891082,-0.11267935,-0.26647964,0.25134853,0.6504609,-0.16731644,0.088719696,-0.1797499,-0.61574996,0.31638196,0.19439377,0.52091986,0.44637793,0.1325253,-0.17456894,0.2960636,1.2091019,-0.41862878,-0.07946828,0.44789413,-0.30225158,0.17165905,-0.10597801,0.5138192,-0.5678098,0.50104016,-0.10551368,-0.45714927,-0.36547798,0.13600914,0.015911765,0.19680792,-0.43760437,-0.052810173,-0.23196113,0.75017935,-0.25455564,-0.048784465,0.52614033,-0.14694352,-0.32194474,-0.54231256,0.45428464,-0.09453818,-0.6874523,-0.7552119,-0.19484831,0.04849143,0.56212586,-0.25889218,-0.1359667,-0.0021154713,0.2617674,-0.2911038,-0.23982169,-0.22329427,0.06804427,-0.68140817,-0.49004006,-0.048753932,0.21579073,-0.3502233,1.4147975,-0.04132579,-0.35206565,0.43058854,0.04530289,0.113652326,0.04393497,-0.2647884,-0.6168987,0.113231905,0.34515435,0.03750997,-0.5603384,0.1691175,0.05716138,-0.6056392,0.52693045,0.21032815,-0.05844018,-0.09539275,0.35733956,-0.45794082,-0.099422075,-0.56403357,0.17743276,-0.34109828,0.045902684,-0.35369086,-0.4074427,0.06687213,-0.33816436,0.14695579,-0.14414445,-0.4823563,0.09489829,0.15719931,0.39213166,0.17275919,-0.08657282,0.15336974,-0.6581367,0.030604687,0.016919242,0.49664456,-0.006127031,-0.14909361,-0.3645702,0.05780489,0.38007164,0.08413517,-0.36412942,0.26938447,-0.32668123,0.036564734,-0.64978707,-0.20933187,0.38832387,-0.5593314,0.046267834,-0.4398293,0.04104091,0.6297321,0.18763159,-0.10781638,0.06498906,-0.082871124,0.07340945,0.05046541,0.10370357,0.62395906,0.31391037,0.2333553,0.36393437,-0.35914096,0.06307308,-0.4021007,0.011057678,0.07310758,-0.010899714,-0.0074358694,-0.07177845,-0.1592573,-0.5696184,-9.383676,-0.09299589,0.21504287,-0.232474,0.19382565,-0.190575,-0.043273937,-0.098285064,-0.42376256,0.017050225,-0.107999526,-0.26023915,0.1022662,-0.5309487,-0.2714724,-0.2829507,0.4796858,0.054685406,-0.2472872,0.16375916,-0.35306546,-0.44432032,0.24711025,0.13985327,0.28177986,-0.06338809,0.09808606,0.0213444,0.27636927,-0.40557748,-0.556535,0.34817427,-0.2266672,1.1393566,-0.22128153,-0.09335188,-0.013241453,-0.67633796,-0.05143096,-0.032506924,0.10525599,-0.146175,-0.08120177,0.023952108,1.0983325,-0.2847128,-0.1642014,-0.009900929,-0.08940406,-0.3192017,-0.0021919205,-0.31886357,-0.20930877,-0.04707272,0.12539794,-0.15816166,-0.035585504,0.4962508,-0.07550963,-0.40971795,0.5565967,-0.3021976,-0.3668615,0.19999114,-0.24720104,-0.077455565,-0.9845921,-0.65742075,-0.16521311,-0.24180721,-0.24842113,0.44114554,-0.06837834,-1.6135913,-0.08085199,-0.06049236,0.24486855,0.21834642,-0.4361909,-0.28288332,-0.8186412,0.014571966,0.28633767,-0.4186612,-0.31298995,-0.7203729,-0.24227203,-0.29178372,-0.1161281,0.42944062,0.11496673,0.16660494,0.26848027,0.33692402,-0.07628239,-0.12190322,0.5569558,-0.0062514883,-0.13315518,0.7676942,0.12076719,-0.1352437,0.75531024,-0.3662665,-0.28676653,0.09512314,-0.35434517,0.46853498,-0.41081765,0.13172029,-0.32193172,0.1489611,-0.5289931,-0.27295768,-0.25654313,-0.044844013,0.042564474,0.55895513,0.27094305,-0.387205,-0.31540596,0.48304498,-0.20308468,-0.8272267,0.38653117,0.16408272,-0.045807973,0.045561638,0.09610536,-0.33841956,0.12302047,-0.31622064,-0.15275002,-0.14116812,0.4834238,-0.3619899,0.020676441,-0.020999284,-0.39691162,0.30609602,0.19500843,0.25702867,0.30862048,0.12321648,0.3402632,-0.13644132,0.39846733,0.00553299,0.22894819,0.4711505,-0.5820179,-1.0508277,0.27989137,-0.08628106,0.35512024,0.41966784,0.11581301,-0.4397544,-0.03403255,-0.4799095,0.38130742,0.017145695,-0.08883506,0.12473977,-0.25428027,0.09143894,0.22941114,0.27637696,0.13642566,-0.1509746,-0.23008989,0.4734227,-0.048583884,0.123864114,0.034135774,0.29290754,0.25046074,-0.19677293,-0.22577083,0.6966007,-0.06742001,0.43183908,0.13408746,-0.2847283,0.35367993,-0.076455414,0.24282174,0.42252117,0.17904118,0.40198895,-0.64900064,0.7657803,-0.029536761,-0.276485,0.23979604,-0.37920216,0.45866692,-0.20611177,-0.036938723,0.30533326,-0.09636118,0.10797132,-0.37345055,0.08708038,-0.38054743,0.045795962,0.036727004,0.39347196,0.056726623,0.19289139,0.12291431,-0.39320287,-0.9528139,-0.47689533,0.37019977,-0.34363872,-0.19555888,-0.26061496,-0.73368347,0.26945713,-0.29075053,-0.04693021,-0.040391304,0.3193099,-0.16205299,0.013880128,0.047780715,-0.25374585,-0.12380157,-0.32066658,-0.09621528,-1.5189948,0.3857597,0.23344171,-0.11697443,-0.22874035,0.25987947,0.026814258,-0.13439626,-0.3308378,-0.14082474,-0.79620194,-0.15319204,-0.5389653,-0.13189003,0.12305191,-0.40407884,0.2123016,-0.5315213,0.05570039,0.38372368,0.026809027,-0.2551257,-0.4140743,0.054601703,-0.9664269,0.02124576,-0.4706454,0.025667539,0.31340984,-0.29395902,-0.121794134,0.067292646,0.28088075,-0.16540414,0.03373818,0.22945689,0.3570352,-0.20582044,-0.26481256,-0.010123707,-0.41492733,0.030063111,0.332796,-0.24435134,-0.11399151,-0.28493002,-0.65310097,0.013293125,-0.27409026,-0.36857772,0.041519385,0.21457165,-0.39121938,0.32447872,-0.2628636,0.123353094,0.4199638,0.24749929,-0.23988937,0.040301647,0.3571339,-0.3033224,0.08228288,-0.45455223,0.41984814,0.3298129,-0.29968694,0.10631438,-0.018984007,-0.21698885,-0.43575045,0.7231338,0.5274916,0.025840249,0.02434596,0.088313684,-0.3528321,-0.1734908,-0.7319984,-0.28006172,-0.024158241,0.52726746,0.31567705,0.14932519,-0.16481583,-0.18512407,-0.16382195,-0.36629727,0.38265622,-0.23383331,-0.034682382,0.69321704,-0.3534072,0.15621597,-0.09441501,0.6090468,-0.23590304,0.24803208,0.068167746,-0.35352707,-0.04948297,0.011792056,0.35303146,0.13755943,-0.44106734,-0.03739309,-0.20324443,-0.5798798,0.14328928,0.35596454,0.073672384,-0.49905804,0.24304333,0.116448194,0.16557448,-0.14621173,0.20315662,0.17135547,0.2805008,-0.26212156,-0.2966265,0.08616598,0.253378,0.29152912,-0.2977477,0.2212788,0.21195644,-0.03014242,0.2772331,0.3526475,-0.016531872,0.023144133,-0.7382752,0.29837197,0.4557586,-0.17353663,0.02422075,0.24683407,-0.14099738,0.2877143,0.04172226,0.032068778,-0.004052056,-0.016205817,-0.09859879,0.25629437,-0.21753767,-0.18573774,0.19609985,-0.26178262,-0.11077169,-0.24102736,-0.1432214,-0.15731509,-0.245265,-0.15774962,0.10328081,0.030774362,-0.39067543,-0.46876916,0.6824395,0.25877288,0.40434676,-0.36234817,-0.059480634,0.29160252,0.10384436,0.06462908,0.19015545,0.007025156,-0.24184337,0.018552693,-0.30066058,-0.15868331,-0.2314232,-0.37287557,0.27678588,-0.8881327,-0.4046696,0.45991838,0.26442504,0.028375193,0.20568419,0.053469863,0.1923872,0.38671342,-0.21046127,-0.5723187,-0.08528012,-0.101881295,-0.66720885,0.13399117,0.3939183,-0.07288026,0.12196272,0.055949513,-0.09289166,-0.20415986,-0.22205287,-0.68828654,0.42700863,0.27719712,0.010862104,-0.37139153,0.051858634,-0.08938536,0.26513723,-0.22815266,0.02639911,-0.4289202,0.0081925,0.25358918,-0.48456073,0.06774166,0.45537844,0.072266094,0.13863379,-0.43506446,-0.556099,-0.31313133,-0.17203107,-0.27929115,-0.07039651,0.5848967,-0.09393484,-0.14420086,-0.19505817,0.070782736,0.17841378,0.0,0,0,1,0,0,0,0,0,0,0,0,0,0,0,1,0,0,0,0,0,0,0,0,0.0,0.0,0.0,0.0
0.21764715,0.022895955,0.14023234,0.21284184,0.15837154,-0.36100703,0.115021944,0.16428795,-0.3365187,0.1628163,-0.18496676,-0.66969115,-0.128814,0.56584215,-0.25684732,0.64380676,-0.35014504,0.4824292,-0.23564576,0.57131284,0.5506845,0.09840065,-0.036114473,-0.19987172,0.40402615,0.07393913,0.4456728,-0.11444531,-0.98775595,0.19432376,0.39595032,0.23306172,0.74716574,0.09036012,-0.04087585,-0.58730257,0.09709318,-0.33436325,-0.019297443,0.28497508,-0.15901914,-0.2138152,0.58589506,-0.20955428,0.17975342,0.31823194,-0.017734084,-0.039064694,0.029605372,-0.25164437,-0.83698064,-0.23023038,-0.112887174,-0.43519154,0.035720166,0.15175503,0.67895895,-0.7816117,-0.021431055,0.057118125,-0.1827375,-0.37609348,-0.05007878,-0.3493441,0.039808344,-0.18649495,-0.12228319,0.52866083,-0.7827832,-0.31421736,0.11826385,0.14056315,-0.29327422,0.30624884,0.020656856,0.5208235,-0.29455078,0.82559896,0.2729558,-0.2049495,-0.2197312,0.34120706,0.120283775,-0.018618062,0.17618808,0.27109104,0.21024096,0.24592878,-0.30281872,0.83893156,-0.02634282,0.09000108,0.22270761,0.22309093,0.017880302,-0.33929616,-0.633083,-0.124114536,-0.07096343,-0.073193915,0.5098838,-0.16920064,0.033413153,0.18148546,-0.11369726,-0.39282095,-0.3762272,0.5183921,0.48689717,-0.026619572,0.045914996,0.4961594,0.0707321,-0.31402352,-0.46229386,0.2251057,-0.1547208,0.0118082855,-0.09749794,-0.34417742,0.0047887038,0.55090654,0.034709536,0.32638332,0.3693616,0.7115562,0.34729055,-0.055768866,0.13723947,0.6271185,0.20207761,0.38935903,-0.022990117,-0.038937874,0.16492654,-0.044349775,0.24888012,0.022548491,0.52631414,-0.358298,-0.42412204,-0.023383679,0.1263059,0.27241883,0.41845557,-0.11657433,-0.14706792,0.122286625,-0.24554212,0.20443475,-0.47143528,-0.05517058,-0.67778647,0.044203337,0.066643804,-0.16810739,-0.25306,-0.43947464,0.51944995,0.4242376,0.6033993,-0.19970773,-0.13949856,-0.10454778,-0.11346885,0.2935854,0.34962153,0.5336927,0.11163336,-0.011716893,-0.00025652407,-0.3998925,0.5808421,0.1489076,0.43216142,0.57299185,-0.63394874,-0.36587635,0.049045715,1.2668469,-0.3889603,0.05241766,0.28538904,-0.21750732,0.1071058,-0.022039825,0.4903022,-0.069462486,0.7207787,-0.069673546,-0.7206371,-0.3471743,0.36258274,0.14416444,0.14948472,-0.14144428,0.23954056,-0.20847878,0.71502906,0.0543174,0.31497106,0.48102543,0.119175866,0.025224814,-0.25145215,0.3622994,-0.3277377,-0.1397869,-0.36033764,0.12491948,-0.25842756,0.56816953,0.24378723,-0.02153474,0.3418981,0.23579693,-0.13236895,-0.4268092,-0.37586135,0.010198355,-0.39294547,-0.69120306,-0.35053852,0.0970958,-0.30586985,1.1706226,-0.07177948,-0.38732123,0.29083052,0.09039919,0.04318992,0.11678287,-0.1270983,-0.16140714,-0.14086081,-0.35321125,0.27878043,-0.019772558,-0.014300878,-0.299737,-0.67508703,0.6475781,0.23442884,0.16454384,-0.15028687,0.11324635,-0.5164979,-0.48681816,-0.03707559,0.08946418,-0.0059183203,-0.398433,-0.49152774,-0.2565181,-0.10000962,-0.14630336,0.37672535,-0.04261899,-0.20564187,-0.060007587,0.07345,0.21976046,-0.25329372,0.46963933,0.13606568,-0.48467505,0.294466,0.63566595,0.08899075,-0.20623855,0.069280796,-0.7005863,-0.3738035,0.39397117,-0.08168962,-0.10881312,-0.09376158,0.072642975,-0.22920342,-0.8192366,-0.3780884,0.36987305,-0.29241213,0.26943767,-0.10854143,-0.40117282,0.18514659,-0.3880217,-0.38564438,0.14507726,-0.36404988,0.12370417,0.09780963,-0.17789352,0.18861122,0.28144577,-0.14349316,0.17387554,-0.31130734,-0.5291663,-0.61231637,0.24633265,-0.37773243,-0.22306538,-0.040429708,-0.1210022,-0.36879525,-0.47137722,-9.987516,-0.22161877,-0.02963191,-0.22922558,0.15436779,-0.17272839,-0.1200532,-0.15493792,0.100887716,-0.26210228,-0.16136137,-0.31715947,0.16951731,-0.35682866,-0.2504335,-0.025015002,0.4283457,-0.16611718,-0.00081149733,0.31318265,-0.29458505,-0.29496685,0.68337846,-0.1837359,0.385641,-0.050763,-0.11645657,0.10557059,0.13534577,-0.61923873,-0.0036460147,0.42651734,0.14994311,1.1659983,-0.32671943,-0.22308944,0.05608537,-0.6283078,0.12338896,-0.35388213,-0.059215296,-0.045810644,-0.34558094,0.24750887,0.9900143,-0.20061874,-0.16260347,-0.01069417,0.21603641,-0.23373435,-0.20875098,-0.46305335,-0.2549588,-0.07026389,-0.25733024,0.19157565,0.04195941,0.38983548,-0.23514266,-0.77935064,0.06302766,-0.27308774,-0.5733385,0.12033144,-0.13701104,-0.5157505,-0.5310359,-0.7935608,-0.16317526,-0.18348475,-0.8296578,0.59439886,0.1765953,-1.3225142,-0.3405181,-0.491065,-0.23576902,0.14677781,-0.284142,-0.43503028,-1.24939,-0.08701117,0.50639975,-0.19383109,-0.26381227,-0.2491424,-0.23549864,-0.09673575,-0.12558626,0.52303046,0.067931086,0.14464001,0.1259816,0.37234914,-0.08704186,-0.12965707,0.78025705,-0.3665804,-0.22408451,0.492432,0.06767031,0.21090765,0.44080848,-0.30758062,0.18588561,0.07164474,-0.36281717,0.38078368,-0.20471634,0.38940084,0.22838688,-0.059167754,-0.286362,-0.2032612,-0.52229905,-0.26696405,0.33752573,0.7940812,0.35632586,-0.62385917,0.023320643,-0.07746425,-0.4110361,-0.75770813,0.21575834,-0.16490977,-0.426513,0.14642172,0.05711596,0.19369349,0.05767016,0.06346851,-0.31662923,0.10313742,-0.020617334,-0.38179424,0.11890118,-0.04443405,-0.015994607,0.34032524,0.3322161,0.025099857,0.06901768,-0.24489403,0.73082685,-0.15552358,0.20833078,0.42373756,0.29941377,0.59174466,-0.33953977,-1.074265,0.15545715,0.15048403,0.4498624,-0.17562601,0.2762028,-0.2050205,-0.22586352,-0.50743246,-0.09720387,-0.12993306,-0.19432329,0.055890046,-0.270182,0.1571425,0.28194618,0.03256903,0.19997953,0.030069167,-0.1614974,0.6939932,0.018881308,0.34854534,0.4457472,0.31655473,-0.11623329,-0.031470273,0.0050115436,0.68799484,-0.22835211,0.3242731,-0.2677987,-0.04604666,0.69595796,0.0011524744,0.17086521,0.27798024,0.326092,0.40934497,-0.33063832,0.7204249,-0.19795854,-0.31563908,-0.04658496,-0.3731712,0.4203765,0.2840268,0.2765911,0.46972045,-0.3308126,0.07554195,-0.31397125,0.25297657,-0.31306148,0.19454664,0.2087343,0.4003092,0.15560366,-0.08022597,0.18843912,-0.26102218,-0.6831906,-0.5143573,0.12275018,-0.57130766,-0.27378646,-0.23011392,-0.6767663,0.06152303,-0.31383762,0.074628696,0.110364124,0.112673014,0.05461472,0.040156946,0.05556829,-0.07641199,-0.1711285,-0.09843304,0.20579392,-0.8427961,-0.024349222,0.16034012,-0.056074187,-0.119360335,-0.1329457,-0.5063188,0.0843711,-0.19722576,-0.02566052,-1.1250862,-0.55863374,-0.6785905,-0.09016523,0.11477812,-0.6229846,0.1741077,-0.19840111,0.48966086,0.39028645,-0.04195552,-0.5511862,-0.4647759,-0.029146243,-0.8109301,-0.5709071,-0.47353625,-0.023002233,0.5006027,-0.035328466,0.21441643,0.08600164,0.34016076,-0.21323593,0.13035542,0.13302918,0.36518756,0.0031959293,0.10438746,-0.41430795,-0.3171705,0.20744924,0.1806899,-0.5558714,-0.1630624,-0.23338686,-0.16291763,0.33739674,0.4694552,-0.6342602,-0.18167913,0.23713022,-0.24103601,0.22301835,-0.17204821,-0.24686863,0.34466523,-0.14186579,-0.30846536,0.27424544,0.12663965,-0.19122466,0.2705532,-0.09010529,0.16261685,0.31600636,-0.53283703,0.29014522,-0.23430328,-0.69355357,-0.4501478,0.4705135,0.07252388,-0.23984411,0.20042923,0.12988512,-0.3000024,-0.13662115,-0.5285363,-0.13449344,-0.14093584,0.52141684,0.2623195,0.088307336,-0.046634026,-0.5930054,0.17359239,-0.34020808,0.039130535,0.022356959,-0.03694941,0.61025566,-0.35498464,0.20202877,0.1355401,0.5341877,-0.26778483,0.041816715,-0.10959708,-0.24797101,-0.54528373,0.03856564,0.06916803,0.0025454415,-0.264611,0.16789995,-0.0407558,-0.39135528,0.13794194,0.31223983,0.16236795,-0.06391185,-0.03131945,-0.19957474,-0.1434184,-0.29020584,0.4889223,0.32149535,0.7421057,-0.24103674,-0.060095116,-0.4624319,0.25667262,0.4214168,0.18928605,0.17391796,0.42276603,0.1809733,0.19120112,0.37864172,0.16069724,-0.070493154,-0.109479755,0.59094286,0.16117203,-0.053941846,0.13404562,0.27615243,-0.4371067,0.8059444,-0.40963063,-0.20345658,-0.39292786,-0.046503898,-0.11099931,0.24374034,-0.6411421,-0.5467587,0.09565759,-0.27242148,0.08485715,0.031006057,-0.113568485,-0.21206725,-0.32876495,-0.3189175,0.42420933,0.11371605,-0.15149549,-0.5904764,0.33228087,0.08813371,0.075310655,-0.15490937,-0.20831078,0.27695665,-0.06267633,0.31374314,-0.30858067,0.3299435,-0.7365167,-0.0067564263,-0.08481934,0.08838126,-0.20418473,-0.1805932,0.016408958,-0.7777386,-0.41933602,0.49190998,0.33504456,0.050788216,0.20547049,-0.19418614,0.25592434,0.40893394,-0.39988494,-0.50060666,-0.20043038,-0.528453,-0.5777121,0.0962932,0.23563568,-0.38069645,-0.5384683,0.252747,0.18016356,0.56720763,0.12838453,-0.4471412,0.44571286,0.24930158,0.017884642,-0.2977246,-0.1273834,-0.090770856,0.37316757,-0.48151714,0.04446898,-0.3658818,0.08570896,0.18870299,-0.5576853,-0.06246553,0.035533324,0.41250694,0.03379271,-0.47615558,-0.5274807,-0.1203898,0.051205188,-0.31274045,-0.088795036,0.5862515,-0.3111354,0.012232686,-0.6677436,-0.050150663,0.1298312,0.0,0,0,1,0,0,0,0,0,0,0,0,0,0,0,1,0,0,0,0,0,0,0,0,0.0,0.0,0.0,0.0
-0.5673679,-0.48835328,0.9360074,0.22235611,0.5213425,-0.16494118,-0.05647523,0.18531671,-0.23755719,0.029112166,0.20554551,-0.009278358,-0.055889357,0.098982684,0.014125702,0.118033625,-0.0062771463,0.075208865,0.00070904195,-0.3468216,0.1403069,-0.04386945,-0.13052632,-0.33131108,0.38096097,0.43142724,0.023406606,-0.5257597,-0.8477755,0.052559834,0.17680779,0.10209213,0.20380072,-0.18274452,-0.034624852,-0.18062311,-0.2308272,-0.27526218,0.1864563,0.51235,-0.4369048,-0.0082076555,0.15087992,-0.09949566,0.013160428,0.23903549,-0.23871714,-0.7986516,0.43989754,-0.27650696,-0.8028835,-0.0077630924,-0.593408,-0.2565088,-0.113566294,0.090680905,0.32234588,-0.56581277,-0.09432418,0.18991335,0.33301187,-0.06122703,-0.3783883,-0.44540402,-0.40450808,-0.3403884,0.076446384,0.63607484,-0.7611992,0.12763102,0.16521424,0.13147001,-0.01541449,-0.2642483,-0.18068832,0.26055852,-0.69684577,0.9338705,-0.14069407,-0.14682059,-0.16880178,0.094981395,0.58517736,-0.22966842,0.2694925,0.0837641,0.60737264,-0.050938316,-0.086574726,1.0563378,0.05768378,0.082969025,-0.050509397,-0.0392172,0.14969334,-0.31477916,-0.49002972,-0.08231942,0.15569007,-0.31532565,0.6871205,-0.28274167,0.22302684,0.40823445,-0.11025153,-0.13649091,-0.44911033,0.0040912237,0.05799227,0.27157298,-0.30208388,0.39433318,0.21760207,-0.42973354,-0.4511623,0.10290436,-0.4873103,-0.04670324,0.5998495,-0.3893897,0.122973226,0.5073607,0.43097717,-0.06831737,0.24288696,0.43854073,0.45772526,0.031056514,0.7132634,0.15042815,-0.043717932,0.38782218,0.5105206,-0.1856951,0.33204812,0.120510295,-0.029055398,-0.38357118,-0.17307037,-0.34214184,-0.18308005,-0.366215,0.028007021,0.17605282,0.32561332,0.42340308,0.07225482,-0.26338163,-0.3187414,0.6792313,-0.103034124,-0.15252075,-0.5774886,0.048502773,-0.10687498,-0.4520243,-0.44240624,0.09556208,-0.18693842,0.66299546,0.9388637,0.28060582,-0.091695845,-0.17664556,0.4810785,0.0073869503,0.32032597,0.32899833,-0.050538853,-0.081737,-0.0580771,-0.3185899,0.54702073,0.1532414,0.410568,0.412532,0.048937727,-0.10090524,0.44352168,0.6757403,-0.68661237,-0.23998404,0.56004983,0.3671089,0.2805121,0.033073165,0.480614,-0.6752465,1.0498401,0.051855087,-0.14413708,-0.3545456,-0.010299087,-0.10860222,-0.14235392,-0.4303053,0.1350688,-0.60421616,0.10789841,-0.0529515,0.015399022,0.47290963,0.23050205,-0.1777544,0.03771338,0.11093934,-0.34150773,-0.18369117,-0.39620125,-0.2192597,-0.28897396,0.646113,-0.55859727,0.10827156,0.58231044,-0.1773077,-0.020776117,-0.64676535,-0.22092417,0.3225824,-0.5424952,-0.4044695,0.38731477,0.30556822,-0.43610588,1.3809056,0.19061483,-0.1452995,0.7648409,-0.1627189,-0.3970886,0.035660535,-0.07450563,-0.12727064,0.3293792,0.32659504,-0.115318835,-0.14708409,0.23979305,-0.17983446,-0.34108335,0.6794757,0.30577514,-0.10455456,-0.22879301,0.2851574,-0.0255704,-0.417725,-0.75104403,-0.033592187,0.12098226,0.0609996,-0.2484554,-0.44810712,-0.5319226,-0.1294977,0.3983553,0.12975103,-0.49788594,-0.37174812,0.035605896,0.09654272,0.013415647,-0.1050927,0.16708617,-0.45159146,-0.015903544,0.28058222,0.3271705,-0.45963326,-0.42210582,-0.40238166,0.17732838,0.4824691,-0.117008254,-0.063296445,0.2888612,0.04994896,-0.07587933,-0.26006672,0.26915324,0.5810518,0.10889162,0.019286,0.033319306,-0.15756927,0.45594364,-0.033220526,0.077412695,-0.44592398,-0.594541,-0.2751463,-0.46559975,0.1581779,0.58460593,0.25210556,0.12149123,0.4548764,0.0036957548,-0.011496935,0.14948094,-0.4310507,0.42071724,-0.25099152,-0.21272497,-0.0009033999,-0.91692084,-0.43942893,-8.6006155,-0.28887784,-0.24606003,0.021061001,-0.3302317,-0.35691258,0.20468421,0.68442273,-0.009349806,-0.057554875,-0.03875623,-0.59616846,0.04936894,-0.081142604,0.26140633,-0.007849425,0.925966,0.09298814,0.013220955,0.17392862,-0.20774855,-0.60570055,0.24690677,0.07866818,0.2560454,0.11502153,0.21458992,0.19529492,0.09508453,-0.52973115,-0.16004363,0.003258543,0.15441893,0.8682608,-0.40432298,-0.05521856,-0.04557305,-0.41122037,0.06849794,0.11229724,0.07361569,0.10246702,-0.3022989,0.14100905,1.0727794,-0.36098707,0.011645793,-0.035720944,0.30880195,-0.32218114,-0.32541084,-0.3917965,0.10204997,-0.311367,0.17288823,0.17054705,0.11781434,0.57117563,-0.4733257,0.114652835,0.2757728,-0.35844916,0.06565713,0.32963085,-0.28162268,-0.3554475,-0.474217,-0.22535577,-0.33379638,-0.08380075,-0.2752837,0.23602103,0.4028858,-1.4449965,-0.51023126,-0.35927323,0.48024386,0.33388442,-0.47605762,-0.19143553,-0.64119476,-0.8184273,0.25317746,-0.062065564,-0.13402377,-0.15073918,0.02875678,-0.24245144,-0.36805934,0.0772094,-0.42240226,-0.16376364,0.08672097,-0.08770861,-0.38598487,-0.17197266,0.5183778,-0.43699813,-0.24071854,0.71604043,0.24238306,0.10371766,0.34383202,-0.3626862,-0.095087044,0.07913631,-0.50995386,0.13946603,-0.12746565,-0.07049142,-0.11965904,-0.30800638,-0.31712976,-0.24367005,-0.31212032,0.3334912,-0.100806616,0.3784511,-0.16317372,-0.7563569,-0.3060325,0.099276245,-0.28831634,-1.1040956,0.034733642,-0.047572583,-0.4740218,0.2174699,-0.002605554,-0.05171865,-0.043983135,0.10602802,-0.2869974,0.20550334,0.27690756,-0.47501752,0.13568023,0.039333895,0.28923595,-0.15908149,0.39702126,0.36098123,0.13302007,-0.29387507,0.030212486,-0.0013547826,0.55177444,-0.27278924,0.17477892,0.110778235,-0.2986984,-0.7036541,0.21482249,-0.09471497,-0.5260983,0.24261147,0.14377393,-0.7106159,-0.38100633,-0.65560144,0.005552873,-0.06292637,-0.032652885,-0.12404643,-0.39717114,-0.09506192,0.21071741,0.09532083,0.043008067,-0.1817202,-0.5756678,0.20034486,0.2626273,0.31882933,0.41294783,-0.17311879,0.43341824,-0.5981095,0.4031422,0.7292957,-0.010195814,0.16306612,-0.31169438,0.04254621,0.5277859,-0.106144704,0.18194708,0.6947678,0.47604102,0.056028966,-0.58658266,0.43745318,-0.22610189,-0.29387274,0.32713664,-0.50880843,0.76301056,0.2923846,-0.30110827,0.501123,0.13460822,0.31136596,-0.36106178,-0.27982014,0.058411647,0.08254963,0.2544242,0.3201416,0.29854095,-0.14594406,-0.08574194,-0.38223183,-0.797343,-0.4858832,0.6093842,-0.013367342,-0.11816324,-0.18212004,-0.5821146,-0.024932522,-0.2414804,0.3894473,-0.02411016,-0.012342665,0.24838115,-0.4735949,0.22100897,-0.3738981,-0.2648486,-0.21881656,0.13255242,-1.5978681,-0.052087188,0.014686911,-0.41009536,-0.49725693,-0.64644647,-0.27821222,-0.29810125,-0.11786023,-0.9048845,-0.47206262,0.26892108,-0.6734932,-0.42658982,0.36675495,-0.22275095,-0.17960046,0.015042369,0.073043644,0.40001118,-0.31731966,-0.6796759,0.08333551,0.13549608,-0.5142359,0.28494096,-0.7498696,-0.3500662,0.560062,0.12155176,-0.042071,0.34951642,0.63385564,0.3876999,0.53457004,0.4421152,0.29560262,0.3892934,-0.101378396,0.3249918,-0.36632335,-0.25163665,-0.0169545,0.13367474,-0.283861,-0.517254,-0.8239124,0.17179032,-0.6938844,-0.6499626,-0.57168525,0.3916363,0.41201556,0.5404244,0.14879887,-0.32873398,-0.102816306,-0.23204505,0.32521924,-0.013431827,0.40777338,-0.2043248,-0.17798041,-0.092882805,0.39890862,0.5899994,-0.4454487,-0.0255791,0.19045448,-0.14519677,0.05515984,0.65696466,0.5733212,-0.43858016,0.093850635,0.0657511,-0.0070760786,-0.33591688,-0.30615312,0.20356348,-0.13333245,0.5759125,0.65199393,0.23851147,-0.12096132,-0.66903627,0.06492643,-0.3469624,0.29772824,-0.43696776,0.29979756,0.41278538,-0.24489234,-0.21717522,0.116257556,0.068843685,-0.01803937,0.22761153,0.25891173,-0.17351484,-0.2661177,0.19606443,-0.13482426,-0.26512635,-0.32821918,0.034761578,-0.35096553,-0.29789254,-0.048295043,0.210482,0.46853614,0.32241267,-0.034891278,0.04087964,-0.28093055,-0.25932187,0.059494056,0.47859216,0.7088506,0.16605683,-0.38689396,-0.1408992,-0.096987106,0.07499231,0.162077,-0.04369337,0.30160215,0.60344255,0.24852888,0.31772938,0.24302235,-0.0014756274,-0.81157684,0.32150188,-0.19335367,-0.014232019,0.007442748,0.32715616,-0.111318596,0.17931412,0.4761091,0.07465285,0.12608275,0.27701443,0.22401172,0.4890574,-0.03769924,-0.2858748,0.49380332,-0.25016677,-0.17538594,0.009725719,-0.16882731,-0.22790857,-0.104164,-0.0136914,0.13252838,0.17866531,-0.42456138,-0.12272909,0.09077599,0.26123965,-0.03684484,0.03205982,-0.12694553,0.16540366,-0.02561398,0.44808072,0.24495083,0.37391326,-0.81716937,0.15571699,-0.13846534,-0.33953202,-0.18957432,-0.4038204,0.4510667,-0.65356505,-0.2524878,0.47559524,0.3208809,0.13480386,0.26817918,0.3230703,-0.33429444,0.23062916,-0.23935208,-0.5082353,-0.26388314,-0.7019049,-0.6263397,-0.094067946,0.104196526,-0.15987575,-0.14261748,-0.4235819,-0.0050693774,0.32188284,-0.4648522,-0.38044223,0.27503148,0.614908,0.17318746,-0.34550315,-0.24341959,0.10754575,0.06962345,-0.21389538,0.10290023,-0.79843694,0.010065612,0.029668171,-0.11071402,-0.029627962,0.4831725,0.16062057,-0.10733299,-0.38767165,-0.21542317,-0.3287918,0.28074718,-0.44047302,0.035332188,0.33400315,0.09979463,-0.39941895,-0.36418873,0.18873315,0.48151577,0.0,0,0,1,0,0,0,0,0,0,0,0,0,0,0,1,0,0,0,0,0,0,0,0,0.0,0.0,0.0,0.0
0.17079392,0.003275102,1.2447827,0.08763813,0.077284425,-0.2582985,0.097482435,0.54933935,-0.35000637,-0.3271666,-0.045134015,-0.39029825,0.38826627,0.34194878,0.23683657,0.3605508,-0.39387318,0.4523183,0.036354087,-0.16357233,0.5188751,-0.03597885,-0.002298307,0.100309245,0.14900728,0.0010347185,-0.011159335,-0.16698778,-0.36855197,0.37810233,0.2406895,0.14670205,0.28824708,0.048080344,-0.22544636,-0.4436368,-0.04564526,-0.0558008,0.45811725,0.30862927,-0.26960734,-0.6897328,0.34323502,0.04928401,-0.44618958,0.14053302,0.021869022,-0.30064517,0.29859746,-0.32328576,-0.36482823,0.22016354,-0.11210665,-0.36731216,0.23596752,0.78037804,0.48914418,-0.48180798,-0.44435528,0.02210071,-0.2139159,-0.80387896,0.00449838,-0.0012620235,-0.2376948,-0.4780669,-0.011124423,0.27001035,-0.9051208,0.014134974,0.049181394,-0.063497536,0.092015125,0.27670658,-0.13930553,-0.24711661,-0.18745157,0.69748056,0.017590208,-0.27755195,0.036933053,0.19654103,0.34418327,0.43786296,0.34889564,0.15283617,0.31781125,0.021377223,-0.5480351,0.85224366,-0.084840424,-0.12115511,0.15092988,-0.022484168,0.24496882,-0.6574325,-0.5066207,-0.3513906,-0.2731036,0.13092797,0.30411756,-0.21561253,0.20174389,-0.3363559,-0.124532655,0.115677044,-0.2229083,-0.11593774,0.38149932,0.016397998,-0.070136145,0.058983136,0.39316422,-0.095434554,-0.011228473,-0.24142492,-0.19990772,0.45640555,0.14248711,-0.60149145,-0.49348545,0.32761383,0.26276743,0.16125113,0.12379752,0.14783168,-0.43501168,-0.27047533,0.13454178,0.34378406,0.37122002,0.20497158,-0.31620383,-0.66011184,0.34153995,0.1826829,0.13126382,-0.18193024,0.08538619,0.043562036,-0.0054056905,-0.1382177,0.20146473,0.08007412,0.07122952,-0.22290514,-0.35395038,-0.20282616,-0.3536344,0.2111165,-0.21309835,-0.23346797,-0.3201515,0.045930605,0.07203336,-0.5885943,0.05633186,-0.12053935,0.24941999,0.46198955,0.02662862,-0.12750235,0.16936995,-0.03601628,-0.17057392,-0.19497164,0.083921835,-0.24008214,-0.0090996865,-0.31981683,0.14055926,-0.35359463,0.0058160997,0.13999015,0.613549,0.14267705,0.072866224,-0.5698868,-0.095861405,0.825802,-0.3682184,-0.15572716,0.37591708,-0.1362465,0.4669537,-0.4714673,0.5113395,-0.2375353,0.68701345,0.22263534,-0.25718892,-0.18568619,0.3776552,-0.3261158,0.1872598,-0.40859723,0.17064375,-0.112762734,0.29156724,0.050405003,0.15110248,0.32096046,0.09022953,-0.09692223,-0.764409,0.57700247,-0.13081981,-0.020764463,-0.54595387,-0.06866448,-0.18236154,0.49879798,0.03132464,0.38066915,-0.007292486,-0.13432865,0.16578096,-0.14885475,-0.21547408,0.14899276,-0.42676726,-0.10148107,-0.28737947,0.00071835547,-0.19434622,1.0311303,0.19737647,-0.82519525,0.41738138,0.0007199624,0.211708,-0.24048778,0.12894326,-0.12196193,0.4706459,0.11762332,-0.1590429,-0.18389362,-0.3280769,-0.025584372,-0.24029104,0.13546662,0.49987838,-0.01397772,-0.2368934,0.10899093,-0.13934371,-0.30809093,-0.3563276,-0.25213185,-0.15194894,-0.32737088,-0.48008597,-0.04141217,-0.021280797,-0.32157445,0.2765783,-0.5338017,-0.15795928,0.2146308,0.35269672,-0.21025476,0.063322335,0.018969273,0.32174283,-0.22362848,-0.24400797,0.0287236,0.3227382,0.241671,-0.13254133,0.29615727,0.38075012,0.84197783,0.10301862,-0.22984864,0.20787483,0.08257249,0.2490421,0.013351114,0.43556118,0.4564821,0.10549325,0.02024998,-0.18955417,-0.24546644,0.39570418,0.5730867,-0.11634814,-0.011558559,-0.14508398,-0.23872109,0.0051120967,-0.054827355,0.38264728,0.025275279,0.15203775,0.05250749,-0.62410635,-0.23326555,-0.03370774,-0.07185648,0.28635672,-0.004354903,-0.01919673,-0.05264154,-0.4591582,-0.2398531,-11.866764,-0.3998075,-0.20727877,-0.4748974,0.23521496,-0.10521868,-0.118423045,0.23866346,-0.17539966,-0.21481226,-0.16627352,-0.35269985,0.5099226,-0.4961627,-0.23918767,-0.25511676,0.7253786,0.19569129,-0.3305607,0.14396608,-0.24458243,0.08445795,0.28346932,0.28498197,0.4864762,-0.2781419,-0.32364136,0.1724932,-0.18374866,-0.040639013,-0.140089,0.15020916,-0.045382403,1.0269003,-0.4362258,-0.25054076,-0.030543497,-0.44091454,-0.32008377,-0.5301294,0.29493248,-0.3273704,-0.6567726,0.2012992,0.729483,-0.3210746,-0.27727544,0.06657774,0.06322715,0.082836606,-0.11180557,0.14914119,-0.16962196,-0.6121721,-0.13421409,0.092562094,-0.035315268,1.1585488,-0.06375766,-0.3461189,0.5427285,-0.056136366,-0.6123255,-0.07264869,-0.49737725,-0.0753509,-0.5639156,-0.08969933,-0.16371752,-0.07251516,-0.080075115,-0.06613233,-0.103319205,-1.2556828,0.038545437,0.046539854,0.34949997,0.33115616,-0.057574626,-0.014471311,-0.71835977,-0.14872497,0.24965423,0.22632426,-0.47646,-0.44307736,-0.053139128,-0.59501475,-0.34248108,0.056101352,-0.24252212,-0.035675388,0.20076069,0.10751088,0.2647689,-0.17169774,0.21196087,0.015508585,0.056507338,0.25946742,0.28279287,0.23167153,0.376055,-0.46125308,-0.3392675,0.26333517,0.09323259,0.37749413,0.020882573,-0.06677452,0.0072536212,0.23460177,-0.5462219,-0.36121646,-0.14166695,-0.26943082,0.072572395,0.3726615,-0.30202916,-0.6415776,-0.21135049,-0.108525656,-0.6383058,-0.41850626,0.12716721,0.24776693,-0.072542325,-0.08595452,0.018712617,-0.108761065,-0.0018403952,-0.31775418,-0.3809077,-0.030593872,-0.021609645,-0.2454223,0.038950723,-0.5095503,0.20445883,-0.23246041,0.42164853,0.27258703,0.09210841,0.10003052,0.06654188,0.026531344,0.12956047,-0.0042360337,0.08346817,0.09515129,-0.48704192,-0.49005303,0.033332087,0.009604148,0.0957271,4.375696e-05,0.65338165,-0.47700435,-0.57219493,-0.80267245,0.0037209964,-0.16948232,-0.12499057,0.1694966,-0.08047474,-0.13282922,-0.083169766,0.373117,-0.079637505,-0.447441,-0.15684702,0.76580673,-0.019416561,0.08598861,-0.003299396,0.12642884,0.30363324,-0.2301691,0.06742856,0.6458288,0.19691114,0.35834625,-0.37797797,-0.04465238,0.15682568,0.211234,0.21258648,0.21805677,0.4496466,0.4303829,-0.76220953,0.72630095,0.022143481,-0.62095726,-0.06545249,-0.38685912,0.5310416,0.087252915,0.056359004,0.5749697,-0.453293,-0.19427447,-0.6150015,-0.07597523,0.03047893,-0.040444802,0.010890476,0.55599684,0.52178115,-0.07753839,0.07198217,-0.40018663,-0.14794977,-0.16443151,0.51369536,-0.49221933,-0.45972282,-0.32924077,-0.6875169,0.13275559,-0.038609013,-0.3226427,0.068654545,-0.06973829,-0.28749156,0.19058165,-0.09150896,-0.25146058,-0.15782051,-0.09948609,0.019290915,-1.6630284,0.4012951,0.30718857,0.02905224,-0.06697669,-0.3572326,0.3834769,-0.0017457154,0.28894573,-0.4914408,-0.857708,-0.02255611,-0.62987727,0.007239455,0.30970258,-0.578847,0.44436032,0.033640042,-0.016567778,0.33277377,-0.392731,-0.19269827,-0.2218482,0.3294784,-0.39496282,-0.3772981,-0.2026848,-0.16045082,0.065467946,-0.36681792,0.002925518,-0.27608597,-0.12992662,0.21673514,0.29198587,-0.057432942,0.21456124,-0.009750038,-0.46459407,-0.0145460535,0.07581047,-0.1347681,0.16287339,0.06427354,-0.46494645,-0.4536163,-0.14578286,-0.13145441,-0.19197111,-0.38388965,-0.17092714,-0.21618775,0.23707637,0.29733658,-0.20809871,-0.33314383,-0.013460623,-0.16366568,0.463897,0.35124797,0.27148718,-0.6884673,0.031271543,0.1794744,0.46521223,0.65364647,-0.36049023,0.080183506,0.14573002,-0.080878496,-0.3398611,0.33543983,0.27699652,0.0073435134,-5.5290162e-05,-0.12743531,0.42442188,-0.27892572,0.040579665,-0.15498629,-0.16163881,0.6033641,0.82620776,0.0933136,-0.270541,-0.50352204,0.12032968,-0.13866228,0.19564849,-0.27320915,0.41651604,0.5935752,-0.2854979,-0.22506334,0.060793266,0.22353119,-0.036299396,0.34920788,0.0675468,-0.4430644,0.348565,-0.15203506,0.32519343,-0.19093695,-0.51768786,-0.06532489,-0.45883033,0.049124923,0.20790511,0.5448959,0.32988915,-0.22224917,0.10697896,0.09033589,-0.2951277,-0.47630417,0.41468963,0.25940382,0.30389175,-0.3062143,0.14310028,0.36140397,-0.1360192,1.0530887,-0.16681919,-0.05678338,0.3032337,0.5299667,0.5258318,0.092987955,0.5345993,-0.06176136,-0.3272935,-0.19265836,-0.055498295,-0.04257459,0.33566612,-0.029948387,-0.05374954,0.3387577,0.1625403,0.21029416,0.41537338,-0.44321078,0.22159807,-0.086137526,-0.11950697,0.027856262,0.18276536,-0.22547917,-0.18606134,-0.34794837,-0.041087016,0.22214726,-0.4756666,-0.039677277,-0.100944825,-0.16616121,-0.5553483,-0.07617918,-0.058666702,0.14944667,-0.058189448,0.33532003,-0.4550336,0.1787696,-0.16865212,0.23234968,0.30638063,0.40947464,-0.16672538,-0.296643,0.01095263,0.39638588,-0.24906786,-0.22410469,0.3469858,-0.3466335,0.04894098,-0.029362196,0.18366948,0.014440983,0.3522591,-0.5175253,-0.08115744,0.16546802,-0.47691688,-0.20110704,-0.30026317,-0.4701667,-0.23767655,-0.2814852,-0.14425656,-0.08115248,-0.16461925,-0.40865818,-0.03560976,0.29328215,0.031309996,-0.4662549,0.5518615,0.496977,-0.02265772,-0.58898145,-0.10951839,-0.14534438,0.39311805,0.28957546,0.23007447,0.22970526,0.05041832,0.22351038,-0.13119495,0.052898362,-0.12490483,0.14608176,0.24570651,-0.43952113,-0.31468707,-0.5100931,-0.02500753,-0.18938509,-0.109826095,-0.07728521,0.29042885,-0.5041296,-0.50018305,0.0030078907,-0.14371906,0.0,0,0,1,0,0,0,0,0,0,0,0,0,0,0,0,0,0,0,0,0,0,0,0,0.0,0.0,0.0,0.0
0.26987937,-0.36176178,-0.3289945,-0.12110594,-0.8058858,-0.5283095,-0.09323019,0.49219823,-0.37573224,0.29601088,0.38558388,-0.6026183,-0.17889914,0.59315604,-0.4537597,0.45626125,-0.4718084,0.085945375,-0.28910947,0.43624938,-0.21800633,0.27581477,-0.14947625,0.00045098067,0.33772767,0.19998306,0.18068781,-0.22707844,-0.23871236,-0.024764707,0.7846331,0.2688473,-0.1857535,-0.38752243,-0.3815121,0.008950659,-0.050291486,-0.10072715,-0.20709172,-0.14241295,-0.88250726,0.07490592,0.21013337,0.2622624,-0.40985242,-0.3841588,-0.0067522596,-0.6276005,-0.41965428,-0.27357978,-0.9385752,-0.34223682,-0.084811695,-0.19153261,0.44598228,0.7575029,-0.3022235,-0.519785,-0.3318585,0.35639468,0.19766554,0.115507,-0.42880803,-0.3899389,0.2889778,0.45261392,0.3508765,0.3765186,-0.23419392,0.49157506,-0.33632165,-0.26834115,-0.24704605,0.2923605,-0.3917468,0.19482109,0.535685,0.5179732,-0.50657564,0.02997175,-0.30407014,0.71165305,-0.17565878,-0.22220868,0.3359245,0.16285458,-0.27191,0.1372849,-0.15344086,0.42160568,0.13583559,-0.28747138,0.4196243,0.2330451,0.6938381,-0.20406748,0.2954986,0.26395735,-0.20337977,0.22889076,-0.05407911,-0.88887596,0.14340359,-0.8749456,0.20372075,-0.049628183,-0.45314533,0.37886834,0.25390413,-0.20906053,-0.23669407,-0.11004336,-0.044048242,-0.027416613,-0.008405563,0.24514334,-0.043920264,-0.0053558354,0.18172655,0.24742408,-0.55221415,0.0702251,0.18142582,0.042732287,0.1424284,0.25487188,-0.024142992,-0.17933421,-0.4472256,-0.042837426,0.15987194,0.32402384,0.7233224,-0.2519359,-0.35388637,-0.040637966,0.15684709,-0.44275007,-0.71923727,-0.3183053,-0.48652336,-0.008477298,0.03459132,-0.12263595,-0.01763982,-0.24572596,-0.2622895,-0.13761261,-0.45162868,-0.1394599,-0.20918354,0.33608997,-0.32608184,-0.07028881,0.21896255,-0.37894002,-0.817536,-0.30173367,0.12731613,0.40013367,0.06671317,-0.28155187,-0.4004771,0.19730818,0.34880677,-0.008289506,-0.0681146,0.47462636,0.1456643,0.34019345,-0.05178664,0.22223085,0.5234025,0.025007257,-0.0780542,0.2967324,0.069285914,0.0063847317,0.5962041,0.6516554,-0.3193279,0.100060314,0.13640068,-0.43580377,0.3775827,0.15177359,0.16140886,-0.24799517,0.28008673,0.27652493,-0.4166149,0.25025135,-0.017268153,-0.19382131,0.43486065,-0.40844196,-0.4272456,0.14482997,-0.19269577,-0.09204688,0.17464958,0.11559532,0.064107805,0.2886202,-0.17736448,0.30898818,-0.14853325,0.16405864,-0.31745464,0.17280108,0.31952265,0.26535186,-0.07139389,-0.4120491,0.43042347,0.5228951,0.16290826,0.39486384,0.08571917,-0.42962372,0.3017536,-0.6227926,-0.40432698,0.08396439,-0.06752045,0.5689478,-0.11995465,-0.3510704,0.35728103,-0.19583382,0.34531108,-0.30894244,0.7914529,-0.28781587,-0.275315,-0.3019607,0.30266187,-0.4606716,0.026839845,0.070378825,-0.33855507,0.38550687,-0.018290019,0.7473913,0.31310025,0.03957886,-0.117654674,-0.5750276,-0.0052956264,0.5826886,-0.5087357,-0.024621706,-0.26408404,-0.42809415,0.34166068,-0.05185834,-0.43908083,-0.39459163,0.081112996,-0.065626375,0.6808754,-0.0038643663,-0.45332202,0.1233216,-0.17077437,-0.37004134,0.21335895,-0.13047019,0.112159684,0.9874127,0.36233577,-0.53792906,0.22237465,0.26240432,-0.31507346,-0.48459065,0.011331808,-0.035293177,0.07428908,-0.17945474,-0.4335873,0.43572122,-0.029760376,0.42828208,-0.0516736,-0.5815972,0.34723252,0.40518016,0.008350179,-0.121774204,-0.23309346,-0.27502403,-0.19564785,-0.15821375,0.9353651,-0.5595557,-0.004741605,0.37576634,-0.47697467,-0.28409886,-0.43481022,0.08732809,-0.11964324,0.19254808,-0.5807395,-0.15973093,-0.39049506,-0.2357042,-9.449661,-0.613427,0.4720374,-0.2561472,-0.41437447,-0.029396212,-0.26302728,-0.088689126,-0.08161861,0.21848868,0.1289325,-0.10957678,-0.12057533,0.12197726,-0.12967725,-0.52298635,0.45602632,-0.1797048,-0.36494583,0.5236185,-0.18261078,-0.0410217,0.13312025,0.4237092,0.51807,0.19123974,-0.2547987,-0.3122811,-0.12676768,0.13773255,0.0059995092,-0.22240293,-0.44691908,1.5559418,-0.26118445,-0.059871502,-0.337568,-0.52191716,0.8521902,0.15667443,-0.2646558,-0.6851447,0.35833943,-0.23067188,0.791462,-0.8800411,-0.054574266,-0.044732656,-0.13440125,0.10614129,-0.22011293,-0.39718586,0.04007287,-0.2537263,-0.012079341,0.48226777,1.1433194,0.7954258,0.47162345,-1.141431,0.50598836,-0.31294158,-0.5712006,-0.33861023,-0.07658839,-0.24384895,-0.7119957,-0.13758172,0.6559813,-0.025132738,-0.5781683,0.5644109,-0.14493094,-1.5670422,-0.33344272,0.11269804,-0.2758313,-0.10573196,-0.09140154,-0.11998224,-1.0485972,0.0016793874,-0.35908765,-0.19405292,-0.4556678,-0.47305098,-0.18450472,0.036022358,-0.4543062,-0.23306759,0.4098687,0.61463374,-0.5231572,0.15236948,-0.15697607,0.03544871,0.2284567,-0.33515617,0.18506052,-0.18074805,0.28141227,0.16213085,0.22086321,1.1810738,0.06676612,-0.090583235,-0.49661893,0.113868274,0.43119135,0.37961182,0.17312366,0.48226252,-0.16927338,0.20586711,-0.24961367,-0.0813957,0.22445415,0.10902879,0.18055952,-0.22910152,-0.14425293,0.5692225,-0.17122911,-0.062518016,-0.1454842,0.069070496,0.009491928,0.4859453,-0.35225955,0.31033576,0.08707698,-0.44344556,-0.44047517,0.1597757,-0.16387883,-0.20773357,-0.21259075,-0.60013425,-0.16323377,-0.19444472,0.6052401,0.2294054,0.30315304,0.13158546,0.1458689,0.23574065,0.38507465,0.47459945,-0.21942718,0.28168392,0.17847532,-0.47228047,0.24472633,-0.32018387,0.29996336,-0.19860154,0.36479852,-0.54473037,-0.32819873,-0.31527224,0.40045264,0.0983662,0.07888018,0.5189817,0.1408246,0.38821122,-0.16893886,0.6398544,0.3589745,-0.26127136,-0.652729,0.23043498,-0.24858159,0.098950736,0.44528466,0.46818,0.10697241,-0.052322105,-0.051645845,0.0791858,-0.099477455,-0.007388406,-0.103088446,0.08349282,0.27646968,0.3360438,0.15946989,0.38621536,-0.17343773,0.33653963,-0.5388008,0.7748648,0.02942865,-0.3051987,-0.6674236,-0.5397018,0.24100588,-0.35795644,-0.32269928,0.1942676,0.35418975,-0.20948055,0.033872154,0.31394273,-0.22337769,0.13518716,-0.050294682,0.009399501,-0.0504039,-0.10834708,-0.33507115,-0.16667977,0.04598015,-0.41840822,-0.46160722,-0.08176246,-0.18914163,-0.23626196,-0.776193,0.06877464,0.24345508,-0.14644085,0.44921973,0.4638412,-0.72468257,-0.27434516,-0.012055997,-0.31339556,0.09566437,0.30701688,-0.24287435,-0.8487715,-0.040091682,0.01569008,-0.58845884,-0.0849066,0.21990256,0.08125546,-0.19507825,-0.65613765,0.0646289,-0.21227975,-0.6435677,-0.40394342,-0.19150539,-0.16697559,-0.2763343,-0.11202154,-0.5374966,-0.110326074,0.22306621,0.10309391,-0.31527936,-0.4085399,0.483036,-0.55533075,-0.45445278,0.2616243,-0.4541717,0.12605934,0.22362402,-0.10476723,-0.14826177,0.028457742,-0.46600556,-0.6433604,-0.19692524,0.24860914,0.030548356,-0.35390627,0.06477834,-0.23729442,0.0282898,0.38033244,0.25299418,-0.41855788,-0.52855486,-0.496157,0.49373642,-0.04241122,0.29942644,-0.030235505,0.6499244,-0.23354414,-0.07533741,-0.6593017,-0.058043867,0.24772012,-0.07064338,-0.12659813,-0.12865812,0.25986823,-0.029240243,0.55699706,0.060053945,0.03524056,0.4716655,-0.28882864,0.31108573,0.2180357,0.098020084,-0.09019811,0.53265333,-0.04673338,-0.18561035,-0.30201092,-0.010804491,-0.32098386,0.8476961,-0.17421986,-0.41968712,-0.14307399,0.52433205,0.41479713,0.34069115,-0.5120893,-0.3846855,-0.375729,-0.19976991,-0.059041537,0.098243676,0.13851848,1.0214934,-0.2708313,0.26783383,0.3406391,-0.32276326,-0.7399061,0.24303366,0.42535722,-0.07962626,0.43017814,-0.2898234,0.22092828,-0.45728102,-0.65056753,0.3233711,0.18234935,0.06310294,0.15532365,-0.32168582,0.12955743,-0.01664015,0.32392627,-0.46253875,0.21303676,-0.182009,-0.030314801,0.51677024,0.5223132,0.5618075,0.011046977,0.06671483,0.4106487,0.280364,0.23102899,0.14299023,0.2778834,-0.049310103,0.57271034,0.38553703,-0.29981035,0.20291033,-0.67889684,0.032391544,0.5113183,0.1706931,0.3878275,0.10140362,-0.19596295,0.050709218,-0.020535827,0.17596775,-0.07293661,-0.041578747,0.66823405,0.3965578,0.19915573,-0.0174098,-0.29924262,-0.066293575,-0.07421922,-0.19027178,0.13247612,0.28816321,-0.06429133,0.037331972,0.4761461,-0.34559968,-0.21661715,-0.6006174,0.12048444,0.3807737,-0.41911012,0.3409349,-0.12663166,0.08364885,-0.19863003,0.78364915,-0.24164799,-0.32891214,-0.10367415,0.22456972,-0.16097674,-0.33341616,0.23633821,-0.10785538,0.47694996,-0.24894553,-0.39932287,0.32528895,0.20494053,-0.076250106,0.13020653,-0.20691662,0.06342273,-0.112499505,-0.4725249,0.05367013,0.0362048,-0.9105964,-0.040335774,-0.10296833,-0.34689796,-0.037814762,-0.1675678,0.0756465,0.0655916,-0.40856773,0.13481064,0.03418936,0.23041576,-0.12469949,-0.33231336,0.060833517,-0.15828522,0.27361786,-0.25072473,-0.1959523,0.3706,-0.3800367,0.03464116,-0.08498326,-0.16687688,0.2755793,0.066803604,-0.012008157,-0.59582204,0.044517294,-0.5101386,-0.3283564,-0.003828111,0.0067136264,-0.043588314,0.30285642,0.17125523,0.0072816955,-0.6229162,0.10131285,0.2913598,0.0,0,0,1,0,0,0,0,0,0,0,0,0,0,0,1,0,0,0,0,0,0,0,0,0.0,0.0,0.0,0.0
0.42490688,-0.30900666,0.7167225,-0.20393384,0.14141348,-0.22609109,0.22768395,0.9036336,-0.55358267,-0.5035041,-0.45543715,0.009402864,-0.23090722,0.4446913,-0.02883656,0.96070534,-0.27843684,0.35227394,0.015433333,0.51592827,0.8812284,0.22236216,-0.089600466,-0.13160105,0.69774365,-0.14997977,0.17353764,-0.20156464,-1.007898,-0.12743844,0.060413275,-0.19331829,0.36415344,0.0154388,-0.39143756,-0.84831136,-0.39381287,-0.08689206,0.32878628,0.7044487,-0.32072738,-0.27012113,0.24616478,-0.27457675,-0.09397663,0.5232218,-0.11083927,-0.062046446,0.0053828117,-0.074197605,-0.80422896,-0.21110353,-0.10190443,-0.11640831,0.23385091,0.32917008,0.31055388,-0.5492186,-0.5093732,0.19479345,-0.048246298,0.0696449,-0.19529147,0.074562036,-0.09545385,0.019059198,0.0486183,0.29435816,-0.9233584,0.09250494,0.390963,0.18823147,-0.054620575,0.6292928,0.19959918,0.4555209,-0.16925779,0.7862781,0.0073536355,-0.58826995,0.04798763,0.3968135,0.52080816,0.21801108,0.38207173,0.13696805,0.3386799,0.0442059,-0.74886423,0.5909632,-0.25308013,0.03138926,-0.36427706,-0.08743688,1.3013188,-0.5612406,-0.7080193,-0.34395882,-0.21068244,-0.12954336,0.21065773,-0.16532563,0.181918,-0.062417146,-0.2978672,0.21927911,-0.48119453,-0.044107214,0.32478562,0.21373004,-0.45457023,0.48845226,0.071240924,-0.84560806,-0.21847364,-0.031455353,0.3969462,0.16366106,0.37487197,-0.16036667,0.07299366,0.42748508,0.08886811,0.27533036,0.474099,0.52266264,0.0025261214,-0.19360569,0.2515172,0.25640878,0.71703255,0.4049283,0.2138676,-0.51962787,0.535641,0.1822856,-0.075195424,-0.09635352,-0.34813476,-0.2302343,-0.14766043,-0.3708867,0.42625618,0.1421553,0.57974184,0.10125943,-0.18336159,-0.34067717,-0.36580262,0.5146756,-0.2419099,-0.19024602,-0.3740236,0.0011659041,0.1002244,-0.5391857,0.17947856,0.035073724,0.078004055,0.14436726,0.37001395,0.049217615,0.091105536,0.12615713,0.017189156,-0.07191037,0.25131834,0.19008543,0.2032224,-0.27731225,0.06642266,-0.9270294,0.3454608,0.20536098,0.07219007,0.9723378,0.2211902,-0.07149687,-0.12977347,0.5589625,-0.48237193,-0.3304607,0.21544677,-0.50583947,-0.3106693,0.098393746,0.6704774,-0.53442675,0.6649932,0.0064827027,-0.5366919,-0.37906778,0.34578565,-0.24292871,0.5551731,-0.26517114,-0.15976998,-0.3232904,0.29222533,0.09316457,0.4398744,-0.14631945,0.28367013,-0.06370572,-1.093787,0.12773694,-0.13922954,-0.52847415,-0.425102,0.14689918,-0.32802135,0.22473459,-0.04429199,0.52169067,0.046488933,0.19686146,0.1994388,-0.6320634,0.19048584,0.52620924,-0.3620682,-0.15136512,0.0060870205,-0.11087145,0.030657845,1.4062074,0.30485445,-0.33263272,0.89904845,0.21653475,-0.43245372,-0.03822746,0.032239035,-0.34876025,0.40438566,0.17023395,-0.011929688,-0.45493343,0.32519063,-0.26984853,-0.33657664,0.21608998,0.29346114,0.03819754,-0.23634459,-0.020034442,-0.036131006,-0.68708694,0.15223289,-0.16101858,0.01067291,0.26144218,-0.63451666,-0.65656716,-0.11025942,-0.15144469,0.08838727,-0.3899378,-0.6089492,0.59394145,0.14724918,0.08012135,-0.14693281,-0.3619366,-0.15485333,-0.4857695,0.07591614,-0.015074857,1.0155107,0.14641812,-0.40889224,-0.15565921,-0.3515899,0.7853361,0.061648283,-0.3024637,-0.010464583,-0.14864358,0.31736466,-0.28292155,0.41121295,0.5483952,-0.02350504,0.10544763,-0.22996412,-0.3432734,0.5969195,-0.20892738,-0.63626707,0.33919865,-0.48848546,-0.19117805,-0.26067266,-0.016690983,1.0396163,0.70564437,0.40851444,0.05621898,-0.097332515,-0.3195524,-0.22300082,-0.29159188,-0.12919131,-0.4088112,-0.092050254,0.30932856,-0.42373657,-0.44413188,-6.699748,-0.029559016,-0.59231,-0.3207758,-0.5103769,-0.46780723,0.08281755,0.26914668,0.17199163,-0.50159866,-0.16922276,-0.1457238,0.21652067,-0.46666503,0.0008262077,0.3667312,0.6425893,0.2314145,-0.32352093,0.25210214,-0.14748643,-0.57811594,0.18286867,-0.094902426,0.6843507,-0.072534025,-0.2829358,-0.03127108,-0.017757783,-0.2659894,0.06537502,-0.10365918,-0.046562195,1.1357552,-0.4272011,-0.3482024,-0.03508892,-0.53925186,-0.030895125,-0.61621535,0.10546786,-0.373167,-0.2869463,-0.13114573,0.904275,-0.9161118,0.08817382,0.5060383,0.25041315,0.15677723,-0.61443174,-0.5364797,0.2343446,-0.57680124,-0.2874054,-0.23494877,0.4895567,1.1514435,-0.5205079,-0.3171697,0.6258514,-0.29709718,-0.34082097,-0.04149212,-0.22737658,-0.36722234,-0.89076775,-1.0433041,-0.6406809,-0.37257633,-0.6215181,0.53869534,-0.031256706,-0.8515507,-0.41336358,-0.24480051,0.11036557,0.15115483,-0.48228866,-0.37174302,-0.72867644,-0.43626326,-0.21836233,0.19711556,-0.50198597,-0.2014141,-0.24743825,-0.8843003,-0.56745553,0.035862185,0.008726753,-0.16330509,0.26603377,0.034566227,0.09652571,-0.3970616,0.784947,-0.4468737,0.24278231,0.07006468,0.76876754,0.49541023,0.6058734,-0.30646998,-0.40245584,-0.05659963,-0.5953309,0.08665833,0.123072214,-0.510722,-0.092122816,0.089480855,-0.45646417,0.15857589,-0.7047892,-0.5035696,0.002012474,0.15276998,0.15061395,-1.0554056,-0.5555912,0.07248754,-0.43087327,-0.30710503,0.468164,0.12845357,-0.13195714,0.41818458,-0.15587594,-0.102471285,-0.3338521,0.0063162534,0.24061142,0.027610881,0.042859063,-0.57105017,0.14306788,-0.5049236,0.042200755,0.3397946,0.040859688,0.3586663,0.07435474,0.05260571,0.35250586,-0.039286748,0.03990753,0.42441943,0.11732244,0.105371654,-0.4624279,-0.7694345,-0.1845799,-0.24286507,0.3008633,0.027069809,0.3186521,-0.057492595,-0.42527905,-0.23640852,0.22820754,-0.16896431,-0.2088967,0.27150777,0.081427634,0.13479044,0.43037316,0.16182539,0.2020152,-1.1795609,-0.19470236,0.41014034,-0.23127973,-0.074010104,0.18692657,0.81639695,0.15710552,-0.3152899,0.16789299,0.35560852,-0.20719372,0.24980505,0.15312734,0.10655707,0.13100292,0.12153922,0.024993503,0.5579562,0.7098782,0.7405237,-0.8950684,0.7790693,-0.36602908,-0.3115465,0.19908503,-1.055399,0.67560226,-0.104652755,-0.15620823,0.31319746,-0.69595873,0.059990287,-0.7080815,0.35477763,-0.45133334,0.13771392,0.002628656,0.40350446,0.42390424,0.30160764,-0.18181726,-0.5381576,-0.6859427,-0.6123269,0.15562081,-0.20051084,-0.42114663,0.014429954,-0.58918595,-0.04830905,0.19019412,0.4712128,0.7233178,0.086847946,0.20042342,0.42341042,0.14768462,-0.24840777,-0.1975234,-0.29947034,-0.025798608,-0.9725172,0.1689349,0.16944641,-0.1414518,-0.30314228,-0.77613944,-0.35394722,-0.12979382,-0.13117214,-0.0673727,-0.65530604,-0.5742031,-1.0361234,-0.3787671,0.03930812,-0.3353587,0.010687952,-0.4283526,-0.24132703,0.46303672,-0.3137195,0.020163484,-0.44269237,0.732013,-0.71084887,-0.2760948,-0.2909087,0.034979843,0.24010468,-0.05726404,0.31915733,-0.09109224,0.562143,0.012293504,0.39027527,-0.052525654,0.24146014,-0.007711383,-0.6619329,-0.1578135,0.15458938,-0.2634238,0.36345506,0.0016190611,-0.2612961,-0.3245684,-0.21689583,0.09917338,-0.3418782,-0.74854356,-0.20545237,0.45709828,-0.020324267,0.024250992,-0.15739341,-0.21262348,0.29742992,-0.09000026,0.05524564,0.005232379,0.4906533,-0.23134904,-0.096358195,0.211292,0.52438146,0.82201976,0.1446665,0.21544428,0.09665783,-0.28696904,-0.062089916,0.44885772,-0.03376092,0.049341932,0.12781224,0.3797368,-0.30111524,-0.07674405,-0.5460267,-0.14406028,-0.042660385,0.39715254,1.3543912,0.26706538,-0.15951926,-0.7986666,0.13363749,-0.5520836,-0.15456097,-0.4574857,0.33565018,0.6461939,0.10167397,-0.15460204,-0.20736441,0.15292531,-0.021601005,0.03296391,0.038395982,-0.5617993,0.19538303,-0.13190448,0.64354956,0.21967338,-0.2217597,-0.15113348,-0.108663194,-0.35480255,-0.08257708,-0.36382836,0.7513589,-0.29460528,0.4584586,-0.16086695,-0.03705048,-0.43566877,0.091299035,0.36361286,0.060016766,0.25391015,0.30777407,-0.24499749,0.08707447,-0.029910894,0.23217672,0.43594214,-0.18943554,0.13406278,0.63226783,0.3677577,0.22438139,-0.018535635,-0.5570164,-0.016220115,-0.026885469,0.19113427,-0.27325377,-0.09674445,0.2807273,0.6059992,0.18546347,0.26563403,-0.35836872,-0.001449509,0.2383424,0.20756714,-0.3181882,-0.5307443,-0.44920203,-0.40696472,-0.20512995,-0.7284893,-0.06674448,0.27622008,-0.38444912,0.13474068,-0.029076261,-0.34707516,-0.43376046,0.010862448,0.07497747,0.38516122,-0.06647652,-0.09591821,-0.26070443,0.07651816,0.045392323,0.66107225,-0.043206736,0.30647928,-0.3477917,-0.04163676,0.115207106,0.109313495,-0.24466285,0.024234422,0.10173134,-0.6039108,-0.08397017,0.31576467,0.11701952,-0.042630438,0.20675054,0.021823974,0.21982297,0.41367105,-0.10138567,-0.529902,0.024719443,-0.18128815,-0.3863085,-0.13144627,0.27772114,0.13639364,-0.6102312,-0.48126912,0.15982878,0.1389115,0.026259646,-0.23389149,0.4899684,0.15421997,0.25207174,-0.5996257,-0.7992888,0.06980163,0.34688333,0.17516893,0.07863413,-0.4906661,0.24180292,0.12859386,0.2586951,-0.42772907,0.42526016,0.6641418,0.059561223,-0.9178834,-0.06897646,0.35209167,0.14430627,-0.552696,-0.5681083,0.5806002,0.2473949,-0.3999555,-0.43217164,-0.120259784,0.33720177,0.0,0,0,1,0,0,0,0,0,0,0,0,0,0,0,1,0,0,0,0,0,0,0,0,0.0,0.0,0.0,0.0
-0.122897275,0.21419954,0.52227503,-0.2391914,-0.2903278,0.16387033,-0.17611985,0.33729005,-0.14250569,0.011294965,0.346449,-0.6486064,0.34923422,0.05650232,0.23084143,0.58176094,-0.019856099,0.008345105,-0.13073367,-0.086113006,0.4659469,-0.2068999,-0.3189672,0.07123437,0.11795123,0.27507424,0.1855156,0.0035114298,-0.19260523,0.022133281,0.31951866,-0.22704643,-0.3884824,-0.3709709,-0.096724175,-0.18826047,-0.32262775,-0.09205068,0.07541627,0.049859557,-0.07077199,-0.50363386,0.1660763,-0.34324563,-0.3037772,-0.022808487,0.2223128,-0.43517628,0.3148023,-0.3238905,-0.37599072,0.21382824,-0.49198097,-0.2800076,-0.09705966,0.49997357,0.21536349,-0.5173049,-0.09616275,-0.23609121,-0.21737991,-0.14832024,0.15695597,-0.37104565,-0.20070772,-0.265976,-0.23854227,0.36737022,-0.4560953,0.14400415,-0.058105245,0.062016457,0.2826648,0.00010273904,0.23554306,-0.34868872,0.13400209,0.15780714,-0.38076603,-0.04530656,0.21886906,0.078583784,0.11665323,0.594165,0.25396588,0.5972924,-0.07206076,-0.33281207,-0.28493553,0.6682463,-0.06644035,-0.019290138,-0.3789299,0.23782173,0.7253677,-0.42489147,-0.27551118,-0.08500842,-0.071357206,-0.34476957,0.20168719,-1.125421,-0.13750014,-0.5543009,0.0002636963,0.03603452,-0.05434315,-0.056882013,0.08451938,-0.0020199958,0.238164,0.082945004,0.26324612,-0.086329564,0.077588856,0.20735824,0.1564028,0.2660687,0.5612116,0.004337628,-0.4644736,0.36890578,0.1689883,-0.032703046,0.27545705,0.23445606,0.05374312,-0.10572019,-0.16376202,0.21459532,0.16085899,0.61300904,0.18908435,-0.17002814,0.08795865,0.06902782,-0.061368328,-0.56006616,-0.54102045,-0.33786783,-0.23203732,-0.08894876,0.054115437,0.20446725,0.21236458,-0.17521328,-0.24951786,0.12300847,0.17105795,0.3638348,0.028250387,-0.028059816,-0.15927538,-0.17563021,-0.18658578,-0.17563622,-0.58461535,0.04410697,0.10234128,0.4525573,0.19224232,0.029401965,0.08008513,0.50468504,0.4736062,-0.037903756,-0.025115266,-0.09870753,-0.19579682,-0.25716242,0.27851307,-0.59908205,0.13639905,0.02497335,0.4022353,-0.055061627,0.41837886,-0.032035638,-0.14275664,0.19973256,-0.46360898,-0.25652087,0.13481128,0.34291127,0.42795184,0.0006816819,0.48313314,-0.32775223,0.31643647,0.52033484,0.07366744,0.17063344,0.31690642,-0.40344107,0.16134757,-0.12766477,-0.009660233,-0.49324188,0.32261592,0.3726818,-0.17842919,0.4270077,-0.18950737,-0.27958497,-0.42296576,0.56624824,0.14322303,0.23138314,-0.3745274,0.16119805,0.075768866,0.7119782,-0.18956554,-0.048399378,-0.016123407,0.03524572,0.20041664,0.12509017,0.161231,-0.1592264,-0.21152379,-0.22282892,-0.15969378,0.20603605,0.00063721376,0.665941,0.22958249,-0.45297572,0.42071822,-0.18124121,-0.3173505,-0.18933575,0.33860797,-0.19027132,0.12020519,0.20244712,-0.015485816,-0.13454078,-0.21224783,0.053998876,-0.2674879,0.45264643,0.13984539,0.30846283,-0.0808807,0.0034629873,-0.019432368,-0.34660575,-0.12493471,-0.18923737,-0.5440998,-0.12822257,-0.20464571,-0.44835576,-0.14876036,-0.4031961,-0.12828918,-0.24564478,-0.34769058,-0.53757715,0.53057677,0.15050188,0.52741665,0.083175056,-0.094865866,0.25910243,-0.29439855,0.22951527,0.11502151,0.22529867,-0.09446447,-0.029218651,0.37456435,0.47544056,0.19104251,0.17254789,0.15882777,-0.14269012,0.007013327,-0.3991161,0.033214435,0.59306353,-0.6772782,0.099803954,0.16002874,-0.41404372,0.2459716,0.1752438,-0.043984894,-0.357187,0.1777149,-0.12526709,-0.18492398,-0.13956077,0.60329777,-0.06386491,-0.2373512,0.349549,-0.6533697,-0.06863052,-0.47900063,0.3085593,0.074724786,-0.18857364,-0.025006726,-0.5927475,-0.3502373,-0.07963015,-9.743148,-0.198344,0.18002182,-0.07871675,0.2386299,-0.10045781,-0.2032148,-0.15201837,-0.31426716,-0.057368856,0.13798048,-0.23395273,-0.23080465,-0.51719975,0.16698828,-0.39808956,0.3144544,-0.117998876,-0.1664062,0.52300763,-0.255193,-0.22803408,0.37190163,-0.33069378,0.3316447,0.19842449,-0.013545551,0.26384127,-0.3524609,-0.17609659,-0.21478619,0.06625783,-0.17590323,1.0222914,-0.1635056,0.16367824,0.1489852,-0.49660385,-0.13303225,-0.43172273,0.5646592,-0.45641935,-0.10657293,0.18359444,0.5206773,-0.62451136,-0.16574334,-0.12193318,-0.019237805,-0.49217793,-0.20965998,-0.6053192,0.027100246,-0.3994816,0.43213683,-0.47248662,-0.09399577,0.85327584,0.19014807,-0.3251263,0.043368123,-0.21754108,-0.65133595,0.088397875,0.2780087,0.071162604,0.0283677,0.19034529,-0.42708433,-0.21721514,0.1814329,0.26488048,-0.119791195,-1.3586235,-0.32609677,0.0125115635,0.015220043,0.14711149,0.103159726,0.25366214,-0.42652363,-0.65927213,0.36851692,0.10822596,-0.10688406,-0.047958408,-0.038158424,-0.60265297,-0.06422645,0.0489288,0.1294451,-0.023832772,0.1006823,0.5353803,0.017363863,0.020919861,0.48377618,-0.12395442,0.18736957,-0.035392504,-0.022419063,0.5385065,0.43248868,0.24763379,-0.1218848,-0.15745424,-0.13742256,0.04909348,0.038283177,-0.09315933,-0.010763841,-0.4029039,0.1703405,0.26627585,-0.14319865,-0.52640015,-0.031405523,0.09511985,-0.02780825,-0.5344463,-0.47955066,0.3499889,-0.3838318,-0.5055393,0.15572567,0.1619707,-0.4358803,0.49758834,-0.21157366,0.521536,0.2649072,0.10119291,-0.11533039,0.10662138,0.3385221,-0.13334109,0.14459474,-0.34046093,0.14173928,-0.094390094,0.17492764,0.21048146,0.29201716,0.38369736,0.044700623,0.29012835,-0.06826213,0.0107263895,-0.50427145,0.57839316,-0.23290247,-0.891161,0.06307706,-0.15481906,0.44385052,0.08666111,0.31465372,-0.36775875,-0.038260497,-0.6617478,0.5974167,-0.004922535,0.19600412,0.3928417,-0.04062078,0.036722537,-0.07141626,0.06678039,0.17261834,-0.160292,-0.0020370474,0.19569814,-0.514935,0.18230003,-0.24079587,0.32382202,0.120477475,-0.022744412,-0.048805103,-0.29795155,-0.15218842,0.084052704,0.14460438,-0.060193032,0.48047864,-0.25823268,0.021791302,-0.138724,0.1503716,0.41260502,-0.30032158,0.48774728,-0.19278915,-0.37355298,0.042362653,-0.38715795,0.2844133,-0.32281467,-0.46125087,0.52429706,0.16077873,0.26409858,-0.18720081,0.2945771,-0.07079165,-0.0028634435,-0.34209004,0.6864245,0.34154904,0.025744125,0.1741947,-0.3839185,0.055660762,-0.2693851,0.011667504,-0.51635313,-0.0615214,-0.118462384,-0.5560624,0.18467104,-0.2540614,-0.15472227,-0.44946244,0.0213601,-0.6281493,-0.04210742,-0.11449237,0.15183857,-0.0045808945,-0.01516977,-0.02581627,-1.6485945,0.23658645,0.27363476,-0.1960369,-0.32202598,0.4561802,0.0024073203,-0.16948217,-0.3729399,0.023019517,-0.46708548,0.026057644,-0.15832873,0.22532035,-0.030936018,0.13253637,-0.17175244,-0.2879847,0.20445801,0.39955053,-0.04196255,-0.017646996,-0.052404903,0.121459186,-0.5268002,-0.49700633,0.42135316,-0.061985172,0.6017103,-0.42203826,0.07492021,-0.111604795,-0.3490883,-0.00036490412,-0.13441034,0.13111532,0.21302107,-0.17349724,-0.2267581,-0.21997352,-0.14587714,0.00544358,0.08670997,-0.07686001,-0.11373032,-0.5075756,-0.35353294,0.5972034,-0.3268205,-0.3149009,-0.2649927,0.253265,0.014474563,0.17390978,-0.14277814,-0.27137983,-0.08189663,0.25386652,0.7283279,-0.032471977,0.5287579,-0.5017118,0.17944154,0.42381057,0.23359236,0.2940813,-0.011308929,-0.17615262,0.42269158,0.047644313,-0.52801275,0.72413546,0.3673066,-0.19901064,0.16000834,0.12502488,-0.19646208,-0.015791602,-0.033178426,-0.41088635,-0.13033664,0.33439362,-0.18176313,0.13351046,-0.4930202,0.12794724,-0.0009873781,-0.36510673,0.3734061,-0.015474487,0.020788645,0.633121,-0.46455577,-0.3518663,0.30854052,0.023522329,-0.22464392,0.1896017,0.563213,-0.022863686,-0.07821972,-0.3113542,0.36138368,0.066290095,-0.10803018,0.24656525,-0.66014916,-0.09443286,0.055826426,-0.22295883,0.51100403,-0.092024185,0.28275248,0.07228074,-0.35538232,0.13890871,-0.12301765,0.4386082,-0.010045644,-0.009067144,0.34174493,0.1467473,-0.5243253,0.40299705,0.08935877,-0.2301487,-0.06409871,-0.49914378,0.5398365,0.12525065,0.0029991532,0.1797167,-0.06492254,0.21671729,-0.123298295,-0.09631021,0.47068954,-0.05901104,-0.04271303,-0.09052053,-0.2738576,0.41784585,0.48712018,-0.5352654,0.17125696,-0.044977143,-0.19743955,-0.16392267,-0.020925563,-0.1477802,0.4193764,-0.3689694,0.01876539,0.3823387,0.012959503,-0.18863791,-0.42952672,-0.31017914,-0.24752241,-0.078610964,0.16880819,0.18784788,-0.36004323,-0.035624817,-0.52504534,0.16512471,0.17039333,0.4738274,0.041369796,0.24652609,0.14327793,0.15891525,-0.12019038,-0.24709152,-0.048455976,-0.25923678,0.31305587,0.19273064,-0.2543433,-0.14523289,0.280742,-0.077654265,-0.0025532013,-0.2523648,-0.28375474,-0.032377042,-0.4652669,-0.28300664,-0.22787912,-0.4575569,-0.415182,-0.38388902,0.10285609,-0.36295235,-0.0026857918,-0.0482704,-0.2531746,-0.07558784,-0.18107937,0.08894227,0.45627972,0.15272762,-0.34329283,-0.44540107,-0.3798014,-0.1501871,-0.07252107,0.17525089,0.035117406,0.081133455,0.13053636,-0.12711315,-0.2635343,0.10633868,0.14110348,0.12518258,-0.08934926,-0.17499344,-0.5219598,-0.20741719,-0.22798394,0.007951797,-0.39453617,-0.6682486,0.36293802,-0.2677495,-0.42785218,-0.062353097,0.16781862,0.0,0,0,1,0,0,0,0,0,0,0,0,0,0,0,1,0,0,0,0,0,0,0,0,0.0,0.0,0.0,0.0
0.22031619,-0.22499955,0.32217273,0.15736413,0.09711084,0.073176295,0.04955813,0.8304678,-0.24905495,0.087484114,0.22512734,-0.025273487,0.2308909,0.63933295,0.121065214,0.56625247,-0.53576547,0.44621986,-0.24777637,0.09544308,0.060343158,-0.11617297,-0.35302487,0.13407798,0.13128167,0.2492113,-0.029809682,-0.39519668,-0.26702663,0.05845831,0.30078366,0.30134857,-0.06591911,-0.13759165,-0.6701924,-0.28181118,0.011467713,-0.20147341,0.10165431,0.04419754,-0.3802388,-0.5722084,0.9543476,-0.27069962,-0.20403013,-0.073842496,-0.10930892,-0.12426784,0.33997768,-0.29406327,-0.4312958,-0.037917808,-0.10672434,-0.31170112,0.035835695,0.40132928,-0.07280211,-0.231699,-0.27620947,-0.37580487,-0.27901822,-0.09221426,-0.18240315,-0.4950668,0.016729262,-0.30773127,0.21687792,0.2963881,-0.9117766,-0.13367008,0.2949556,-0.1877006,0.32825792,-0.19362885,0.051589027,-0.13293286,-0.37595958,0.72828025,0.1129261,-0.04616615,0.14305791,-0.017639132,0.2544532,0.73725927,0.29418868,0.58403623,0.16846962,-0.39271668,-0.30009076,0.8453745,-0.50656545,-0.033016015,0.021551041,-0.011254159,0.44936353,-1.0213703,-0.27768052,-0.29801118,-0.16790697,0.030319113,0.17805761,-0.63496995,0.02630609,-0.024220515,-0.5419044,-0.2846646,-0.24345963,-0.035398,0.3549893,0.09772131,0.16981533,-0.23415557,0.14086002,-0.07351578,-0.2037487,0.118655585,-0.12350299,0.2988723,-0.15473017,0.31372437,-0.17981769,-0.1501523,-0.22502457,0.10001245,0.39429668,0.36985502,0.03004033,-0.25996077,0.17773294,-0.39697048,0.11364828,0.09499979,0.08265617,-0.17676362,0.0098024225,-0.1942226,-0.05153229,-0.31738463,-0.09942242,-0.19974476,0.20797439,0.7086799,0.032418314,0.32637265,0.12710893,-0.59413797,-0.2550511,-0.0035794703,-0.07674209,-0.30782062,-0.030228497,-0.029735709,-0.26036525,-0.20739228,-0.12821509,-0.11800889,-0.35861713,0.09201208,-0.029315224,0.16442803,0.39935482,0.08167097,0.04837459,0.32806396,0.11579134,0.0701798,0.031227564,0.48501864,-0.35286632,-0.12180549,0.10329096,-0.12688994,0.2508042,-0.03904022,0.54869336,0.19157523,0.072011255,-0.020590952,0.34835738,0.7798353,-0.38263795,-0.10037554,0.051229347,0.05085809,0.6892776,-0.22176047,0.5953149,-0.3331375,0.4837735,0.6854556,-0.36468038,0.09749858,0.37029544,-0.12390855,-0.34819087,-0.38189197,-0.12673812,-0.25233686,0.347145,0.19607826,-0.4113979,0.40545776,0.09101858,-0.3263833,-0.40211648,0.36282623,-0.17029034,-0.30300823,0.019329898,-0.11671506,-0.5027895,0.7379562,0.10112729,-0.13859397,0.41962898,5.7726502e-05,0.34155694,-0.10437559,-0.20691179,-0.17787763,-0.21916974,0.15989628,-0.10682713,-0.23244701,-0.23041652,1.2144666,-0.07996737,-0.9864509,0.6314272,0.33199635,-0.041202024,-0.1609037,0.14001025,-0.048827462,0.18900031,0.27672556,-0.24555643,-0.26642537,-0.13434394,0.17274277,-0.44194916,0.33226413,0.07324863,-0.0066361125,-0.23487915,0.28076398,0.08600821,-0.18469428,-0.029903384,-0.43012562,-0.2637947,-0.7115119,-0.048887424,0.16188994,-0.17053999,-0.05858593,-0.23372766,-0.032225713,0.1277512,-0.052711263,0.35920575,-0.042994536,-0.052439973,-0.12675849,0.013387871,-0.051665254,0.13511407,0.30554616,0.42748508,0.06812359,0.011124879,0.0057890634,-0.031272344,0.6130093,0.21112727,-0.41645092,0.24669927,0.16140647,0.320091,-0.22189514,-0.2316593,0.17253248,-0.008474532,-0.056602083,-0.43021068,-0.044586178,0.24334621,-0.030026354,-0.13539392,0.11041831,0.24089955,0.21978295,-0.35050765,-0.5991028,0.72469294,-0.03035152,-0.09800801,0.16354766,-0.8794893,-0.45280895,0.23711346,0.15843612,0.09847732,-0.11940856,-0.0710332,0.25713235,-0.0920684,-0.18413171,-10.842373,-0.5346207,0.011867301,0.040156838,0.4132293,-0.5464484,-0.03132707,0.17911789,-0.3187727,-0.1480536,0.20369232,-0.16825998,-0.22336158,-0.55792654,-0.22774547,-0.029866077,0.69719803,0.08166465,0.2893676,0.69463265,-0.46737507,-0.46207935,0.37359917,-0.2643224,-0.06435011,0.3868508,-0.07400323,0.047747236,-0.35646862,-0.14643238,-0.33064857,-0.1504301,0.06307798,0.736324,0.13279106,-0.3991307,-0.02803647,-0.9278736,-0.33620185,-0.15811843,0.21304981,-0.45737374,0.0015762683,-0.13301636,0.7310289,-0.6211472,-0.064091705,-0.22500789,0.11907032,0.29503745,0.006206106,0.010461727,0.26213953,-0.4110264,0.014217523,0.06633683,0.023492591,0.5014533,0.056181494,-0.2833828,0.2137087,0.015020267,-0.01069048,-0.011091346,-0.23815762,-0.05899319,-0.53097075,-0.3680718,-0.5975578,-0.11073948,-0.09111477,0.0879641,-0.13364992,-1.575379,-0.70155466,-0.11962333,0.23409985,0.4996501,-0.492385,-0.0872736,-0.41083762,-0.39314103,0.1567337,0.15551086,-0.3414072,-0.22669022,0.06254936,-0.4248195,-0.37736985,0.17627348,0.0279969,0.33326432,-0.1003444,0.4856916,0.0058548045,-0.31078494,0.470223,-0.47785968,-0.23682307,0.23157379,-0.18330084,0.39506736,0.43189698,-0.056803256,-0.16594899,0.021028902,-0.07625618,0.02674715,0.1291809,-0.1917044,0.013297655,0.020339206,-0.8157044,0.21010196,-0.118462585,-0.3248468,-0.022208579,0.4411732,0.00310113,-0.22998333,0.17079195,0.51277614,-0.2884899,-0.14721088,-0.22460547,0.13385853,-0.023720594,-0.25078312,-0.22363174,0.2779448,-0.015585551,-0.026012812,0.1949345,0.07947476,0.03274688,0.43329114,0.06693371,-0.6982155,-0.010646731,0.11543867,0.41554123,0.7014202,0.20229185,0.056059632,0.10034922,0.13146156,0.013609849,-0.021244273,0.011472445,0.11099901,-0.38128257,-0.14781572,-0.15116778,-0.18072641,0.0987005,0.06265616,0.31461582,-0.3502113,-0.092551805,-0.3147146,0.17208958,-0.09772275,0.0054267,0.4954989,0.2175776,0.04998994,0.087954655,0.12519127,0.050597716,-0.09455596,-0.10911733,0.7296628,0.029748306,-0.063195705,-0.14002196,0.15244961,0.14670199,-0.20046188,-0.50715154,0.4552259,0.08180501,0.38674235,-0.089089416,-0.2336383,0.3112655,0.33118135,-0.11684632,-0.05576005,-0.023456642,0.30211788,-0.5757215,0.27779117,0.0459616,-0.30529264,-0.58169055,-0.34151694,0.005294369,-0.2547917,0.10458132,0.2728342,-0.37526622,0.22751099,-0.58276564,0.18390504,-0.16156504,0.072118714,0.06723859,0.7897687,0.4923259,0.04289149,0.1974095,-0.605039,0.013290934,-0.16339362,-0.08768656,-0.37278336,-0.2697937,-0.38733083,-0.5751162,0.24227901,-0.26287797,-0.060543943,0.14728698,-0.24123959,-0.25629216,0.081491366,-0.12328765,-0.10377988,-0.23266062,-0.13707635,-0.08292339,-0.9338659,0.28725573,-0.14515565,-0.47567445,0.39284173,-0.047312126,0.07333538,-0.05003701,-0.017786467,-0.23410974,-0.91621995,-0.028825665,-0.2185006,-0.07938384,-0.2152037,-0.15255643,0.3584697,-0.15029861,0.0797591,-0.22768234,0.42043608,-0.18079908,-0.5422638,0.21178207,-0.57785624,-0.017027946,0.23704632,-0.35882053,0.18133833,-0.24144179,0.6622708,0.25598627,0.10337864,0.11603638,0.2805998,-0.2453217,0.25695768,-0.26213208,0.13122325,-0.23244591,0.24162376,0.119387016,0.13770384,0.2563893,-0.12016544,-0.4326698,-0.62797076,0.14269732,-0.3713079,-0.15601183,-0.25606194,-0.24222529,0.41939986,0.4276479,-0.14113292,-0.33834708,0.43105343,0.16580342,0.53206366,0.2933318,0.374797,-0.37350476,0.299991,-0.18813086,0.21393824,0.4506205,-0.4711894,-0.14063582,0.09807124,-0.2947303,-0.5107553,0.21389185,0.44237432,-0.3144475,0.46591347,0.22445196,-0.23904043,-0.26737007,0.1759693,-0.1183679,-0.5125066,0.5197033,0.5449913,-0.051248007,0.13840201,-0.21182413,-0.5442577,-0.41455185,0.28973672,0.0049341717,0.2263003,0.53137434,-0.20813957,-0.46841556,0.3400397,-0.2993583,-0.58742476,0.033328842,0.07638868,-0.08783477,0.63432425,-0.63078535,-5.7017805e-06,-0.1685137,-0.24502143,-0.14008126,-0.054260198,0.1506187,0.56485635,-0.057000242,0.04690198,0.35461617,-0.07680291,0.3056466,-0.5266117,-0.24875936,-0.039063442,0.8474518,-0.095243655,0.010070144,-0.009843146,-0.19369099,0.13916974,0.9188992,0.4254498,0.13434684,0.10823219,-0.030902462,0.5695787,0.19712053,0.24024934,-0.13943292,-0.20559251,-0.06476305,-0.021435872,-0.21540408,0.046750166,0.07995636,0.37698054,-0.07815342,-0.38491276,0.49877647,-0.20154876,-0.14329083,0.32081002,-0.037071005,-0.10468511,-0.1414765,0.30100343,-0.29300666,-0.15013963,-0.4371749,0.031704627,-0.09527919,-0.25492564,0.15558882,-0.23516807,-0.10283811,0.0065492336,-0.21097757,-0.01007886,0.09495577,0.21916038,0.07135387,-0.13325226,-0.20240077,0.11133343,0.014068221,-0.25201243,0.029384637,-0.16587855,-0.34068307,0.07862219,0.15217386,0.2602496,-0.17463133,-0.03242774,-0.21630812,-0.2039156,0.06741716,0.44586384,-0.056743056,0.105261095,-0.21891348,-0.26072392,0.24575706,-0.16209368,-0.19971903,-0.11936073,-0.5220884,-0.32531434,-0.28305995,0.2074362,0.0269358,-0.011543083,-0.26600575,0.16197976,-0.7997031,0.21660466,0.062239453,0.25436643,0.28196046,-0.18435341,-0.46603954,-0.173496,0.08465815,-0.28003812,0.086111814,0.066942714,0.16241394,0.3111862,-0.033285066,-0.31838107,0.034067046,0.15014078,0.01592119,0.1398638,-0.41111523,-0.45121148,-0.46857852,0.11860725,-0.26723018,0.1572576,-0.33188316,0.44928098,-0.2837864,-0.21029268,0.25342098,0.015486958,0.0,0,0,1,0,0,0,0,0,0,0,0,0,0,0,1,0,0,0,0,0,0,0,0,0.0,0.0,0.0,0.0
